2022/02/11-15:51:22.054038 7fcf56d78340 RocksDB version: 6.20.3
2022/02/11-15:51:22.054047 7fcf56d78340 Git sha 8608d75d85f8e1b3b64b73a4fb6d19baec61ba5c
2022/02/11-15:51:22.054048 7fcf56d78340 Compile date 2021-05-05 20:35:30
2022/02/11-15:51:22.054071 7fcf56d78340 DB SUMMARY
2022/02/11-15:51:22.054072 7fcf56d78340 DB Session ID:  QF2EOTITG08077SY7WOY
2022/02/11-15:51:22.054087 7fcf56d78340 CURRENT file:  CURRENT
2022/02/11-15:51:22.054088 7fcf56d78340 IDENTITY file:  IDENTITY
2022/02/11-15:51:22.054090 7fcf56d78340 MANIFEST file:  MANIFEST-000256 size: 951 Bytes
2022/02/11-15:51:22.054091 7fcf56d78340 SST files in ./client_db/k#0cb84c21b4827de0f5bc2405119b2db68280b6aba623888d59a1ba0ea9a8c83b dir, Total Num: 0, files: 
2022/02/11-15:51:22.054091 7fcf56d78340 Write Ahead Log file in ./client_db/k#0cb84c21b4827de0f5bc2405119b2db68280b6aba623888d59a1ba0ea9a8c83b: 000257.log size: 810 ; 
2022/02/11-15:51:22.054092 7fcf56d78340                         Options.error_if_exists: 0
2022/02/11-15:51:22.054093 7fcf56d78340                       Options.create_if_missing: 1
2022/02/11-15:51:22.054094 7fcf56d78340                         Options.paranoid_checks: 1
2022/02/11-15:51:22.054094 7fcf56d78340                               Options.track_and_verify_wals_in_manifest: 0
2022/02/11-15:51:22.054095 7fcf56d78340                                     Options.env: 0x561d55bcc420
2022/02/11-15:51:22.054095 7fcf56d78340                                      Options.fs: Posix File System
2022/02/11-15:51:22.054096 7fcf56d78340                                Options.info_log: 0x561d57a6d140
2022/02/11-15:51:22.054097 7fcf56d78340                Options.max_file_opening_threads: 16
2022/02/11-15:51:22.054097 7fcf56d78340                              Options.statistics: (nil)
2022/02/11-15:51:22.054098 7fcf56d78340                               Options.use_fsync: 0
2022/02/11-15:51:22.054099 7fcf56d78340                       Options.max_log_file_size: 0
2022/02/11-15:51:22.054099 7fcf56d78340                  Options.max_manifest_file_size: 1073741824
2022/02/11-15:51:22.054100 7fcf56d78340                   Options.log_file_time_to_roll: 0
2022/02/11-15:51:22.054100 7fcf56d78340                       Options.keep_log_file_num: 1000
2022/02/11-15:51:22.054101 7fcf56d78340                    Options.recycle_log_file_num: 0
2022/02/11-15:51:22.054101 7fcf56d78340                         Options.allow_fallocate: 1
2022/02/11-15:51:22.054102 7fcf56d78340                        Options.allow_mmap_reads: 0
2022/02/11-15:51:22.054102 7fcf56d78340                       Options.allow_mmap_writes: 0
2022/02/11-15:51:22.054102 7fcf56d78340                        Options.use_direct_reads: 0
2022/02/11-15:51:22.054103 7fcf56d78340                        Options.use_direct_io_for_flush_and_compaction: 0
2022/02/11-15:51:22.054103 7fcf56d78340          Options.create_missing_column_families: 1
2022/02/11-15:51:22.054104 7fcf56d78340                              Options.db_log_dir: 
2022/02/11-15:51:22.054104 7fcf56d78340                                 Options.wal_dir: ./client_db/k#0cb84c21b4827de0f5bc2405119b2db68280b6aba623888d59a1ba0ea9a8c83b
2022/02/11-15:51:22.054105 7fcf56d78340                Options.table_cache_numshardbits: 6
2022/02/11-15:51:22.054105 7fcf56d78340                         Options.WAL_ttl_seconds: 0
2022/02/11-15:51:22.054106 7fcf56d78340                       Options.WAL_size_limit_MB: 0
2022/02/11-15:51:22.054106 7fcf56d78340                        Options.max_write_batch_group_size_bytes: 1048576
2022/02/11-15:51:22.054107 7fcf56d78340             Options.manifest_preallocation_size: 4194304
2022/02/11-15:51:22.054107 7fcf56d78340                     Options.is_fd_close_on_exec: 1
2022/02/11-15:51:22.054108 7fcf56d78340                   Options.advise_random_on_open: 1
2022/02/11-15:51:22.054108 7fcf56d78340                    Options.db_write_buffer_size: 0
2022/02/11-15:51:22.054109 7fcf56d78340                    Options.write_buffer_manager: 0x561d57959920
2022/02/11-15:51:22.054109 7fcf56d78340         Options.access_hint_on_compaction_start: 1
2022/02/11-15:51:22.054109 7fcf56d78340  Options.new_table_reader_for_compaction_inputs: 0
2022/02/11-15:51:22.054114 7fcf56d78340           Options.random_access_max_buffer_size: 1048576
2022/02/11-15:51:22.054115 7fcf56d78340                      Options.use_adaptive_mutex: 0
2022/02/11-15:51:22.054115 7fcf56d78340                            Options.rate_limiter: (nil)
2022/02/11-15:51:22.054116 7fcf56d78340     Options.sst_file_manager.rate_bytes_per_sec: 0
2022/02/11-15:51:22.054116 7fcf56d78340                       Options.wal_recovery_mode: 2
2022/02/11-15:51:22.054117 7fcf56d78340                  Options.enable_thread_tracking: 0
2022/02/11-15:51:22.054117 7fcf56d78340                  Options.enable_pipelined_write: 0
2022/02/11-15:51:22.054118 7fcf56d78340                  Options.unordered_write: 0
2022/02/11-15:51:22.054118 7fcf56d78340         Options.allow_concurrent_memtable_write: 1
2022/02/11-15:51:22.054119 7fcf56d78340      Options.enable_write_thread_adaptive_yield: 1
2022/02/11-15:51:22.054119 7fcf56d78340             Options.write_thread_max_yield_usec: 100
2022/02/11-15:51:22.054119 7fcf56d78340            Options.write_thread_slow_yield_usec: 3
2022/02/11-15:51:22.054120 7fcf56d78340                               Options.row_cache: None
2022/02/11-15:51:22.054120 7fcf56d78340                              Options.wal_filter: None
2022/02/11-15:51:22.054121 7fcf56d78340             Options.avoid_flush_during_recovery: 0
2022/02/11-15:51:22.054121 7fcf56d78340             Options.allow_ingest_behind: 0
2022/02/11-15:51:22.054122 7fcf56d78340             Options.preserve_deletes: 0
2022/02/11-15:51:22.054122 7fcf56d78340             Options.two_write_queues: 0
2022/02/11-15:51:22.054123 7fcf56d78340             Options.manual_wal_flush: 0
2022/02/11-15:51:22.054123 7fcf56d78340             Options.atomic_flush: 0
2022/02/11-15:51:22.054124 7fcf56d78340             Options.avoid_unnecessary_blocking_io: 0
2022/02/11-15:51:22.054124 7fcf56d78340                 Options.persist_stats_to_disk: 0
2022/02/11-15:51:22.054124 7fcf56d78340                 Options.write_dbid_to_manifest: 0
2022/02/11-15:51:22.054125 7fcf56d78340                 Options.log_readahead_size: 0
2022/02/11-15:51:22.054125 7fcf56d78340                 Options.file_checksum_gen_factory: Unknown
2022/02/11-15:51:22.054126 7fcf56d78340                 Options.best_efforts_recovery: 0
2022/02/11-15:51:22.054126 7fcf56d78340                Options.max_bgerror_resume_count: 2147483647
2022/02/11-15:51:22.054127 7fcf56d78340            Options.bgerror_resume_retry_interval: 1000000
2022/02/11-15:51:22.054127 7fcf56d78340             Options.allow_data_in_errors: 0
2022/02/11-15:51:22.054128 7fcf56d78340             Options.db_host_id: __hostname__
2022/02/11-15:51:22.054128 7fcf56d78340             Options.max_background_jobs: 2
2022/02/11-15:51:22.054129 7fcf56d78340             Options.max_background_compactions: -1
2022/02/11-15:51:22.054129 7fcf56d78340             Options.max_subcompactions: 1
2022/02/11-15:51:22.054130 7fcf56d78340             Options.avoid_flush_during_shutdown: 0
2022/02/11-15:51:22.054130 7fcf56d78340           Options.writable_file_max_buffer_size: 1048576
2022/02/11-15:51:22.054130 7fcf56d78340             Options.delayed_write_rate : 16777216
2022/02/11-15:51:22.054131 7fcf56d78340             Options.max_total_wal_size: 0
2022/02/11-15:51:22.054131 7fcf56d78340             Options.delete_obsolete_files_period_micros: 21600000000
2022/02/11-15:51:22.054132 7fcf56d78340                   Options.stats_dump_period_sec: 600
2022/02/11-15:51:22.054132 7fcf56d78340                 Options.stats_persist_period_sec: 600
2022/02/11-15:51:22.054133 7fcf56d78340                 Options.stats_history_buffer_size: 1048576
2022/02/11-15:51:22.054133 7fcf56d78340                          Options.max_open_files: -1
2022/02/11-15:51:22.054134 7fcf56d78340                          Options.bytes_per_sync: 0
2022/02/11-15:51:22.054134 7fcf56d78340                      Options.wal_bytes_per_sync: 0
2022/02/11-15:51:22.054135 7fcf56d78340                   Options.strict_bytes_per_sync: 0
2022/02/11-15:51:22.054138 7fcf56d78340       Options.compaction_readahead_size: 0
2022/02/11-15:51:22.054139 7fcf56d78340                  Options.max_background_flushes: -1
2022/02/11-15:51:22.054139 7fcf56d78340 Compression algorithms supported:
2022/02/11-15:51:22.054140 7fcf56d78340 	kZSTDNotFinalCompression supported: 1
2022/02/11-15:51:22.054141 7fcf56d78340 	kZSTD supported: 1
2022/02/11-15:51:22.054141 7fcf56d78340 	kXpressCompression supported: 0
2022/02/11-15:51:22.054142 7fcf56d78340 	kLZ4HCCompression supported: 1
2022/02/11-15:51:22.054142 7fcf56d78340 	kLZ4Compression supported: 1
2022/02/11-15:51:22.054143 7fcf56d78340 	kBZip2Compression supported: 1
2022/02/11-15:51:22.054143 7fcf56d78340 	kZlibCompression supported: 1
2022/02/11-15:51:22.054144 7fcf56d78340 	kSnappyCompression supported: 1
2022/02/11-15:51:22.054144 7fcf56d78340 Fast CRC32 supported: Not supported on x86
2022/02/11-15:51:22.054163 7fcf56d78340 [db/version_set.cc:4626] Recovering from manifest file: ./client_db/k#0cb84c21b4827de0f5bc2405119b2db68280b6aba623888d59a1ba0ea9a8c83b/MANIFEST-000256
2022/02/11-15:51:22.054223 7fcf56d78340 [db/column_family.cc:596] --------------- Options for column family [default]:
2022/02/11-15:51:22.054225 7fcf56d78340               Options.comparator: leveldb.BytewiseComparator
2022/02/11-15:51:22.054225 7fcf56d78340           Options.merge_operator: None
2022/02/11-15:51:22.054226 7fcf56d78340        Options.compaction_filter: None
2022/02/11-15:51:22.054226 7fcf56d78340        Options.compaction_filter_factory: None
2022/02/11-15:51:22.054227 7fcf56d78340  Options.sst_partitioner_factory: None
2022/02/11-15:51:22.054227 7fcf56d78340         Options.memtable_factory: SkipListFactory
2022/02/11-15:51:22.054228 7fcf56d78340            Options.table_factory: BlockBasedTable
2022/02/11-15:51:22.054240 7fcf56d78340            table_factory options:   flush_block_policy_factory: FlushBlockBySizePolicyFactory (0x561d57983060)
  cache_index_and_filter_blocks: 0
  cache_index_and_filter_blocks_with_high_priority: 1
  pin_l0_filter_and_index_blocks_in_cache: 0
  pin_top_level_index_and_filter: 1
  index_type: 0
  data_block_index_type: 0
  index_shortening: 1
  data_block_hash_table_util_ratio: 0.750000
  hash_index_allow_collision: 1
  checksum: 1
  no_block_cache: 0
  block_cache: 0x561d5792f4c0
  block_cache_name: LRUCache
  block_cache_options:
    capacity : 8388608
    num_shard_bits : 4
    strict_capacity_limit : 0
    memory_allocator : None
    high_pri_pool_ratio: 0.000
  block_cache_compressed: (nil)
  persistent_cache: (nil)
  block_size: 4096
  block_size_deviation: 10
  block_restart_interval: 16
  index_block_restart_interval: 1
  metadata_block_size: 4096
  partition_filters: 0
  use_delta_encoding: 1
  filter_policy: nullptr
  whole_key_filtering: 1
  verify_compression: 0
  read_amp_bytes_per_bit: 0
  format_version: 5
  enable_index_compression: 1
  block_align: 0
2022/02/11-15:51:22.054241 7fcf56d78340        Options.write_buffer_size: 67108864
2022/02/11-15:51:22.054241 7fcf56d78340  Options.max_write_buffer_number: 2
2022/02/11-15:51:22.054242 7fcf56d78340          Options.compression: Snappy
2022/02/11-15:51:22.054243 7fcf56d78340                  Options.bottommost_compression: Disabled
2022/02/11-15:51:22.054243 7fcf56d78340       Options.prefix_extractor: nullptr
2022/02/11-15:51:22.054244 7fcf56d78340   Options.memtable_insert_with_hint_prefix_extractor: nullptr
2022/02/11-15:51:22.054244 7fcf56d78340             Options.num_levels: 7
2022/02/11-15:51:22.054244 7fcf56d78340        Options.min_write_buffer_number_to_merge: 1
2022/02/11-15:51:22.054245 7fcf56d78340     Options.max_write_buffer_number_to_maintain: 0
2022/02/11-15:51:22.054245 7fcf56d78340     Options.max_write_buffer_size_to_maintain: 0
2022/02/11-15:51:22.054246 7fcf56d78340            Options.bottommost_compression_opts.window_bits: -14
2022/02/11-15:51:22.054246 7fcf56d78340                  Options.bottommost_compression_opts.level: 32767
2022/02/11-15:51:22.054247 7fcf56d78340               Options.bottommost_compression_opts.strategy: 0
2022/02/11-15:51:22.054251 7fcf56d78340         Options.bottommost_compression_opts.max_dict_bytes: 0
2022/02/11-15:51:22.054251 7fcf56d78340         Options.bottommost_compression_opts.zstd_max_train_bytes: 0
2022/02/11-15:51:22.054252 7fcf56d78340         Options.bottommost_compression_opts.parallel_threads: 1
2022/02/11-15:51:22.054252 7fcf56d78340                  Options.bottommost_compression_opts.enabled: false
2022/02/11-15:51:22.054253 7fcf56d78340         Options.bottommost_compression_opts.max_dict_buffer_bytes: 0
2022/02/11-15:51:22.054253 7fcf56d78340            Options.compression_opts.window_bits: -14
2022/02/11-15:51:22.054254 7fcf56d78340                  Options.compression_opts.level: 32767
2022/02/11-15:51:22.054254 7fcf56d78340               Options.compression_opts.strategy: 0
2022/02/11-15:51:22.054255 7fcf56d78340         Options.compression_opts.max_dict_bytes: 0
2022/02/11-15:51:22.054255 7fcf56d78340         Options.compression_opts.zstd_max_train_bytes: 0
2022/02/11-15:51:22.054256 7fcf56d78340         Options.compression_opts.parallel_threads: 1
2022/02/11-15:51:22.054256 7fcf56d78340                  Options.compression_opts.enabled: false
2022/02/11-15:51:22.054256 7fcf56d78340         Options.compression_opts.max_dict_buffer_bytes: 0
2022/02/11-15:51:22.054257 7fcf56d78340      Options.level0_file_num_compaction_trigger: 4
2022/02/11-15:51:22.054257 7fcf56d78340          Options.level0_slowdown_writes_trigger: 20
2022/02/11-15:51:22.054258 7fcf56d78340              Options.level0_stop_writes_trigger: 36
2022/02/11-15:51:22.054258 7fcf56d78340                   Options.target_file_size_base: 67108864
2022/02/11-15:51:22.054259 7fcf56d78340             Options.target_file_size_multiplier: 1
2022/02/11-15:51:22.054259 7fcf56d78340                Options.max_bytes_for_level_base: 268435456
2022/02/11-15:51:22.054260 7fcf56d78340 Options.level_compaction_dynamic_level_bytes: 0
2022/02/11-15:51:22.054260 7fcf56d78340          Options.max_bytes_for_level_multiplier: 10.000000
2022/02/11-15:51:22.054261 7fcf56d78340 Options.max_bytes_for_level_multiplier_addtl[0]: 1
2022/02/11-15:51:22.054262 7fcf56d78340 Options.max_bytes_for_level_multiplier_addtl[1]: 1
2022/02/11-15:51:22.054262 7fcf56d78340 Options.max_bytes_for_level_multiplier_addtl[2]: 1
2022/02/11-15:51:22.054263 7fcf56d78340 Options.max_bytes_for_level_multiplier_addtl[3]: 1
2022/02/11-15:51:22.054263 7fcf56d78340 Options.max_bytes_for_level_multiplier_addtl[4]: 1
2022/02/11-15:51:22.054264 7fcf56d78340 Options.max_bytes_for_level_multiplier_addtl[5]: 1
2022/02/11-15:51:22.054264 7fcf56d78340 Options.max_bytes_for_level_multiplier_addtl[6]: 1
2022/02/11-15:51:22.054265 7fcf56d78340       Options.max_sequential_skip_in_iterations: 8
2022/02/11-15:51:22.054265 7fcf56d78340                    Options.max_compaction_bytes: 1677721600
2022/02/11-15:51:22.054266 7fcf56d78340                        Options.arena_block_size: 8388608
2022/02/11-15:51:22.054266 7fcf56d78340   Options.soft_pending_compaction_bytes_limit: 68719476736
2022/02/11-15:51:22.054267 7fcf56d78340   Options.hard_pending_compaction_bytes_limit: 274877906944
2022/02/11-15:51:22.054267 7fcf56d78340       Options.rate_limit_delay_max_milliseconds: 100
2022/02/11-15:51:22.054268 7fcf56d78340                Options.disable_auto_compactions: 0
2022/02/11-15:51:22.054269 7fcf56d78340                        Options.compaction_style: kCompactionStyleLevel
2022/02/11-15:51:22.054269 7fcf56d78340                          Options.compaction_pri: kMinOverlappingRatio
2022/02/11-15:51:22.054270 7fcf56d78340 Options.compaction_options_universal.size_ratio: 1
2022/02/11-15:51:22.054270 7fcf56d78340 Options.compaction_options_universal.min_merge_width: 2
2022/02/11-15:51:22.054271 7fcf56d78340 Options.compaction_options_universal.max_merge_width: 4294967295
2022/02/11-15:51:22.054271 7fcf56d78340 Options.compaction_options_universal.max_size_amplification_percent: 200
2022/02/11-15:51:22.054272 7fcf56d78340 Options.compaction_options_universal.compression_size_percent: -1
2022/02/11-15:51:22.054275 7fcf56d78340 Options.compaction_options_universal.stop_style: kCompactionStopStyleTotalSize
2022/02/11-15:51:22.054275 7fcf56d78340 Options.compaction_options_fifo.max_table_files_size: 1073741824
2022/02/11-15:51:22.054276 7fcf56d78340 Options.compaction_options_fifo.allow_compaction: 0
2022/02/11-15:51:22.054281 7fcf56d78340                   Options.table_properties_collectors: 
2022/02/11-15:51:22.054281 7fcf56d78340                   Options.inplace_update_support: 0
2022/02/11-15:51:22.054282 7fcf56d78340                 Options.inplace_update_num_locks: 10000
2022/02/11-15:51:22.054282 7fcf56d78340               Options.memtable_prefix_bloom_size_ratio: 0.000000
2022/02/11-15:51:22.054283 7fcf56d78340               Options.memtable_whole_key_filtering: 0
2022/02/11-15:51:22.054283 7fcf56d78340   Options.memtable_huge_page_size: 0
2022/02/11-15:51:22.054284 7fcf56d78340                           Options.bloom_locality: 0
2022/02/11-15:51:22.054284 7fcf56d78340                    Options.max_successive_merges: 0
2022/02/11-15:51:22.054285 7fcf56d78340                Options.optimize_filters_for_hits: 0
2022/02/11-15:51:22.054285 7fcf56d78340                Options.paranoid_file_checks: 0
2022/02/11-15:51:22.054286 7fcf56d78340                Options.force_consistency_checks: 1
2022/02/11-15:51:22.054286 7fcf56d78340                Options.report_bg_io_stats: 0
2022/02/11-15:51:22.054287 7fcf56d78340                               Options.ttl: 2592000
2022/02/11-15:51:22.054287 7fcf56d78340          Options.periodic_compaction_seconds: 0
2022/02/11-15:51:22.054288 7fcf56d78340                    Options.enable_blob_files: false
2022/02/11-15:51:22.054288 7fcf56d78340                        Options.min_blob_size: 0
2022/02/11-15:51:22.054288 7fcf56d78340                       Options.blob_file_size: 268435456
2022/02/11-15:51:22.054289 7fcf56d78340                Options.blob_compression_type: NoCompression
2022/02/11-15:51:22.054289 7fcf56d78340       Options.enable_blob_garbage_collection: false
2022/02/11-15:51:22.054290 7fcf56d78340   Options.blob_garbage_collection_age_cutoff: 0.250000
2022/02/11-15:51:22.054309 7fcf56d78340 [db/column_family.cc:596] --------------- Options for column family [pending_orders]:
2022/02/11-15:51:22.054310 7fcf56d78340               Options.comparator: leveldb.BytewiseComparator
2022/02/11-15:51:22.054311 7fcf56d78340           Options.merge_operator: None
2022/02/11-15:51:22.054311 7fcf56d78340        Options.compaction_filter: None
2022/02/11-15:51:22.054312 7fcf56d78340        Options.compaction_filter_factory: None
2022/02/11-15:51:22.054312 7fcf56d78340  Options.sst_partitioner_factory: None
2022/02/11-15:51:22.054312 7fcf56d78340         Options.memtable_factory: SkipListFactory
2022/02/11-15:51:22.054313 7fcf56d78340            Options.table_factory: BlockBasedTable
2022/02/11-15:51:22.054323 7fcf56d78340            table_factory options:   flush_block_policy_factory: FlushBlockBySizePolicyFactory (0x561d5796af50)
  cache_index_and_filter_blocks: 0
  cache_index_and_filter_blocks_with_high_priority: 1
  pin_l0_filter_and_index_blocks_in_cache: 0
  pin_top_level_index_and_filter: 1
  index_type: 0
  data_block_index_type: 0
  index_shortening: 1
  data_block_hash_table_util_ratio: 0.750000
  hash_index_allow_collision: 1
  checksum: 1
  no_block_cache: 0
  block_cache: 0x561d57a57750
  block_cache_name: LRUCache
  block_cache_options:
    capacity : 8388608
    num_shard_bits : 4
    strict_capacity_limit : 0
    memory_allocator : None
    high_pri_pool_ratio: 0.000
  block_cache_compressed: (nil)
  persistent_cache: (nil)
  block_size: 4096
  block_size_deviation: 10
  block_restart_interval: 16
  index_block_restart_interval: 1
  metadata_block_size: 4096
  partition_filters: 0
  use_delta_encoding: 1
  filter_policy: nullptr
  whole_key_filtering: 1
  verify_compression: 0
  read_amp_bytes_per_bit: 0
  format_version: 5
  enable_index_compression: 1
  block_align: 0
2022/02/11-15:51:22.054324 7fcf56d78340        Options.write_buffer_size: 67108864
2022/02/11-15:51:22.054327 7fcf56d78340  Options.max_write_buffer_number: 2
2022/02/11-15:51:22.054328 7fcf56d78340          Options.compression: Snappy
2022/02/11-15:51:22.054328 7fcf56d78340                  Options.bottommost_compression: Disabled
2022/02/11-15:51:22.054329 7fcf56d78340       Options.prefix_extractor: nullptr
2022/02/11-15:51:22.054329 7fcf56d78340   Options.memtable_insert_with_hint_prefix_extractor: nullptr
2022/02/11-15:51:22.054330 7fcf56d78340             Options.num_levels: 7
2022/02/11-15:51:22.054330 7fcf56d78340        Options.min_write_buffer_number_to_merge: 1
2022/02/11-15:51:22.054330 7fcf56d78340     Options.max_write_buffer_number_to_maintain: 0
2022/02/11-15:51:22.054331 7fcf56d78340     Options.max_write_buffer_size_to_maintain: 0
2022/02/11-15:51:22.054331 7fcf56d78340            Options.bottommost_compression_opts.window_bits: -14
2022/02/11-15:51:22.054332 7fcf56d78340                  Options.bottommost_compression_opts.level: 32767
2022/02/11-15:51:22.054332 7fcf56d78340               Options.bottommost_compression_opts.strategy: 0
2022/02/11-15:51:22.054333 7fcf56d78340         Options.bottommost_compression_opts.max_dict_bytes: 0
2022/02/11-15:51:22.054333 7fcf56d78340         Options.bottommost_compression_opts.zstd_max_train_bytes: 0
2022/02/11-15:51:22.054334 7fcf56d78340         Options.bottommost_compression_opts.parallel_threads: 1
2022/02/11-15:51:22.054334 7fcf56d78340                  Options.bottommost_compression_opts.enabled: false
2022/02/11-15:51:22.054335 7fcf56d78340         Options.bottommost_compression_opts.max_dict_buffer_bytes: 0
2022/02/11-15:51:22.054335 7fcf56d78340            Options.compression_opts.window_bits: -14
2022/02/11-15:51:22.054335 7fcf56d78340                  Options.compression_opts.level: 32767
2022/02/11-15:51:22.054336 7fcf56d78340               Options.compression_opts.strategy: 0
2022/02/11-15:51:22.054336 7fcf56d78340         Options.compression_opts.max_dict_bytes: 0
2022/02/11-15:51:22.054337 7fcf56d78340         Options.compression_opts.zstd_max_train_bytes: 0
2022/02/11-15:51:22.054337 7fcf56d78340         Options.compression_opts.parallel_threads: 1
2022/02/11-15:51:22.054338 7fcf56d78340                  Options.compression_opts.enabled: false
2022/02/11-15:51:22.054338 7fcf56d78340         Options.compression_opts.max_dict_buffer_bytes: 0
2022/02/11-15:51:22.054339 7fcf56d78340      Options.level0_file_num_compaction_trigger: 4
2022/02/11-15:51:22.054339 7fcf56d78340          Options.level0_slowdown_writes_trigger: 20
2022/02/11-15:51:22.054340 7fcf56d78340              Options.level0_stop_writes_trigger: 36
2022/02/11-15:51:22.054340 7fcf56d78340                   Options.target_file_size_base: 67108864
2022/02/11-15:51:22.054340 7fcf56d78340             Options.target_file_size_multiplier: 1
2022/02/11-15:51:22.054341 7fcf56d78340                Options.max_bytes_for_level_base: 268435456
2022/02/11-15:51:22.054341 7fcf56d78340 Options.level_compaction_dynamic_level_bytes: 0
2022/02/11-15:51:22.054342 7fcf56d78340          Options.max_bytes_for_level_multiplier: 10.000000
2022/02/11-15:51:22.054343 7fcf56d78340 Options.max_bytes_for_level_multiplier_addtl[0]: 1
2022/02/11-15:51:22.054343 7fcf56d78340 Options.max_bytes_for_level_multiplier_addtl[1]: 1
2022/02/11-15:51:22.054344 7fcf56d78340 Options.max_bytes_for_level_multiplier_addtl[2]: 1
2022/02/11-15:51:22.054344 7fcf56d78340 Options.max_bytes_for_level_multiplier_addtl[3]: 1
2022/02/11-15:51:22.054345 7fcf56d78340 Options.max_bytes_for_level_multiplier_addtl[4]: 1
2022/02/11-15:51:22.054345 7fcf56d78340 Options.max_bytes_for_level_multiplier_addtl[5]: 1
2022/02/11-15:51:22.054345 7fcf56d78340 Options.max_bytes_for_level_multiplier_addtl[6]: 1
2022/02/11-15:51:22.054346 7fcf56d78340       Options.max_sequential_skip_in_iterations: 8
2022/02/11-15:51:22.054346 7fcf56d78340                    Options.max_compaction_bytes: 1677721600
2022/02/11-15:51:22.054347 7fcf56d78340                        Options.arena_block_size: 8388608
2022/02/11-15:51:22.054347 7fcf56d78340   Options.soft_pending_compaction_bytes_limit: 68719476736
2022/02/11-15:51:22.054350 7fcf56d78340   Options.hard_pending_compaction_bytes_limit: 274877906944
2022/02/11-15:51:22.054351 7fcf56d78340       Options.rate_limit_delay_max_milliseconds: 100
2022/02/11-15:51:22.054352 7fcf56d78340                Options.disable_auto_compactions: 0
2022/02/11-15:51:22.054352 7fcf56d78340                        Options.compaction_style: kCompactionStyleLevel
2022/02/11-15:51:22.054353 7fcf56d78340                          Options.compaction_pri: kMinOverlappingRatio
2022/02/11-15:51:22.054353 7fcf56d78340 Options.compaction_options_universal.size_ratio: 1
2022/02/11-15:51:22.054353 7fcf56d78340 Options.compaction_options_universal.min_merge_width: 2
2022/02/11-15:51:22.054354 7fcf56d78340 Options.compaction_options_universal.max_merge_width: 4294967295
2022/02/11-15:51:22.054354 7fcf56d78340 Options.compaction_options_universal.max_size_amplification_percent: 200
2022/02/11-15:51:22.054355 7fcf56d78340 Options.compaction_options_universal.compression_size_percent: -1
2022/02/11-15:51:22.054355 7fcf56d78340 Options.compaction_options_universal.stop_style: kCompactionStopStyleTotalSize
2022/02/11-15:51:22.054356 7fcf56d78340 Options.compaction_options_fifo.max_table_files_size: 1073741824
2022/02/11-15:51:22.054356 7fcf56d78340 Options.compaction_options_fifo.allow_compaction: 0
2022/02/11-15:51:22.054357 7fcf56d78340                   Options.table_properties_collectors: 
2022/02/11-15:51:22.054358 7fcf56d78340                   Options.inplace_update_support: 0
2022/02/11-15:51:22.054358 7fcf56d78340                 Options.inplace_update_num_locks: 10000
2022/02/11-15:51:22.054359 7fcf56d78340               Options.memtable_prefix_bloom_size_ratio: 0.000000
2022/02/11-15:51:22.054359 7fcf56d78340               Options.memtable_whole_key_filtering: 0
2022/02/11-15:51:22.054360 7fcf56d78340   Options.memtable_huge_page_size: 0
2022/02/11-15:51:22.054360 7fcf56d78340                           Options.bloom_locality: 0
2022/02/11-15:51:22.054361 7fcf56d78340                    Options.max_successive_merges: 0
2022/02/11-15:51:22.054361 7fcf56d78340                Options.optimize_filters_for_hits: 0
2022/02/11-15:51:22.054362 7fcf56d78340                Options.paranoid_file_checks: 0
2022/02/11-15:51:22.054362 7fcf56d78340                Options.force_consistency_checks: 1
2022/02/11-15:51:22.054363 7fcf56d78340                Options.report_bg_io_stats: 0
2022/02/11-15:51:22.054363 7fcf56d78340                               Options.ttl: 2592000
2022/02/11-15:51:22.054363 7fcf56d78340          Options.periodic_compaction_seconds: 0
2022/02/11-15:51:22.054364 7fcf56d78340                    Options.enable_blob_files: false
2022/02/11-15:51:22.054364 7fcf56d78340                        Options.min_blob_size: 0
2022/02/11-15:51:22.054365 7fcf56d78340                       Options.blob_file_size: 268435456
2022/02/11-15:51:22.054365 7fcf56d78340                Options.blob_compression_type: NoCompression
2022/02/11-15:51:22.054366 7fcf56d78340       Options.enable_blob_garbage_collection: false
2022/02/11-15:51:22.054366 7fcf56d78340   Options.blob_garbage_collection_age_cutoff: 0.250000
2022/02/11-15:51:22.054380 7fcf56d78340 [db/column_family.cc:596] --------------- Options for column family [certificates]:
2022/02/11-15:51:22.054381 7fcf56d78340               Options.comparator: leveldb.BytewiseComparator
2022/02/11-15:51:22.054382 7fcf56d78340           Options.merge_operator: None
2022/02/11-15:51:22.054382 7fcf56d78340        Options.compaction_filter: None
2022/02/11-15:51:22.054383 7fcf56d78340        Options.compaction_filter_factory: None
2022/02/11-15:51:22.054383 7fcf56d78340  Options.sst_partitioner_factory: None
2022/02/11-15:51:22.054384 7fcf56d78340         Options.memtable_factory: SkipListFactory
2022/02/11-15:51:22.054384 7fcf56d78340            Options.table_factory: BlockBasedTable
2022/02/11-15:51:22.054393 7fcf56d78340            table_factory options:   flush_block_policy_factory: FlushBlockBySizePolicyFactory (0x561d578fd5c0)
  cache_index_and_filter_blocks: 0
  cache_index_and_filter_blocks_with_high_priority: 1
  pin_l0_filter_and_index_blocks_in_cache: 0
  pin_top_level_index_and_filter: 1
  index_type: 0
  data_block_index_type: 0
  index_shortening: 1
  data_block_hash_table_util_ratio: 0.750000
  hash_index_allow_collision: 1
  checksum: 1
  no_block_cache: 0
  block_cache: 0x561d5797dfa0
  block_cache_name: LRUCache
  block_cache_options:
    capacity : 8388608
    num_shard_bits : 4
    strict_capacity_limit : 0
    memory_allocator : None
    high_pri_pool_ratio: 0.000
  block_cache_compressed: (nil)
  persistent_cache: (nil)
  block_size: 4096
  block_size_deviation: 10
  block_restart_interval: 16
  index_block_restart_interval: 1
  metadata_block_size: 4096
  partition_filters: 0
  use_delta_encoding: 1
  filter_policy: nullptr
  whole_key_filtering: 1
  verify_compression: 0
  read_amp_bytes_per_bit: 0
  format_version: 5
  enable_index_compression: 1
  block_align: 0
2022/02/11-15:51:22.054397 7fcf56d78340        Options.write_buffer_size: 67108864
2022/02/11-15:51:22.054397 7fcf56d78340  Options.max_write_buffer_number: 2
2022/02/11-15:51:22.054398 7fcf56d78340          Options.compression: Snappy
2022/02/11-15:51:22.054398 7fcf56d78340                  Options.bottommost_compression: Disabled
2022/02/11-15:51:22.054399 7fcf56d78340       Options.prefix_extractor: nullptr
2022/02/11-15:51:22.054399 7fcf56d78340   Options.memtable_insert_with_hint_prefix_extractor: nullptr
2022/02/11-15:51:22.054399 7fcf56d78340             Options.num_levels: 7
2022/02/11-15:51:22.054400 7fcf56d78340        Options.min_write_buffer_number_to_merge: 1
2022/02/11-15:51:22.054400 7fcf56d78340     Options.max_write_buffer_number_to_maintain: 0
2022/02/11-15:51:22.054401 7fcf56d78340     Options.max_write_buffer_size_to_maintain: 0
2022/02/11-15:51:22.054401 7fcf56d78340            Options.bottommost_compression_opts.window_bits: -14
2022/02/11-15:51:22.054402 7fcf56d78340                  Options.bottommost_compression_opts.level: 32767
2022/02/11-15:51:22.054402 7fcf56d78340               Options.bottommost_compression_opts.strategy: 0
2022/02/11-15:51:22.054403 7fcf56d78340         Options.bottommost_compression_opts.max_dict_bytes: 0
2022/02/11-15:51:22.054403 7fcf56d78340         Options.bottommost_compression_opts.zstd_max_train_bytes: 0
2022/02/11-15:51:22.054403 7fcf56d78340         Options.bottommost_compression_opts.parallel_threads: 1
2022/02/11-15:51:22.054404 7fcf56d78340                  Options.bottommost_compression_opts.enabled: false
2022/02/11-15:51:22.054404 7fcf56d78340         Options.bottommost_compression_opts.max_dict_buffer_bytes: 0
2022/02/11-15:51:22.054405 7fcf56d78340            Options.compression_opts.window_bits: -14
2022/02/11-15:51:22.054405 7fcf56d78340                  Options.compression_opts.level: 32767
2022/02/11-15:51:22.054406 7fcf56d78340               Options.compression_opts.strategy: 0
2022/02/11-15:51:22.054406 7fcf56d78340         Options.compression_opts.max_dict_bytes: 0
2022/02/11-15:51:22.054407 7fcf56d78340         Options.compression_opts.zstd_max_train_bytes: 0
2022/02/11-15:51:22.054407 7fcf56d78340         Options.compression_opts.parallel_threads: 1
2022/02/11-15:51:22.054407 7fcf56d78340                  Options.compression_opts.enabled: false
2022/02/11-15:51:22.054408 7fcf56d78340         Options.compression_opts.max_dict_buffer_bytes: 0
2022/02/11-15:51:22.054408 7fcf56d78340      Options.level0_file_num_compaction_trigger: 4
2022/02/11-15:51:22.054409 7fcf56d78340          Options.level0_slowdown_writes_trigger: 20
2022/02/11-15:51:22.054409 7fcf56d78340              Options.level0_stop_writes_trigger: 36
2022/02/11-15:51:22.054410 7fcf56d78340                   Options.target_file_size_base: 67108864
2022/02/11-15:51:22.054410 7fcf56d78340             Options.target_file_size_multiplier: 1
2022/02/11-15:51:22.054411 7fcf56d78340                Options.max_bytes_for_level_base: 268435456
2022/02/11-15:51:22.054411 7fcf56d78340 Options.level_compaction_dynamic_level_bytes: 0
2022/02/11-15:51:22.054414 7fcf56d78340          Options.max_bytes_for_level_multiplier: 10.000000
2022/02/11-15:51:22.054415 7fcf56d78340 Options.max_bytes_for_level_multiplier_addtl[0]: 1
2022/02/11-15:51:22.054415 7fcf56d78340 Options.max_bytes_for_level_multiplier_addtl[1]: 1
2022/02/11-15:51:22.054416 7fcf56d78340 Options.max_bytes_for_level_multiplier_addtl[2]: 1
2022/02/11-15:51:22.054416 7fcf56d78340 Options.max_bytes_for_level_multiplier_addtl[3]: 1
2022/02/11-15:51:22.054417 7fcf56d78340 Options.max_bytes_for_level_multiplier_addtl[4]: 1
2022/02/11-15:51:22.054417 7fcf56d78340 Options.max_bytes_for_level_multiplier_addtl[5]: 1
2022/02/11-15:51:22.054418 7fcf56d78340 Options.max_bytes_for_level_multiplier_addtl[6]: 1
2022/02/11-15:51:22.054418 7fcf56d78340       Options.max_sequential_skip_in_iterations: 8
2022/02/11-15:51:22.054419 7fcf56d78340                    Options.max_compaction_bytes: 1677721600
2022/02/11-15:51:22.054419 7fcf56d78340                        Options.arena_block_size: 8388608
2022/02/11-15:51:22.054419 7fcf56d78340   Options.soft_pending_compaction_bytes_limit: 68719476736
2022/02/11-15:51:22.054420 7fcf56d78340   Options.hard_pending_compaction_bytes_limit: 274877906944
2022/02/11-15:51:22.054420 7fcf56d78340       Options.rate_limit_delay_max_milliseconds: 100
2022/02/11-15:51:22.054421 7fcf56d78340                Options.disable_auto_compactions: 0
2022/02/11-15:51:22.054421 7fcf56d78340                        Options.compaction_style: kCompactionStyleLevel
2022/02/11-15:51:22.054422 7fcf56d78340                          Options.compaction_pri: kMinOverlappingRatio
2022/02/11-15:51:22.054422 7fcf56d78340 Options.compaction_options_universal.size_ratio: 1
2022/02/11-15:51:22.054423 7fcf56d78340 Options.compaction_options_universal.min_merge_width: 2
2022/02/11-15:51:22.054423 7fcf56d78340 Options.compaction_options_universal.max_merge_width: 4294967295
2022/02/11-15:51:22.054424 7fcf56d78340 Options.compaction_options_universal.max_size_amplification_percent: 200
2022/02/11-15:51:22.054424 7fcf56d78340 Options.compaction_options_universal.compression_size_percent: -1
2022/02/11-15:51:22.054424 7fcf56d78340 Options.compaction_options_universal.stop_style: kCompactionStopStyleTotalSize
2022/02/11-15:51:22.054425 7fcf56d78340 Options.compaction_options_fifo.max_table_files_size: 1073741824
2022/02/11-15:51:22.054425 7fcf56d78340 Options.compaction_options_fifo.allow_compaction: 0
2022/02/11-15:51:22.054426 7fcf56d78340                   Options.table_properties_collectors: 
2022/02/11-15:51:22.054427 7fcf56d78340                   Options.inplace_update_support: 0
2022/02/11-15:51:22.054427 7fcf56d78340                 Options.inplace_update_num_locks: 10000
2022/02/11-15:51:22.054427 7fcf56d78340               Options.memtable_prefix_bloom_size_ratio: 0.000000
2022/02/11-15:51:22.054428 7fcf56d78340               Options.memtable_whole_key_filtering: 0
2022/02/11-15:51:22.054429 7fcf56d78340   Options.memtable_huge_page_size: 0
2022/02/11-15:51:22.054429 7fcf56d78340                           Options.bloom_locality: 0
2022/02/11-15:51:22.054429 7fcf56d78340                    Options.max_successive_merges: 0
2022/02/11-15:51:22.054430 7fcf56d78340                Options.optimize_filters_for_hits: 0
2022/02/11-15:51:22.054430 7fcf56d78340                Options.paranoid_file_checks: 0
2022/02/11-15:51:22.054431 7fcf56d78340                Options.force_consistency_checks: 1
2022/02/11-15:51:22.054431 7fcf56d78340                Options.report_bg_io_stats: 0
2022/02/11-15:51:22.054432 7fcf56d78340                               Options.ttl: 2592000
2022/02/11-15:51:22.054432 7fcf56d78340          Options.periodic_compaction_seconds: 0
2022/02/11-15:51:22.054433 7fcf56d78340                    Options.enable_blob_files: false
2022/02/11-15:51:22.054433 7fcf56d78340                        Options.min_blob_size: 0
2022/02/11-15:51:22.054433 7fcf56d78340                       Options.blob_file_size: 268435456
2022/02/11-15:51:22.054434 7fcf56d78340                Options.blob_compression_type: NoCompression
2022/02/11-15:51:22.054438 7fcf56d78340       Options.enable_blob_garbage_collection: false
2022/02/11-15:51:22.054439 7fcf56d78340   Options.blob_garbage_collection_age_cutoff: 0.250000
2022/02/11-15:51:22.054451 7fcf56d78340 [db/column_family.cc:596] --------------- Options for column family [object_certs]:
2022/02/11-15:51:22.054452 7fcf56d78340               Options.comparator: leveldb.BytewiseComparator
2022/02/11-15:51:22.054452 7fcf56d78340           Options.merge_operator: None
2022/02/11-15:51:22.054453 7fcf56d78340        Options.compaction_filter: None
2022/02/11-15:51:22.054453 7fcf56d78340        Options.compaction_filter_factory: None
2022/02/11-15:51:22.054454 7fcf56d78340  Options.sst_partitioner_factory: None
2022/02/11-15:51:22.054454 7fcf56d78340         Options.memtable_factory: SkipListFactory
2022/02/11-15:51:22.054455 7fcf56d78340            Options.table_factory: BlockBasedTable
2022/02/11-15:51:22.054464 7fcf56d78340            table_factory options:   flush_block_policy_factory: FlushBlockBySizePolicyFactory (0x561d579401f0)
  cache_index_and_filter_blocks: 0
  cache_index_and_filter_blocks_with_high_priority: 1
  pin_l0_filter_and_index_blocks_in_cache: 0
  pin_top_level_index_and_filter: 1
  index_type: 0
  data_block_index_type: 0
  index_shortening: 1
  data_block_hash_table_util_ratio: 0.750000
  hash_index_allow_collision: 1
  checksum: 1
  no_block_cache: 0
  block_cache: 0x561d57983110
  block_cache_name: LRUCache
  block_cache_options:
    capacity : 8388608
    num_shard_bits : 4
    strict_capacity_limit : 0
    memory_allocator : None
    high_pri_pool_ratio: 0.000
  block_cache_compressed: (nil)
  persistent_cache: (nil)
  block_size: 4096
  block_size_deviation: 10
  block_restart_interval: 16
  index_block_restart_interval: 1
  metadata_block_size: 4096
  partition_filters: 0
  use_delta_encoding: 1
  filter_policy: nullptr
  whole_key_filtering: 1
  verify_compression: 0
  read_amp_bytes_per_bit: 0
  format_version: 5
  enable_index_compression: 1
  block_align: 0
2022/02/11-15:51:22.054464 7fcf56d78340        Options.write_buffer_size: 67108864
2022/02/11-15:51:22.054465 7fcf56d78340  Options.max_write_buffer_number: 2
2022/02/11-15:51:22.054465 7fcf56d78340          Options.compression: Snappy
2022/02/11-15:51:22.054466 7fcf56d78340                  Options.bottommost_compression: Disabled
2022/02/11-15:51:22.054466 7fcf56d78340       Options.prefix_extractor: nullptr
2022/02/11-15:51:22.054467 7fcf56d78340   Options.memtable_insert_with_hint_prefix_extractor: nullptr
2022/02/11-15:51:22.054467 7fcf56d78340             Options.num_levels: 7
2022/02/11-15:51:22.054467 7fcf56d78340        Options.min_write_buffer_number_to_merge: 1
2022/02/11-15:51:22.054468 7fcf56d78340     Options.max_write_buffer_number_to_maintain: 0
2022/02/11-15:51:22.054468 7fcf56d78340     Options.max_write_buffer_size_to_maintain: 0
2022/02/11-15:51:22.054469 7fcf56d78340            Options.bottommost_compression_opts.window_bits: -14
