2022/02/11-15:32:39.348208 7fd8dabf0340 RocksDB version: 6.20.3
2022/02/11-15:32:39.348219 7fd8dabf0340 Git sha 8608d75d85f8e1b3b64b73a4fb6d19baec61ba5c
2022/02/11-15:32:39.348220 7fd8dabf0340 Compile date 2021-05-05 20:35:30
2022/02/11-15:32:39.348243 7fd8dabf0340 DB SUMMARY
2022/02/11-15:32:39.348244 7fd8dabf0340 DB Session ID:  2IBRSAFEXXPINGY2V48C
2022/02/11-15:32:39.348258 7fd8dabf0340 CURRENT file:  CURRENT
2022/02/11-15:32:39.348259 7fd8dabf0340 IDENTITY file:  IDENTITY
2022/02/11-15:32:39.348261 7fd8dabf0340 MANIFEST file:  MANIFEST-000061 size: 907 Bytes
2022/02/11-15:32:39.348262 7fd8dabf0340 SST files in ./client_db/k#0cb84c21b4827de0f5bc2405119b2db68280b6aba623888d59a1ba0ea9a8c83b dir, Total Num: 0, files: 
2022/02/11-15:32:39.348263 7fd8dabf0340 Write Ahead Log file in ./client_db/k#0cb84c21b4827de0f5bc2405119b2db68280b6aba623888d59a1ba0ea9a8c83b: 000062.log size: 810 ; 
2022/02/11-15:32:39.348264 7fd8dabf0340                         Options.error_if_exists: 0
2022/02/11-15:32:39.348264 7fd8dabf0340                       Options.create_if_missing: 1
2022/02/11-15:32:39.348265 7fd8dabf0340                         Options.paranoid_checks: 1
2022/02/11-15:32:39.348265 7fd8dabf0340                               Options.track_and_verify_wals_in_manifest: 0
2022/02/11-15:32:39.348266 7fd8dabf0340                                     Options.env: 0x55b88c43a420
2022/02/11-15:32:39.348267 7fd8dabf0340                                      Options.fs: Posix File System
2022/02/11-15:32:39.348268 7fd8dabf0340                                Options.info_log: 0x55b88ceb41e0
2022/02/11-15:32:39.348268 7fd8dabf0340                Options.max_file_opening_threads: 16
2022/02/11-15:32:39.348269 7fd8dabf0340                              Options.statistics: (nil)
2022/02/11-15:32:39.348269 7fd8dabf0340                               Options.use_fsync: 0
2022/02/11-15:32:39.348270 7fd8dabf0340                       Options.max_log_file_size: 0
2022/02/11-15:32:39.348270 7fd8dabf0340                  Options.max_manifest_file_size: 1073741824
2022/02/11-15:32:39.348271 7fd8dabf0340                   Options.log_file_time_to_roll: 0
2022/02/11-15:32:39.348271 7fd8dabf0340                       Options.keep_log_file_num: 1000
2022/02/11-15:32:39.348272 7fd8dabf0340                    Options.recycle_log_file_num: 0
2022/02/11-15:32:39.348272 7fd8dabf0340                         Options.allow_fallocate: 1
2022/02/11-15:32:39.348272 7fd8dabf0340                        Options.allow_mmap_reads: 0
2022/02/11-15:32:39.348273 7fd8dabf0340                       Options.allow_mmap_writes: 0
2022/02/11-15:32:39.348273 7fd8dabf0340                        Options.use_direct_reads: 0
2022/02/11-15:32:39.348274 7fd8dabf0340                        Options.use_direct_io_for_flush_and_compaction: 0
2022/02/11-15:32:39.348274 7fd8dabf0340          Options.create_missing_column_families: 1
2022/02/11-15:32:39.348275 7fd8dabf0340                              Options.db_log_dir: 
2022/02/11-15:32:39.348275 7fd8dabf0340                                 Options.wal_dir: ./client_db/k#0cb84c21b4827de0f5bc2405119b2db68280b6aba623888d59a1ba0ea9a8c83b
2022/02/11-15:32:39.348276 7fd8dabf0340                Options.table_cache_numshardbits: 6
2022/02/11-15:32:39.348276 7fd8dabf0340                         Options.WAL_ttl_seconds: 0
2022/02/11-15:32:39.348276 7fd8dabf0340                       Options.WAL_size_limit_MB: 0
2022/02/11-15:32:39.348277 7fd8dabf0340                        Options.max_write_batch_group_size_bytes: 1048576
2022/02/11-15:32:39.348277 7fd8dabf0340             Options.manifest_preallocation_size: 4194304
2022/02/11-15:32:39.348278 7fd8dabf0340                     Options.is_fd_close_on_exec: 1
2022/02/11-15:32:39.348278 7fd8dabf0340                   Options.advise_random_on_open: 1
2022/02/11-15:32:39.348279 7fd8dabf0340                    Options.db_write_buffer_size: 0
2022/02/11-15:32:39.348279 7fd8dabf0340                    Options.write_buffer_manager: 0x55b88cda5310
2022/02/11-15:32:39.348280 7fd8dabf0340         Options.access_hint_on_compaction_start: 1
2022/02/11-15:32:39.348280 7fd8dabf0340  Options.new_table_reader_for_compaction_inputs: 0
2022/02/11-15:32:39.348286 7fd8dabf0340           Options.random_access_max_buffer_size: 1048576
2022/02/11-15:32:39.348286 7fd8dabf0340                      Options.use_adaptive_mutex: 0
2022/02/11-15:32:39.348287 7fd8dabf0340                            Options.rate_limiter: (nil)
2022/02/11-15:32:39.348287 7fd8dabf0340     Options.sst_file_manager.rate_bytes_per_sec: 0
2022/02/11-15:32:39.348288 7fd8dabf0340                       Options.wal_recovery_mode: 2
2022/02/11-15:32:39.348288 7fd8dabf0340                  Options.enable_thread_tracking: 0
2022/02/11-15:32:39.348289 7fd8dabf0340                  Options.enable_pipelined_write: 0
2022/02/11-15:32:39.348289 7fd8dabf0340                  Options.unordered_write: 0
2022/02/11-15:32:39.348290 7fd8dabf0340         Options.allow_concurrent_memtable_write: 1
2022/02/11-15:32:39.348290 7fd8dabf0340      Options.enable_write_thread_adaptive_yield: 1
2022/02/11-15:32:39.348291 7fd8dabf0340             Options.write_thread_max_yield_usec: 100
2022/02/11-15:32:39.348291 7fd8dabf0340            Options.write_thread_slow_yield_usec: 3
2022/02/11-15:32:39.348291 7fd8dabf0340                               Options.row_cache: None
2022/02/11-15:32:39.348292 7fd8dabf0340                              Options.wal_filter: None
2022/02/11-15:32:39.348292 7fd8dabf0340             Options.avoid_flush_during_recovery: 0
2022/02/11-15:32:39.348293 7fd8dabf0340             Options.allow_ingest_behind: 0
2022/02/11-15:32:39.348293 7fd8dabf0340             Options.preserve_deletes: 0
2022/02/11-15:32:39.348294 7fd8dabf0340             Options.two_write_queues: 0
2022/02/11-15:32:39.348294 7fd8dabf0340             Options.manual_wal_flush: 0
2022/02/11-15:32:39.348294 7fd8dabf0340             Options.atomic_flush: 0
2022/02/11-15:32:39.348295 7fd8dabf0340             Options.avoid_unnecessary_blocking_io: 0
2022/02/11-15:32:39.348295 7fd8dabf0340                 Options.persist_stats_to_disk: 0
2022/02/11-15:32:39.348296 7fd8dabf0340                 Options.write_dbid_to_manifest: 0
2022/02/11-15:32:39.348296 7fd8dabf0340                 Options.log_readahead_size: 0
2022/02/11-15:32:39.348297 7fd8dabf0340                 Options.file_checksum_gen_factory: Unknown
2022/02/11-15:32:39.348297 7fd8dabf0340                 Options.best_efforts_recovery: 0
2022/02/11-15:32:39.348298 7fd8dabf0340                Options.max_bgerror_resume_count: 2147483647
2022/02/11-15:32:39.348298 7fd8dabf0340            Options.bgerror_resume_retry_interval: 1000000
2022/02/11-15:32:39.348299 7fd8dabf0340             Options.allow_data_in_errors: 0
2022/02/11-15:32:39.348299 7fd8dabf0340             Options.db_host_id: __hostname__
2022/02/11-15:32:39.348299 7fd8dabf0340             Options.max_background_jobs: 2
2022/02/11-15:32:39.348300 7fd8dabf0340             Options.max_background_compactions: -1
2022/02/11-15:32:39.348300 7fd8dabf0340             Options.max_subcompactions: 1
2022/02/11-15:32:39.348301 7fd8dabf0340             Options.avoid_flush_during_shutdown: 0
2022/02/11-15:32:39.348301 7fd8dabf0340           Options.writable_file_max_buffer_size: 1048576
2022/02/11-15:32:39.348302 7fd8dabf0340             Options.delayed_write_rate : 16777216
2022/02/11-15:32:39.348302 7fd8dabf0340             Options.max_total_wal_size: 0
2022/02/11-15:32:39.348303 7fd8dabf0340             Options.delete_obsolete_files_period_micros: 21600000000
2022/02/11-15:32:39.348303 7fd8dabf0340                   Options.stats_dump_period_sec: 600
2022/02/11-15:32:39.348304 7fd8dabf0340                 Options.stats_persist_period_sec: 600
2022/02/11-15:32:39.348304 7fd8dabf0340                 Options.stats_history_buffer_size: 1048576
2022/02/11-15:32:39.348305 7fd8dabf0340                          Options.max_open_files: -1
2022/02/11-15:32:39.348305 7fd8dabf0340                          Options.bytes_per_sync: 0
2022/02/11-15:32:39.348305 7fd8dabf0340                      Options.wal_bytes_per_sync: 0
2022/02/11-15:32:39.348306 7fd8dabf0340                   Options.strict_bytes_per_sync: 0
2022/02/11-15:32:39.348311 7fd8dabf0340       Options.compaction_readahead_size: 0
2022/02/11-15:32:39.348312 7fd8dabf0340                  Options.max_background_flushes: -1
2022/02/11-15:32:39.348312 7fd8dabf0340 Compression algorithms supported:
2022/02/11-15:32:39.348313 7fd8dabf0340 	kZSTDNotFinalCompression supported: 1
2022/02/11-15:32:39.348314 7fd8dabf0340 	kZSTD supported: 1
2022/02/11-15:32:39.348314 7fd8dabf0340 	kXpressCompression supported: 0
2022/02/11-15:32:39.348315 7fd8dabf0340 	kLZ4HCCompression supported: 1
2022/02/11-15:32:39.348315 7fd8dabf0340 	kLZ4Compression supported: 1
2022/02/11-15:32:39.348316 7fd8dabf0340 	kBZip2Compression supported: 1
2022/02/11-15:32:39.348316 7fd8dabf0340 	kZlibCompression supported: 1
2022/02/11-15:32:39.348317 7fd8dabf0340 	kSnappyCompression supported: 1
2022/02/11-15:32:39.348317 7fd8dabf0340 Fast CRC32 supported: Not supported on x86
2022/02/11-15:32:39.348336 7fd8dabf0340 [db/version_set.cc:4626] Recovering from manifest file: ./client_db/k#0cb84c21b4827de0f5bc2405119b2db68280b6aba623888d59a1ba0ea9a8c83b/MANIFEST-000061
2022/02/11-15:32:39.348395 7fd8dabf0340 [db/column_family.cc:596] --------------- Options for column family [default]:
2022/02/11-15:32:39.348396 7fd8dabf0340               Options.comparator: leveldb.BytewiseComparator
2022/02/11-15:32:39.348396 7fd8dabf0340           Options.merge_operator: None
2022/02/11-15:32:39.348397 7fd8dabf0340        Options.compaction_filter: None
2022/02/11-15:32:39.348397 7fd8dabf0340        Options.compaction_filter_factory: None
2022/02/11-15:32:39.348398 7fd8dabf0340  Options.sst_partitioner_factory: None
2022/02/11-15:32:39.348398 7fd8dabf0340         Options.memtable_factory: SkipListFactory
2022/02/11-15:32:39.348399 7fd8dabf0340            Options.table_factory: BlockBasedTable
2022/02/11-15:32:39.348413 7fd8dabf0340            table_factory options:   flush_block_policy_factory: FlushBlockBySizePolicyFactory (0x55b88cdcbc70)
  cache_index_and_filter_blocks: 0
  cache_index_and_filter_blocks_with_high_priority: 1
  pin_l0_filter_and_index_blocks_in_cache: 0
  pin_top_level_index_and_filter: 1
  index_type: 0
  data_block_index_type: 0
  index_shortening: 1
  data_block_hash_table_util_ratio: 0.750000
  hash_index_allow_collision: 1
  checksum: 1
  no_block_cache: 0
  block_cache: 0x55b88cdfb600
  block_cache_name: LRUCache
  block_cache_options:
    capacity : 8388608
    num_shard_bits : 4
    strict_capacity_limit : 0
    memory_allocator : None
    high_pri_pool_ratio: 0.000
  block_cache_compressed: (nil)
  persistent_cache: (nil)
  block_size: 4096
  block_size_deviation: 10
  block_restart_interval: 16
  index_block_restart_interval: 1
  metadata_block_size: 4096
  partition_filters: 0
  use_delta_encoding: 1
  filter_policy: nullptr
  whole_key_filtering: 1
  verify_compression: 0
  read_amp_bytes_per_bit: 0
  format_version: 5
  enable_index_compression: 1
  block_align: 0
2022/02/11-15:32:39.348413 7fd8dabf0340        Options.write_buffer_size: 67108864
2022/02/11-15:32:39.348414 7fd8dabf0340  Options.max_write_buffer_number: 2
2022/02/11-15:32:39.348415 7fd8dabf0340          Options.compression: Snappy
2022/02/11-15:32:39.348415 7fd8dabf0340                  Options.bottommost_compression: Disabled
2022/02/11-15:32:39.348415 7fd8dabf0340       Options.prefix_extractor: nullptr
2022/02/11-15:32:39.348416 7fd8dabf0340   Options.memtable_insert_with_hint_prefix_extractor: nullptr
2022/02/11-15:32:39.348416 7fd8dabf0340             Options.num_levels: 7
2022/02/11-15:32:39.348417 7fd8dabf0340        Options.min_write_buffer_number_to_merge: 1
2022/02/11-15:32:39.348417 7fd8dabf0340     Options.max_write_buffer_number_to_maintain: 0
2022/02/11-15:32:39.348418 7fd8dabf0340     Options.max_write_buffer_size_to_maintain: 0
2022/02/11-15:32:39.348418 7fd8dabf0340            Options.bottommost_compression_opts.window_bits: -14
2022/02/11-15:32:39.348419 7fd8dabf0340                  Options.bottommost_compression_opts.level: 32767
2022/02/11-15:32:39.348419 7fd8dabf0340               Options.bottommost_compression_opts.strategy: 0
2022/02/11-15:32:39.348423 7fd8dabf0340         Options.bottommost_compression_opts.max_dict_bytes: 0
2022/02/11-15:32:39.348424 7fd8dabf0340         Options.bottommost_compression_opts.zstd_max_train_bytes: 0
2022/02/11-15:32:39.348425 7fd8dabf0340         Options.bottommost_compression_opts.parallel_threads: 1
2022/02/11-15:32:39.348425 7fd8dabf0340                  Options.bottommost_compression_opts.enabled: false
2022/02/11-15:32:39.348426 7fd8dabf0340         Options.bottommost_compression_opts.max_dict_buffer_bytes: 0
2022/02/11-15:32:39.348426 7fd8dabf0340            Options.compression_opts.window_bits: -14
2022/02/11-15:32:39.348426 7fd8dabf0340                  Options.compression_opts.level: 32767
2022/02/11-15:32:39.348427 7fd8dabf0340               Options.compression_opts.strategy: 0
2022/02/11-15:32:39.348427 7fd8dabf0340         Options.compression_opts.max_dict_bytes: 0
2022/02/11-15:32:39.348428 7fd8dabf0340         Options.compression_opts.zstd_max_train_bytes: 0
2022/02/11-15:32:39.348428 7fd8dabf0340         Options.compression_opts.parallel_threads: 1
2022/02/11-15:32:39.348429 7fd8dabf0340                  Options.compression_opts.enabled: false
2022/02/11-15:32:39.348429 7fd8dabf0340         Options.compression_opts.max_dict_buffer_bytes: 0
2022/02/11-15:32:39.348430 7fd8dabf0340      Options.level0_file_num_compaction_trigger: 4
2022/02/11-15:32:39.348430 7fd8dabf0340          Options.level0_slowdown_writes_trigger: 20
2022/02/11-15:32:39.348430 7fd8dabf0340              Options.level0_stop_writes_trigger: 36
2022/02/11-15:32:39.348431 7fd8dabf0340                   Options.target_file_size_base: 67108864
2022/02/11-15:32:39.348431 7fd8dabf0340             Options.target_file_size_multiplier: 1
2022/02/11-15:32:39.348432 7fd8dabf0340                Options.max_bytes_for_level_base: 268435456
2022/02/11-15:32:39.348432 7fd8dabf0340 Options.level_compaction_dynamic_level_bytes: 0
2022/02/11-15:32:39.348433 7fd8dabf0340          Options.max_bytes_for_level_multiplier: 10.000000
2022/02/11-15:32:39.348434 7fd8dabf0340 Options.max_bytes_for_level_multiplier_addtl[0]: 1
2022/02/11-15:32:39.348435 7fd8dabf0340 Options.max_bytes_for_level_multiplier_addtl[1]: 1
2022/02/11-15:32:39.348435 7fd8dabf0340 Options.max_bytes_for_level_multiplier_addtl[2]: 1
2022/02/11-15:32:39.348436 7fd8dabf0340 Options.max_bytes_for_level_multiplier_addtl[3]: 1
2022/02/11-15:32:39.348436 7fd8dabf0340 Options.max_bytes_for_level_multiplier_addtl[4]: 1
2022/02/11-15:32:39.348436 7fd8dabf0340 Options.max_bytes_for_level_multiplier_addtl[5]: 1
2022/02/11-15:32:39.348437 7fd8dabf0340 Options.max_bytes_for_level_multiplier_addtl[6]: 1
2022/02/11-15:32:39.348437 7fd8dabf0340       Options.max_sequential_skip_in_iterations: 8
2022/02/11-15:32:39.348438 7fd8dabf0340                    Options.max_compaction_bytes: 1677721600
2022/02/11-15:32:39.348438 7fd8dabf0340                        Options.arena_block_size: 8388608
2022/02/11-15:32:39.348439 7fd8dabf0340   Options.soft_pending_compaction_bytes_limit: 68719476736
2022/02/11-15:32:39.348439 7fd8dabf0340   Options.hard_pending_compaction_bytes_limit: 274877906944
2022/02/11-15:32:39.348440 7fd8dabf0340       Options.rate_limit_delay_max_milliseconds: 100
2022/02/11-15:32:39.348440 7fd8dabf0340                Options.disable_auto_compactions: 0
2022/02/11-15:32:39.348441 7fd8dabf0340                        Options.compaction_style: kCompactionStyleLevel
2022/02/11-15:32:39.348442 7fd8dabf0340                          Options.compaction_pri: kMinOverlappingRatio
2022/02/11-15:32:39.348442 7fd8dabf0340 Options.compaction_options_universal.size_ratio: 1
2022/02/11-15:32:39.348443 7fd8dabf0340 Options.compaction_options_universal.min_merge_width: 2
2022/02/11-15:32:39.348443 7fd8dabf0340 Options.compaction_options_universal.max_merge_width: 4294967295
2022/02/11-15:32:39.348444 7fd8dabf0340 Options.compaction_options_universal.max_size_amplification_percent: 200
2022/02/11-15:32:39.348444 7fd8dabf0340 Options.compaction_options_universal.compression_size_percent: -1
2022/02/11-15:32:39.348447 7fd8dabf0340 Options.compaction_options_universal.stop_style: kCompactionStopStyleTotalSize
2022/02/11-15:32:39.348448 7fd8dabf0340 Options.compaction_options_fifo.max_table_files_size: 1073741824
2022/02/11-15:32:39.348448 7fd8dabf0340 Options.compaction_options_fifo.allow_compaction: 0
2022/02/11-15:32:39.348453 7fd8dabf0340                   Options.table_properties_collectors: 
2022/02/11-15:32:39.348454 7fd8dabf0340                   Options.inplace_update_support: 0
2022/02/11-15:32:39.348454 7fd8dabf0340                 Options.inplace_update_num_locks: 10000
2022/02/11-15:32:39.348455 7fd8dabf0340               Options.memtable_prefix_bloom_size_ratio: 0.000000
2022/02/11-15:32:39.348455 7fd8dabf0340               Options.memtable_whole_key_filtering: 0
2022/02/11-15:32:39.348456 7fd8dabf0340   Options.memtable_huge_page_size: 0
2022/02/11-15:32:39.348456 7fd8dabf0340                           Options.bloom_locality: 0
2022/02/11-15:32:39.348457 7fd8dabf0340                    Options.max_successive_merges: 0
2022/02/11-15:32:39.348457 7fd8dabf0340                Options.optimize_filters_for_hits: 0
2022/02/11-15:32:39.348458 7fd8dabf0340                Options.paranoid_file_checks: 0
2022/02/11-15:32:39.348458 7fd8dabf0340                Options.force_consistency_checks: 1
2022/02/11-15:32:39.348458 7fd8dabf0340                Options.report_bg_io_stats: 0
2022/02/11-15:32:39.348459 7fd8dabf0340                               Options.ttl: 2592000
2022/02/11-15:32:39.348459 7fd8dabf0340          Options.periodic_compaction_seconds: 0
2022/02/11-15:32:39.348460 7fd8dabf0340                    Options.enable_blob_files: false
2022/02/11-15:32:39.348460 7fd8dabf0340                        Options.min_blob_size: 0
2022/02/11-15:32:39.348461 7fd8dabf0340                       Options.blob_file_size: 268435456
2022/02/11-15:32:39.348461 7fd8dabf0340                Options.blob_compression_type: NoCompression
2022/02/11-15:32:39.348462 7fd8dabf0340       Options.enable_blob_garbage_collection: false
2022/02/11-15:32:39.348462 7fd8dabf0340   Options.blob_garbage_collection_age_cutoff: 0.250000
2022/02/11-15:32:39.348484 7fd8dabf0340 [db/column_family.cc:596] --------------- Options for column family [pending_orders]:
2022/02/11-15:32:39.348485 7fd8dabf0340               Options.comparator: leveldb.BytewiseComparator
2022/02/11-15:32:39.348485 7fd8dabf0340           Options.merge_operator: None
2022/02/11-15:32:39.348486 7fd8dabf0340        Options.compaction_filter: None
2022/02/11-15:32:39.348486 7fd8dabf0340        Options.compaction_filter_factory: None
2022/02/11-15:32:39.348487 7fd8dabf0340  Options.sst_partitioner_factory: None
2022/02/11-15:32:39.348487 7fd8dabf0340         Options.memtable_factory: SkipListFactory
2022/02/11-15:32:39.348488 7fd8dabf0340            Options.table_factory: BlockBasedTable
2022/02/11-15:32:39.348497 7fd8dabf0340            table_factory options:   flush_block_policy_factory: FlushBlockBySizePolicyFactory (0x55b88cdcfc80)
  cache_index_and_filter_blocks: 0
  cache_index_and_filter_blocks_with_high_priority: 1
  pin_l0_filter_and_index_blocks_in_cache: 0
  pin_top_level_index_and_filter: 1
  index_type: 0
  data_block_index_type: 0
  index_shortening: 1
  data_block_hash_table_util_ratio: 0.750000
  hash_index_allow_collision: 1
  checksum: 1
  no_block_cache: 0
  block_cache: 0x55b88cdcb070
  block_cache_name: LRUCache
  block_cache_options:
    capacity : 8388608
    num_shard_bits : 4
    strict_capacity_limit : 0
    memory_allocator : None
    high_pri_pool_ratio: 0.000
  block_cache_compressed: (nil)
  persistent_cache: (nil)
  block_size: 4096
  block_size_deviation: 10
  block_restart_interval: 16
  index_block_restart_interval: 1
  metadata_block_size: 4096
  partition_filters: 0
  use_delta_encoding: 1
  filter_policy: nullptr
  whole_key_filtering: 1
  verify_compression: 0
  read_amp_bytes_per_bit: 0
  format_version: 5
  enable_index_compression: 1
  block_align: 0
2022/02/11-15:32:39.348498 7fd8dabf0340        Options.write_buffer_size: 67108864
2022/02/11-15:32:39.348501 7fd8dabf0340  Options.max_write_buffer_number: 2
2022/02/11-15:32:39.348502 7fd8dabf0340          Options.compression: Snappy
2022/02/11-15:32:39.348502 7fd8dabf0340                  Options.bottommost_compression: Disabled
2022/02/11-15:32:39.348503 7fd8dabf0340       Options.prefix_extractor: nullptr
2022/02/11-15:32:39.348503 7fd8dabf0340   Options.memtable_insert_with_hint_prefix_extractor: nullptr
2022/02/11-15:32:39.348504 7fd8dabf0340             Options.num_levels: 7
2022/02/11-15:32:39.348504 7fd8dabf0340        Options.min_write_buffer_number_to_merge: 1
2022/02/11-15:32:39.348505 7fd8dabf0340     Options.max_write_buffer_number_to_maintain: 0
2022/02/11-15:32:39.348505 7fd8dabf0340     Options.max_write_buffer_size_to_maintain: 0
2022/02/11-15:32:39.348506 7fd8dabf0340            Options.bottommost_compression_opts.window_bits: -14
2022/02/11-15:32:39.348506 7fd8dabf0340                  Options.bottommost_compression_opts.level: 32767
2022/02/11-15:32:39.348507 7fd8dabf0340               Options.bottommost_compression_opts.strategy: 0
2022/02/11-15:32:39.348507 7fd8dabf0340         Options.bottommost_compression_opts.max_dict_bytes: 0
2022/02/11-15:32:39.348507 7fd8dabf0340         Options.bottommost_compression_opts.zstd_max_train_bytes: 0
2022/02/11-15:32:39.348508 7fd8dabf0340         Options.bottommost_compression_opts.parallel_threads: 1
2022/02/11-15:32:39.348508 7fd8dabf0340                  Options.bottommost_compression_opts.enabled: false
2022/02/11-15:32:39.348509 7fd8dabf0340         Options.bottommost_compression_opts.max_dict_buffer_bytes: 0
2022/02/11-15:32:39.348509 7fd8dabf0340            Options.compression_opts.window_bits: -14
2022/02/11-15:32:39.348510 7fd8dabf0340                  Options.compression_opts.level: 32767
2022/02/11-15:32:39.348510 7fd8dabf0340               Options.compression_opts.strategy: 0
2022/02/11-15:32:39.348510 7fd8dabf0340         Options.compression_opts.max_dict_bytes: 0
2022/02/11-15:32:39.348511 7fd8dabf0340         Options.compression_opts.zstd_max_train_bytes: 0
2022/02/11-15:32:39.348511 7fd8dabf0340         Options.compression_opts.parallel_threads: 1
2022/02/11-15:32:39.348512 7fd8dabf0340                  Options.compression_opts.enabled: false
2022/02/11-15:32:39.348512 7fd8dabf0340         Options.compression_opts.max_dict_buffer_bytes: 0
2022/02/11-15:32:39.348513 7fd8dabf0340      Options.level0_file_num_compaction_trigger: 4
2022/02/11-15:32:39.348513 7fd8dabf0340          Options.level0_slowdown_writes_trigger: 20
2022/02/11-15:32:39.348514 7fd8dabf0340              Options.level0_stop_writes_trigger: 36
2022/02/11-15:32:39.348514 7fd8dabf0340                   Options.target_file_size_base: 67108864
2022/02/11-15:32:39.348514 7fd8dabf0340             Options.target_file_size_multiplier: 1
2022/02/11-15:32:39.348515 7fd8dabf0340                Options.max_bytes_for_level_base: 268435456
2022/02/11-15:32:39.348515 7fd8dabf0340 Options.level_compaction_dynamic_level_bytes: 0
2022/02/11-15:32:39.348516 7fd8dabf0340          Options.max_bytes_for_level_multiplier: 10.000000
2022/02/11-15:32:39.348517 7fd8dabf0340 Options.max_bytes_for_level_multiplier_addtl[0]: 1
2022/02/11-15:32:39.348517 7fd8dabf0340 Options.max_bytes_for_level_multiplier_addtl[1]: 1
2022/02/11-15:32:39.348518 7fd8dabf0340 Options.max_bytes_for_level_multiplier_addtl[2]: 1
2022/02/11-15:32:39.348518 7fd8dabf0340 Options.max_bytes_for_level_multiplier_addtl[3]: 1
2022/02/11-15:32:39.348518 7fd8dabf0340 Options.max_bytes_for_level_multiplier_addtl[4]: 1
2022/02/11-15:32:39.348519 7fd8dabf0340 Options.max_bytes_for_level_multiplier_addtl[5]: 1
2022/02/11-15:32:39.348519 7fd8dabf0340 Options.max_bytes_for_level_multiplier_addtl[6]: 1
2022/02/11-15:32:39.348520 7fd8dabf0340       Options.max_sequential_skip_in_iterations: 8
2022/02/11-15:32:39.348520 7fd8dabf0340                    Options.max_compaction_bytes: 1677721600
2022/02/11-15:32:39.348521 7fd8dabf0340                        Options.arena_block_size: 8388608
2022/02/11-15:32:39.348521 7fd8dabf0340   Options.soft_pending_compaction_bytes_limit: 68719476736
2022/02/11-15:32:39.348525 7fd8dabf0340   Options.hard_pending_compaction_bytes_limit: 274877906944
2022/02/11-15:32:39.348525 7fd8dabf0340       Options.rate_limit_delay_max_milliseconds: 100
2022/02/11-15:32:39.348526 7fd8dabf0340                Options.disable_auto_compactions: 0
2022/02/11-15:32:39.348526 7fd8dabf0340                        Options.compaction_style: kCompactionStyleLevel
2022/02/11-15:32:39.348527 7fd8dabf0340                          Options.compaction_pri: kMinOverlappingRatio
2022/02/11-15:32:39.348527 7fd8dabf0340 Options.compaction_options_universal.size_ratio: 1
2022/02/11-15:32:39.348528 7fd8dabf0340 Options.compaction_options_universal.min_merge_width: 2
2022/02/11-15:32:39.348528 7fd8dabf0340 Options.compaction_options_universal.max_merge_width: 4294967295
2022/02/11-15:32:39.348529 7fd8dabf0340 Options.compaction_options_universal.max_size_amplification_percent: 200
2022/02/11-15:32:39.348529 7fd8dabf0340 Options.compaction_options_universal.compression_size_percent: -1
2022/02/11-15:32:39.348530 7fd8dabf0340 Options.compaction_options_universal.stop_style: kCompactionStopStyleTotalSize
2022/02/11-15:32:39.348530 7fd8dabf0340 Options.compaction_options_fifo.max_table_files_size: 1073741824
2022/02/11-15:32:39.348531 7fd8dabf0340 Options.compaction_options_fifo.allow_compaction: 0
2022/02/11-15:32:39.348531 7fd8dabf0340                   Options.table_properties_collectors: 
2022/02/11-15:32:39.348532 7fd8dabf0340                   Options.inplace_update_support: 0
2022/02/11-15:32:39.348532 7fd8dabf0340                 Options.inplace_update_num_locks: 10000
2022/02/11-15:32:39.348533 7fd8dabf0340               Options.memtable_prefix_bloom_size_ratio: 0.000000
2022/02/11-15:32:39.348534 7fd8dabf0340               Options.memtable_whole_key_filtering: 0
2022/02/11-15:32:39.348534 7fd8dabf0340   Options.memtable_huge_page_size: 0
2022/02/11-15:32:39.348534 7fd8dabf0340                           Options.bloom_locality: 0
2022/02/11-15:32:39.348535 7fd8dabf0340                    Options.max_successive_merges: 0
2022/02/11-15:32:39.348535 7fd8dabf0340                Options.optimize_filters_for_hits: 0
2022/02/11-15:32:39.348536 7fd8dabf0340                Options.paranoid_file_checks: 0
2022/02/11-15:32:39.348536 7fd8dabf0340                Options.force_consistency_checks: 1
2022/02/11-15:32:39.348537 7fd8dabf0340                Options.report_bg_io_stats: 0
2022/02/11-15:32:39.348537 7fd8dabf0340                               Options.ttl: 2592000
2022/02/11-15:32:39.348537 7fd8dabf0340          Options.periodic_compaction_seconds: 0
2022/02/11-15:32:39.348538 7fd8dabf0340                    Options.enable_blob_files: false
2022/02/11-15:32:39.348538 7fd8dabf0340                        Options.min_blob_size: 0
2022/02/11-15:32:39.348539 7fd8dabf0340                       Options.blob_file_size: 268435456
2022/02/11-15:32:39.348539 7fd8dabf0340                Options.blob_compression_type: NoCompression
2022/02/11-15:32:39.348540 7fd8dabf0340       Options.enable_blob_garbage_collection: false
2022/02/11-15:32:39.348540 7fd8dabf0340   Options.blob_garbage_collection_age_cutoff: 0.250000
2022/02/11-15:32:39.348553 7fd8dabf0340 [db/column_family.cc:596] --------------- Options for column family [certificates]:
2022/02/11-15:32:39.348554 7fd8dabf0340               Options.comparator: leveldb.BytewiseComparator
2022/02/11-15:32:39.348554 7fd8dabf0340           Options.merge_operator: None
2022/02/11-15:32:39.348555 7fd8dabf0340        Options.compaction_filter: None
2022/02/11-15:32:39.348555 7fd8dabf0340        Options.compaction_filter_factory: None
2022/02/11-15:32:39.348556 7fd8dabf0340  Options.sst_partitioner_factory: None
2022/02/11-15:32:39.348556 7fd8dabf0340         Options.memtable_factory: SkipListFactory
2022/02/11-15:32:39.348557 7fd8dabf0340            Options.table_factory: BlockBasedTable
2022/02/11-15:32:39.348565 7fd8dabf0340            table_factory options:   flush_block_policy_factory: FlushBlockBySizePolicyFactory (0x55b88cddb660)
  cache_index_and_filter_blocks: 0
  cache_index_and_filter_blocks_with_high_priority: 1
  pin_l0_filter_and_index_blocks_in_cache: 0
  pin_top_level_index_and_filter: 1
  index_type: 0
  data_block_index_type: 0
  index_shortening: 1
  data_block_hash_table_util_ratio: 0.750000
  hash_index_allow_collision: 1
  checksum: 1
  no_block_cache: 0
  block_cache: 0x55b88ccca5c0
  block_cache_name: LRUCache
  block_cache_options:
    capacity : 8388608
    num_shard_bits : 4
    strict_capacity_limit : 0
    memory_allocator : None
    high_pri_pool_ratio: 0.000
  block_cache_compressed: (nil)
  persistent_cache: (nil)
  block_size: 4096
  block_size_deviation: 10
  block_restart_interval: 16
  index_block_restart_interval: 1
  metadata_block_size: 4096
  partition_filters: 0
  use_delta_encoding: 1
  filter_policy: nullptr
  whole_key_filtering: 1
  verify_compression: 0
  read_amp_bytes_per_bit: 0
  format_version: 5
  enable_index_compression: 1
  block_align: 0
2022/02/11-15:32:39.348568 7fd8dabf0340        Options.write_buffer_size: 67108864
2022/02/11-15:32:39.348569 7fd8dabf0340  Options.max_write_buffer_number: 2
2022/02/11-15:32:39.348569 7fd8dabf0340          Options.compression: Snappy
2022/02/11-15:32:39.348570 7fd8dabf0340                  Options.bottommost_compression: Disabled
2022/02/11-15:32:39.348570 7fd8dabf0340       Options.prefix_extractor: nullptr
2022/02/11-15:32:39.348571 7fd8dabf0340   Options.memtable_insert_with_hint_prefix_extractor: nullptr
2022/02/11-15:32:39.348571 7fd8dabf0340             Options.num_levels: 7
2022/02/11-15:32:39.348572 7fd8dabf0340        Options.min_write_buffer_number_to_merge: 1
2022/02/11-15:32:39.348572 7fd8dabf0340     Options.max_write_buffer_number_to_maintain: 0
2022/02/11-15:32:39.348573 7fd8dabf0340     Options.max_write_buffer_size_to_maintain: 0
2022/02/11-15:32:39.348573 7fd8dabf0340            Options.bottommost_compression_opts.window_bits: -14
2022/02/11-15:32:39.348574 7fd8dabf0340                  Options.bottommost_compression_opts.level: 32767
2022/02/11-15:32:39.348574 7fd8dabf0340               Options.bottommost_compression_opts.strategy: 0
2022/02/11-15:32:39.348575 7fd8dabf0340         Options.bottommost_compression_opts.max_dict_bytes: 0
2022/02/11-15:32:39.348575 7fd8dabf0340         Options.bottommost_compression_opts.zstd_max_train_bytes: 0
2022/02/11-15:32:39.348575 7fd8dabf0340         Options.bottommost_compression_opts.parallel_threads: 1
2022/02/11-15:32:39.348576 7fd8dabf0340                  Options.bottommost_compression_opts.enabled: false
2022/02/11-15:32:39.348576 7fd8dabf0340         Options.bottommost_compression_opts.max_dict_buffer_bytes: 0
2022/02/11-15:32:39.348577 7fd8dabf0340            Options.compression_opts.window_bits: -14
2022/02/11-15:32:39.348577 7fd8dabf0340                  Options.compression_opts.level: 32767
2022/02/11-15:32:39.348578 7fd8dabf0340               Options.compression_opts.strategy: 0
2022/02/11-15:32:39.348578 7fd8dabf0340         Options.compression_opts.max_dict_bytes: 0
2022/02/11-15:32:39.348578 7fd8dabf0340         Options.compression_opts.zstd_max_train_bytes: 0
2022/02/11-15:32:39.348579 7fd8dabf0340         Options.compression_opts.parallel_threads: 1
2022/02/11-15:32:39.348579 7fd8dabf0340                  Options.compression_opts.enabled: false
2022/02/11-15:32:39.348580 7fd8dabf0340         Options.compression_opts.max_dict_buffer_bytes: 0
2022/02/11-15:32:39.348580 7fd8dabf0340      Options.level0_file_num_compaction_trigger: 4
2022/02/11-15:32:39.348581 7fd8dabf0340          Options.level0_slowdown_writes_trigger: 20
2022/02/11-15:32:39.348581 7fd8dabf0340              Options.level0_stop_writes_trigger: 36
2022/02/11-15:32:39.348582 7fd8dabf0340                   Options.target_file_size_base: 67108864
2022/02/11-15:32:39.348582 7fd8dabf0340             Options.target_file_size_multiplier: 1
2022/02/11-15:32:39.348582 7fd8dabf0340                Options.max_bytes_for_level_base: 268435456
2022/02/11-15:32:39.348583 7fd8dabf0340 Options.level_compaction_dynamic_level_bytes: 0
2022/02/11-15:32:39.348586 7fd8dabf0340          Options.max_bytes_for_level_multiplier: 10.000000
2022/02/11-15:32:39.348587 7fd8dabf0340 Options.max_bytes_for_level_multiplier_addtl[0]: 1
2022/02/11-15:32:39.348587 7fd8dabf0340 Options.max_bytes_for_level_multiplier_addtl[1]: 1
2022/02/11-15:32:39.348588 7fd8dabf0340 Options.max_bytes_for_level_multiplier_addtl[2]: 1
2022/02/11-15:32:39.348588 7fd8dabf0340 Options.max_bytes_for_level_multiplier_addtl[3]: 1
2022/02/11-15:32:39.348589 7fd8dabf0340 Options.max_bytes_for_level_multiplier_addtl[4]: 1
2022/02/11-15:32:39.348589 7fd8dabf0340 Options.max_bytes_for_level_multiplier_addtl[5]: 1
2022/02/11-15:32:39.348589 7fd8dabf0340 Options.max_bytes_for_level_multiplier_addtl[6]: 1
2022/02/11-15:32:39.348590 7fd8dabf0340       Options.max_sequential_skip_in_iterations: 8
2022/02/11-15:32:39.348590 7fd8dabf0340                    Options.max_compaction_bytes: 1677721600
2022/02/11-15:32:39.348591 7fd8dabf0340                        Options.arena_block_size: 8388608
2022/02/11-15:32:39.348591 7fd8dabf0340   Options.soft_pending_compaction_bytes_limit: 68719476736
2022/02/11-15:32:39.348592 7fd8dabf0340   Options.hard_pending_compaction_bytes_limit: 274877906944
2022/02/11-15:32:39.348592 7fd8dabf0340       Options.rate_limit_delay_max_milliseconds: 100
2022/02/11-15:32:39.348593 7fd8dabf0340                Options.disable_auto_compactions: 0
2022/02/11-15:32:39.348593 7fd8dabf0340                        Options.compaction_style: kCompactionStyleLevel
2022/02/11-15:32:39.348594 7fd8dabf0340                          Options.compaction_pri: kMinOverlappingRatio
2022/02/11-15:32:39.348594 7fd8dabf0340 Options.compaction_options_universal.size_ratio: 1
2022/02/11-15:32:39.348595 7fd8dabf0340 Options.compaction_options_universal.min_merge_width: 2
2022/02/11-15:32:39.348595 7fd8dabf0340 Options.compaction_options_universal.max_merge_width: 4294967295
2022/02/11-15:32:39.348595 7fd8dabf0340 Options.compaction_options_universal.max_size_amplification_percent: 200
2022/02/11-15:32:39.348596 7fd8dabf0340 Options.compaction_options_universal.compression_size_percent: -1
2022/02/11-15:32:39.348596 7fd8dabf0340 Options.compaction_options_universal.stop_style: kCompactionStopStyleTotalSize
2022/02/11-15:32:39.348597 7fd8dabf0340 Options.compaction_options_fifo.max_table_files_size: 1073741824
2022/02/11-15:32:39.348597 7fd8dabf0340 Options.compaction_options_fifo.allow_compaction: 0
2022/02/11-15:32:39.348598 7fd8dabf0340                   Options.table_properties_collectors: 
2022/02/11-15:32:39.348599 7fd8dabf0340                   Options.inplace_update_support: 0
2022/02/11-15:32:39.348599 7fd8dabf0340                 Options.inplace_update_num_locks: 10000
2022/02/11-15:32:39.348600 7fd8dabf0340               Options.memtable_prefix_bloom_size_ratio: 0.000000
2022/02/11-15:32:39.348600 7fd8dabf0340               Options.memtable_whole_key_filtering: 0
2022/02/11-15:32:39.348601 7fd8dabf0340   Options.memtable_huge_page_size: 0
2022/02/11-15:32:39.348601 7fd8dabf0340                           Options.bloom_locality: 0
2022/02/11-15:32:39.348601 7fd8dabf0340                    Options.max_successive_merges: 0
2022/02/11-15:32:39.348602 7fd8dabf0340                Options.optimize_filters_for_hits: 0
2022/02/11-15:32:39.348602 7fd8dabf0340                Options.paranoid_file_checks: 0
2022/02/11-15:32:39.348603 7fd8dabf0340                Options.force_consistency_checks: 1
2022/02/11-15:32:39.348603 7fd8dabf0340                Options.report_bg_io_stats: 0
2022/02/11-15:32:39.348604 7fd8dabf0340                               Options.ttl: 2592000
2022/02/11-15:32:39.348604 7fd8dabf0340          Options.periodic_compaction_seconds: 0
2022/02/11-15:32:39.348604 7fd8dabf0340                    Options.enable_blob_files: false
2022/02/11-15:32:39.348605 7fd8dabf0340                        Options.min_blob_size: 0
2022/02/11-15:32:39.348605 7fd8dabf0340                       Options.blob_file_size: 268435456
2022/02/11-15:32:39.348606 7fd8dabf0340                Options.blob_compression_type: NoCompression
2022/02/11-15:32:39.348609 7fd8dabf0340       Options.enable_blob_garbage_collection: false
2022/02/11-15:32:39.348609 7fd8dabf0340   Options.blob_garbage_collection_age_cutoff: 0.250000
2022/02/11-15:32:39.348623 7fd8dabf0340 [db/column_family.cc:596] --------------- Options for column family [object_certs]:
2022/02/11-15:32:39.348624 7fd8dabf0340               Options.comparator: leveldb.BytewiseComparator
2022/02/11-15:32:39.348625 7fd8dabf0340           Options.merge_operator: None
2022/02/11-15:32:39.348625 7fd8dabf0340        Options.compaction_filter: None
2022/02/11-15:32:39.348625 7fd8dabf0340        Options.compaction_filter_factory: None
2022/02/11-15:32:39.348626 7fd8dabf0340  Options.sst_partitioner_factory: None
2022/02/11-15:32:39.348626 7fd8dabf0340         Options.memtable_factory: SkipListFactory
2022/02/11-15:32:39.348627 7fd8dabf0340            Options.table_factory: BlockBasedTable
2022/02/11-15:32:39.348634 7fd8dabf0340            table_factory options:   flush_block_policy_factory: FlushBlockBySizePolicyFactory (0x55b88cdd4390)
  cache_index_and_filter_blocks: 0
  cache_index_and_filter_blocks_with_high_priority: 1
  pin_l0_filter_and_index_blocks_in_cache: 0
  pin_top_level_index_and_filter: 1
  index_type: 0
  data_block_index_type: 0
  index_shortening: 1
  data_block_hash_table_util_ratio: 0.750000
  hash_index_allow_collision: 1
  checksum: 1
  no_block_cache: 0
  block_cache: 0x55b88cd445a0
  block_cache_name: LRUCache
  block_cache_options:
    capacity : 8388608
    num_shard_bits : 4
    strict_capacity_limit : 0
    memory_allocator : None
    high_pri_pool_ratio: 0.000
  block_cache_compressed: (nil)
  persistent_cache: (nil)
  block_size: 4096
  block_size_deviation: 10
  block_restart_interval: 16
  index_block_restart_interval: 1
  metadata_block_size: 4096
  partition_filters: 0
  use_delta_encoding: 1
  filter_policy: nullptr
  whole_key_filtering: 1
  verify_compression: 0
  read_amp_bytes_per_bit: 0
  format_version: 5
  enable_index_compression: 1
  block_align: 0
2022/02/11-15:32:39.348634 7fd8dabf0340        Options.write_buffer_size: 67108864
2022/02/11-15:32:39.348635 7fd8dabf0340  Options.max_write_buffer_number: 2
2022/02/11-15:32:39.348635 7fd8dabf0340          Options.compression: Snappy
2022/02/11-15:32:39.348636 7fd8dabf0340                  Options.bottommost_compression: Disabled
2022/02/11-15:32:39.348636 7fd8dabf0340       Options.prefix_extractor: nullptr
2022/02/11-15:32:39.348637 7fd8dabf0340   Options.memtable_insert_with_hint_prefix_extractor: nullptr
2022/02/11-15:32:39.348637 7fd8dabf0340             Options.num_levels: 7
2022/02/11-15:32:39.348637 7fd8dabf0340        Options.min_write_buffer_number_to_merge: 1
2022/02/11-15:32:39.348638 7fd8dabf0340     Options.max_write_buffer_number_to_maintain: 0
2022/02/11-15:32:39.348638 7fd8dabf0340     Options.max_write_buffer_size_to_maintain: 0
2022/02/11-15:32:39.348639 7fd8dabf0340            Options.bottommost_compression_opts.window_bits: -14
