2022/02/11-15:32:42.643700 7fbcf6989340 RocksDB version: 6.20.3
2022/02/11-15:32:42.643728 7fbcf6989340 Git sha 8608d75d85f8e1b3b64b73a4fb6d19baec61ba5c
2022/02/11-15:32:42.643731 7fbcf6989340 Compile date 2021-05-05 20:35:30
2022/02/11-15:32:42.643785 7fbcf6989340 DB SUMMARY
2022/02/11-15:32:42.643787 7fbcf6989340 DB Session ID:  FSVCH9YLR4R2LMZGJP7I
2022/02/11-15:32:42.643831 7fbcf6989340 CURRENT file:  CURRENT
2022/02/11-15:32:42.643834 7fbcf6989340 IDENTITY file:  IDENTITY
2022/02/11-15:32:42.643839 7fbcf6989340 MANIFEST file:  MANIFEST-000121 size: 909 Bytes
2022/02/11-15:32:42.643842 7fbcf6989340 SST files in ./client_db/k#0cb84c21b4827de0f5bc2405119b2db68280b6aba623888d59a1ba0ea9a8c83b dir, Total Num: 0, files: 
2022/02/11-15:32:42.643844 7fbcf6989340 Write Ahead Log file in ./client_db/k#0cb84c21b4827de0f5bc2405119b2db68280b6aba623888d59a1ba0ea9a8c83b: 000122.log size: 810 ; 
2022/02/11-15:32:42.643847 7fbcf6989340                         Options.error_if_exists: 0
2022/02/11-15:32:42.643849 7fbcf6989340                       Options.create_if_missing: 1
2022/02/11-15:32:42.643851 7fbcf6989340                         Options.paranoid_checks: 1
2022/02/11-15:32:42.643852 7fbcf6989340                               Options.track_and_verify_wals_in_manifest: 0
2022/02/11-15:32:42.643854 7fbcf6989340                                     Options.env: 0x56382aac9420
2022/02/11-15:32:42.643856 7fbcf6989340                                      Options.fs: Posix File System
2022/02/11-15:32:42.643858 7fbcf6989340                                Options.info_log: 0x56382bd9c380
2022/02/11-15:32:42.643859 7fbcf6989340                Options.max_file_opening_threads: 16
2022/02/11-15:32:42.643861 7fbcf6989340                              Options.statistics: (nil)
2022/02/11-15:32:42.643863 7fbcf6989340                               Options.use_fsync: 0
2022/02/11-15:32:42.643864 7fbcf6989340                       Options.max_log_file_size: 0
2022/02/11-15:32:42.643866 7fbcf6989340                  Options.max_manifest_file_size: 1073741824
2022/02/11-15:32:42.643867 7fbcf6989340                   Options.log_file_time_to_roll: 0
2022/02/11-15:32:42.643869 7fbcf6989340                       Options.keep_log_file_num: 1000
2022/02/11-15:32:42.643870 7fbcf6989340                    Options.recycle_log_file_num: 0
2022/02/11-15:32:42.643872 7fbcf6989340                         Options.allow_fallocate: 1
2022/02/11-15:32:42.643873 7fbcf6989340                        Options.allow_mmap_reads: 0
2022/02/11-15:32:42.643874 7fbcf6989340                       Options.allow_mmap_writes: 0
2022/02/11-15:32:42.643876 7fbcf6989340                        Options.use_direct_reads: 0
2022/02/11-15:32:42.643877 7fbcf6989340                        Options.use_direct_io_for_flush_and_compaction: 0
2022/02/11-15:32:42.643878 7fbcf6989340          Options.create_missing_column_families: 1
2022/02/11-15:32:42.643880 7fbcf6989340                              Options.db_log_dir: 
2022/02/11-15:32:42.643881 7fbcf6989340                                 Options.wal_dir: ./client_db/k#0cb84c21b4827de0f5bc2405119b2db68280b6aba623888d59a1ba0ea9a8c83b
2022/02/11-15:32:42.643883 7fbcf6989340                Options.table_cache_numshardbits: 6
2022/02/11-15:32:42.643884 7fbcf6989340                         Options.WAL_ttl_seconds: 0
2022/02/11-15:32:42.643885 7fbcf6989340                       Options.WAL_size_limit_MB: 0
2022/02/11-15:32:42.643887 7fbcf6989340                        Options.max_write_batch_group_size_bytes: 1048576
2022/02/11-15:32:42.643888 7fbcf6989340             Options.manifest_preallocation_size: 4194304
2022/02/11-15:32:42.643889 7fbcf6989340                     Options.is_fd_close_on_exec: 1
2022/02/11-15:32:42.643891 7fbcf6989340                   Options.advise_random_on_open: 1
2022/02/11-15:32:42.643892 7fbcf6989340                    Options.db_write_buffer_size: 0
2022/02/11-15:32:42.643894 7fbcf6989340                    Options.write_buffer_manager: 0x56382bc7b1d0
2022/02/11-15:32:42.643895 7fbcf6989340         Options.access_hint_on_compaction_start: 1
2022/02/11-15:32:42.643897 7fbcf6989340  Options.new_table_reader_for_compaction_inputs: 0
2022/02/11-15:32:42.643910 7fbcf6989340           Options.random_access_max_buffer_size: 1048576
2022/02/11-15:32:42.643912 7fbcf6989340                      Options.use_adaptive_mutex: 0
2022/02/11-15:32:42.643914 7fbcf6989340                            Options.rate_limiter: (nil)
2022/02/11-15:32:42.643916 7fbcf6989340     Options.sst_file_manager.rate_bytes_per_sec: 0
2022/02/11-15:32:42.643917 7fbcf6989340                       Options.wal_recovery_mode: 2
2022/02/11-15:32:42.643919 7fbcf6989340                  Options.enable_thread_tracking: 0
2022/02/11-15:32:42.643920 7fbcf6989340                  Options.enable_pipelined_write: 0
2022/02/11-15:32:42.643921 7fbcf6989340                  Options.unordered_write: 0
2022/02/11-15:32:42.643923 7fbcf6989340         Options.allow_concurrent_memtable_write: 1
2022/02/11-15:32:42.643924 7fbcf6989340      Options.enable_write_thread_adaptive_yield: 1
2022/02/11-15:32:42.643925 7fbcf6989340             Options.write_thread_max_yield_usec: 100
2022/02/11-15:32:42.643927 7fbcf6989340            Options.write_thread_slow_yield_usec: 3
2022/02/11-15:32:42.643928 7fbcf6989340                               Options.row_cache: None
2022/02/11-15:32:42.643930 7fbcf6989340                              Options.wal_filter: None
2022/02/11-15:32:42.643931 7fbcf6989340             Options.avoid_flush_during_recovery: 0
2022/02/11-15:32:42.643933 7fbcf6989340             Options.allow_ingest_behind: 0
2022/02/11-15:32:42.643934 7fbcf6989340             Options.preserve_deletes: 0
2022/02/11-15:32:42.643935 7fbcf6989340             Options.two_write_queues: 0
2022/02/11-15:32:42.643936 7fbcf6989340             Options.manual_wal_flush: 0
2022/02/11-15:32:42.643938 7fbcf6989340             Options.atomic_flush: 0
2022/02/11-15:32:42.643939 7fbcf6989340             Options.avoid_unnecessary_blocking_io: 0
2022/02/11-15:32:42.643940 7fbcf6989340                 Options.persist_stats_to_disk: 0
2022/02/11-15:32:42.643942 7fbcf6989340                 Options.write_dbid_to_manifest: 0
2022/02/11-15:32:42.643943 7fbcf6989340                 Options.log_readahead_size: 0
2022/02/11-15:32:42.643944 7fbcf6989340                 Options.file_checksum_gen_factory: Unknown
2022/02/11-15:32:42.643946 7fbcf6989340                 Options.best_efforts_recovery: 0
2022/02/11-15:32:42.643947 7fbcf6989340                Options.max_bgerror_resume_count: 2147483647
2022/02/11-15:32:42.643949 7fbcf6989340            Options.bgerror_resume_retry_interval: 1000000
2022/02/11-15:32:42.643950 7fbcf6989340             Options.allow_data_in_errors: 0
2022/02/11-15:32:42.643951 7fbcf6989340             Options.db_host_id: __hostname__
2022/02/11-15:32:42.643953 7fbcf6989340             Options.max_background_jobs: 2
2022/02/11-15:32:42.643954 7fbcf6989340             Options.max_background_compactions: -1
2022/02/11-15:32:42.643956 7fbcf6989340             Options.max_subcompactions: 1
2022/02/11-15:32:42.643957 7fbcf6989340             Options.avoid_flush_during_shutdown: 0
2022/02/11-15:32:42.643959 7fbcf6989340           Options.writable_file_max_buffer_size: 1048576
2022/02/11-15:32:42.643960 7fbcf6989340             Options.delayed_write_rate : 16777216
2022/02/11-15:32:42.643961 7fbcf6989340             Options.max_total_wal_size: 0
2022/02/11-15:32:42.643963 7fbcf6989340             Options.delete_obsolete_files_period_micros: 21600000000
2022/02/11-15:32:42.643964 7fbcf6989340                   Options.stats_dump_period_sec: 600
2022/02/11-15:32:42.643966 7fbcf6989340                 Options.stats_persist_period_sec: 600
2022/02/11-15:32:42.643968 7fbcf6989340                 Options.stats_history_buffer_size: 1048576
2022/02/11-15:32:42.643969 7fbcf6989340                          Options.max_open_files: -1
2022/02/11-15:32:42.643970 7fbcf6989340                          Options.bytes_per_sync: 0
2022/02/11-15:32:42.643972 7fbcf6989340                      Options.wal_bytes_per_sync: 0
2022/02/11-15:32:42.643973 7fbcf6989340                   Options.strict_bytes_per_sync: 0
2022/02/11-15:32:42.643982 7fbcf6989340       Options.compaction_readahead_size: 0
2022/02/11-15:32:42.643984 7fbcf6989340                  Options.max_background_flushes: -1
2022/02/11-15:32:42.643985 7fbcf6989340 Compression algorithms supported:
2022/02/11-15:32:42.643987 7fbcf6989340 	kZSTDNotFinalCompression supported: 1
2022/02/11-15:32:42.643989 7fbcf6989340 	kZSTD supported: 1
2022/02/11-15:32:42.643991 7fbcf6989340 	kXpressCompression supported: 0
2022/02/11-15:32:42.643993 7fbcf6989340 	kLZ4HCCompression supported: 1
2022/02/11-15:32:42.643994 7fbcf6989340 	kLZ4Compression supported: 1
2022/02/11-15:32:42.643996 7fbcf6989340 	kBZip2Compression supported: 1
2022/02/11-15:32:42.643998 7fbcf6989340 	kZlibCompression supported: 1
2022/02/11-15:32:42.643999 7fbcf6989340 	kSnappyCompression supported: 1
2022/02/11-15:32:42.644002 7fbcf6989340 Fast CRC32 supported: Not supported on x86
2022/02/11-15:32:42.644053 7fbcf6989340 [db/version_set.cc:4626] Recovering from manifest file: ./client_db/k#0cb84c21b4827de0f5bc2405119b2db68280b6aba623888d59a1ba0ea9a8c83b/MANIFEST-000121
2022/02/11-15:32:42.644200 7fbcf6989340 [db/column_family.cc:596] --------------- Options for column family [default]:
2022/02/11-15:32:42.644204 7fbcf6989340               Options.comparator: leveldb.BytewiseComparator
2022/02/11-15:32:42.644206 7fbcf6989340           Options.merge_operator: None
2022/02/11-15:32:42.644207 7fbcf6989340        Options.compaction_filter: None
2022/02/11-15:32:42.644209 7fbcf6989340        Options.compaction_filter_factory: None
2022/02/11-15:32:42.644210 7fbcf6989340  Options.sst_partitioner_factory: None
2022/02/11-15:32:42.644211 7fbcf6989340         Options.memtable_factory: SkipListFactory
2022/02/11-15:32:42.644213 7fbcf6989340            Options.table_factory: BlockBasedTable
2022/02/11-15:32:42.644249 7fbcf6989340            table_factory options:   flush_block_policy_factory: FlushBlockBySizePolicyFactory (0x56382bc85520)
  cache_index_and_filter_blocks: 0
  cache_index_and_filter_blocks_with_high_priority: 1
  pin_l0_filter_and_index_blocks_in_cache: 0
  pin_top_level_index_and_filter: 1
  index_type: 0
  data_block_index_type: 0
  index_shortening: 1
  data_block_hash_table_util_ratio: 0.750000
  hash_index_allow_collision: 1
  checksum: 1
  no_block_cache: 0
  block_cache: 0x56382bcb8740
  block_cache_name: LRUCache
  block_cache_options:
    capacity : 8388608
    num_shard_bits : 4
    strict_capacity_limit : 0
    memory_allocator : None
    high_pri_pool_ratio: 0.000
  block_cache_compressed: (nil)
  persistent_cache: (nil)
  block_size: 4096
  block_size_deviation: 10
  block_restart_interval: 16
  index_block_restart_interval: 1
  metadata_block_size: 4096
  partition_filters: 0
  use_delta_encoding: 1
  filter_policy: nullptr
  whole_key_filtering: 1
  verify_compression: 0
  read_amp_bytes_per_bit: 0
  format_version: 5
  enable_index_compression: 1
  block_align: 0
2022/02/11-15:32:42.644251 7fbcf6989340        Options.write_buffer_size: 67108864
2022/02/11-15:32:42.644253 7fbcf6989340  Options.max_write_buffer_number: 2
2022/02/11-15:32:42.644255 7fbcf6989340          Options.compression: Snappy
2022/02/11-15:32:42.644256 7fbcf6989340                  Options.bottommost_compression: Disabled
2022/02/11-15:32:42.644258 7fbcf6989340       Options.prefix_extractor: nullptr
2022/02/11-15:32:42.644259 7fbcf6989340   Options.memtable_insert_with_hint_prefix_extractor: nullptr
2022/02/11-15:32:42.644261 7fbcf6989340             Options.num_levels: 7
2022/02/11-15:32:42.644262 7fbcf6989340        Options.min_write_buffer_number_to_merge: 1
2022/02/11-15:32:42.644263 7fbcf6989340     Options.max_write_buffer_number_to_maintain: 0
2022/02/11-15:32:42.644265 7fbcf6989340     Options.max_write_buffer_size_to_maintain: 0
2022/02/11-15:32:42.644266 7fbcf6989340            Options.bottommost_compression_opts.window_bits: -14
2022/02/11-15:32:42.644268 7fbcf6989340                  Options.bottommost_compression_opts.level: 32767
2022/02/11-15:32:42.644269 7fbcf6989340               Options.bottommost_compression_opts.strategy: 0
2022/02/11-15:32:42.644281 7fbcf6989340         Options.bottommost_compression_opts.max_dict_bytes: 0
2022/02/11-15:32:42.644283 7fbcf6989340         Options.bottommost_compression_opts.zstd_max_train_bytes: 0
2022/02/11-15:32:42.644285 7fbcf6989340         Options.bottommost_compression_opts.parallel_threads: 1
2022/02/11-15:32:42.644286 7fbcf6989340                  Options.bottommost_compression_opts.enabled: false
2022/02/11-15:32:42.644288 7fbcf6989340         Options.bottommost_compression_opts.max_dict_buffer_bytes: 0
2022/02/11-15:32:42.644289 7fbcf6989340            Options.compression_opts.window_bits: -14
2022/02/11-15:32:42.644291 7fbcf6989340                  Options.compression_opts.level: 32767
2022/02/11-15:32:42.644292 7fbcf6989340               Options.compression_opts.strategy: 0
2022/02/11-15:32:42.644293 7fbcf6989340         Options.compression_opts.max_dict_bytes: 0
2022/02/11-15:32:42.644294 7fbcf6989340         Options.compression_opts.zstd_max_train_bytes: 0
2022/02/11-15:32:42.644296 7fbcf6989340         Options.compression_opts.parallel_threads: 1
2022/02/11-15:32:42.644297 7fbcf6989340                  Options.compression_opts.enabled: false
2022/02/11-15:32:42.644299 7fbcf6989340         Options.compression_opts.max_dict_buffer_bytes: 0
2022/02/11-15:32:42.644300 7fbcf6989340      Options.level0_file_num_compaction_trigger: 4
2022/02/11-15:32:42.644301 7fbcf6989340          Options.level0_slowdown_writes_trigger: 20
2022/02/11-15:32:42.644303 7fbcf6989340              Options.level0_stop_writes_trigger: 36
2022/02/11-15:32:42.644304 7fbcf6989340                   Options.target_file_size_base: 67108864
2022/02/11-15:32:42.644306 7fbcf6989340             Options.target_file_size_multiplier: 1
2022/02/11-15:32:42.644307 7fbcf6989340                Options.max_bytes_for_level_base: 268435456
2022/02/11-15:32:42.644309 7fbcf6989340 Options.level_compaction_dynamic_level_bytes: 0
2022/02/11-15:32:42.644310 7fbcf6989340          Options.max_bytes_for_level_multiplier: 10.000000
2022/02/11-15:32:42.644313 7fbcf6989340 Options.max_bytes_for_level_multiplier_addtl[0]: 1
2022/02/11-15:32:42.644315 7fbcf6989340 Options.max_bytes_for_level_multiplier_addtl[1]: 1
2022/02/11-15:32:42.644317 7fbcf6989340 Options.max_bytes_for_level_multiplier_addtl[2]: 1
2022/02/11-15:32:42.644318 7fbcf6989340 Options.max_bytes_for_level_multiplier_addtl[3]: 1
2022/02/11-15:32:42.644319 7fbcf6989340 Options.max_bytes_for_level_multiplier_addtl[4]: 1
2022/02/11-15:32:42.644321 7fbcf6989340 Options.max_bytes_for_level_multiplier_addtl[5]: 1
2022/02/11-15:32:42.644322 7fbcf6989340 Options.max_bytes_for_level_multiplier_addtl[6]: 1
2022/02/11-15:32:42.644323 7fbcf6989340       Options.max_sequential_skip_in_iterations: 8
2022/02/11-15:32:42.644325 7fbcf6989340                    Options.max_compaction_bytes: 1677721600
2022/02/11-15:32:42.644326 7fbcf6989340                        Options.arena_block_size: 8388608
2022/02/11-15:32:42.644328 7fbcf6989340   Options.soft_pending_compaction_bytes_limit: 68719476736
2022/02/11-15:32:42.644329 7fbcf6989340   Options.hard_pending_compaction_bytes_limit: 274877906944
2022/02/11-15:32:42.644331 7fbcf6989340       Options.rate_limit_delay_max_milliseconds: 100
2022/02/11-15:32:42.644332 7fbcf6989340                Options.disable_auto_compactions: 0
2022/02/11-15:32:42.644334 7fbcf6989340                        Options.compaction_style: kCompactionStyleLevel
2022/02/11-15:32:42.644336 7fbcf6989340                          Options.compaction_pri: kMinOverlappingRatio
2022/02/11-15:32:42.644337 7fbcf6989340 Options.compaction_options_universal.size_ratio: 1
2022/02/11-15:32:42.644339 7fbcf6989340 Options.compaction_options_universal.min_merge_width: 2
2022/02/11-15:32:42.644340 7fbcf6989340 Options.compaction_options_universal.max_merge_width: 4294967295
2022/02/11-15:32:42.644342 7fbcf6989340 Options.compaction_options_universal.max_size_amplification_percent: 200
2022/02/11-15:32:42.644343 7fbcf6989340 Options.compaction_options_universal.compression_size_percent: -1
2022/02/11-15:32:42.644352 7fbcf6989340 Options.compaction_options_universal.stop_style: kCompactionStopStyleTotalSize
2022/02/11-15:32:42.644355 7fbcf6989340 Options.compaction_options_fifo.max_table_files_size: 1073741824
2022/02/11-15:32:42.644356 7fbcf6989340 Options.compaction_options_fifo.allow_compaction: 0
2022/02/11-15:32:42.644369 7fbcf6989340                   Options.table_properties_collectors: 
2022/02/11-15:32:42.644371 7fbcf6989340                   Options.inplace_update_support: 0
2022/02/11-15:32:42.644372 7fbcf6989340                 Options.inplace_update_num_locks: 10000
2022/02/11-15:32:42.644374 7fbcf6989340               Options.memtable_prefix_bloom_size_ratio: 0.000000
2022/02/11-15:32:42.644376 7fbcf6989340               Options.memtable_whole_key_filtering: 0
2022/02/11-15:32:42.644377 7fbcf6989340   Options.memtable_huge_page_size: 0
2022/02/11-15:32:42.644379 7fbcf6989340                           Options.bloom_locality: 0
2022/02/11-15:32:42.644380 7fbcf6989340                    Options.max_successive_merges: 0
2022/02/11-15:32:42.644381 7fbcf6989340                Options.optimize_filters_for_hits: 0
2022/02/11-15:32:42.644383 7fbcf6989340                Options.paranoid_file_checks: 0
2022/02/11-15:32:42.644384 7fbcf6989340                Options.force_consistency_checks: 1
2022/02/11-15:32:42.644385 7fbcf6989340                Options.report_bg_io_stats: 0
2022/02/11-15:32:42.644387 7fbcf6989340                               Options.ttl: 2592000
2022/02/11-15:32:42.644388 7fbcf6989340          Options.periodic_compaction_seconds: 0
2022/02/11-15:32:42.644390 7fbcf6989340                    Options.enable_blob_files: false
2022/02/11-15:32:42.644391 7fbcf6989340                        Options.min_blob_size: 0
2022/02/11-15:32:42.644392 7fbcf6989340                       Options.blob_file_size: 268435456
2022/02/11-15:32:42.644394 7fbcf6989340                Options.blob_compression_type: NoCompression
2022/02/11-15:32:42.644395 7fbcf6989340       Options.enable_blob_garbage_collection: false
2022/02/11-15:32:42.644397 7fbcf6989340   Options.blob_garbage_collection_age_cutoff: 0.250000
2022/02/11-15:32:42.644449 7fbcf6989340 [db/column_family.cc:596] --------------- Options for column family [pending_orders]:
2022/02/11-15:32:42.644451 7fbcf6989340               Options.comparator: leveldb.BytewiseComparator
2022/02/11-15:32:42.644453 7fbcf6989340           Options.merge_operator: None
2022/02/11-15:32:42.644454 7fbcf6989340        Options.compaction_filter: None
2022/02/11-15:32:42.644455 7fbcf6989340        Options.compaction_filter_factory: None
2022/02/11-15:32:42.644457 7fbcf6989340  Options.sst_partitioner_factory: None
2022/02/11-15:32:42.644458 7fbcf6989340         Options.memtable_factory: SkipListFactory
2022/02/11-15:32:42.644459 7fbcf6989340            Options.table_factory: BlockBasedTable
2022/02/11-15:32:42.644589 7fbcf6989340            table_factory options:   flush_block_policy_factory: FlushBlockBySizePolicyFactory (0x56382bc24950)
  cache_index_and_filter_blocks: 0
  cache_index_and_filter_blocks_with_high_priority: 1
  pin_l0_filter_and_index_blocks_in_cache: 0
  pin_top_level_index_and_filter: 1
  index_type: 0
  data_block_index_type: 0
  index_shortening: 1
  data_block_hash_table_util_ratio: 0.750000
  hash_index_allow_collision: 1
  checksum: 1
  no_block_cache: 0
  block_cache: 0x56382bbf5170
  block_cache_name: LRUCache
  block_cache_options:
    capacity : 8388608
    num_shard_bits : 4
    strict_capacity_limit : 0
    memory_allocator : None
    high_pri_pool_ratio: 0.000
  block_cache_compressed: (nil)
  persistent_cache: (nil)
  block_size: 4096
  block_size_deviation: 10
  block_restart_interval: 16
  index_block_restart_interval: 1
  metadata_block_size: 4096
  partition_filters: 0
  use_delta_encoding: 1
  filter_policy: nullptr
  whole_key_filtering: 1
  verify_compression: 0
  read_amp_bytes_per_bit: 0
  format_version: 5
  enable_index_compression: 1
  block_align: 0
2022/02/11-15:32:42.644595 7fbcf6989340        Options.write_buffer_size: 67108864
2022/02/11-15:32:42.644641 7fbcf6989340  Options.max_write_buffer_number: 2
2022/02/11-15:32:42.644645 7fbcf6989340          Options.compression: Snappy
2022/02/11-15:32:42.644647 7fbcf6989340                  Options.bottommost_compression: Disabled
2022/02/11-15:32:42.644649 7fbcf6989340       Options.prefix_extractor: nullptr
2022/02/11-15:32:42.644650 7fbcf6989340   Options.memtable_insert_with_hint_prefix_extractor: nullptr
2022/02/11-15:32:42.644652 7fbcf6989340             Options.num_levels: 7
2022/02/11-15:32:42.644653 7fbcf6989340        Options.min_write_buffer_number_to_merge: 1
2022/02/11-15:32:42.644655 7fbcf6989340     Options.max_write_buffer_number_to_maintain: 0
2022/02/11-15:32:42.644656 7fbcf6989340     Options.max_write_buffer_size_to_maintain: 0
2022/02/11-15:32:42.644658 7fbcf6989340            Options.bottommost_compression_opts.window_bits: -14
2022/02/11-15:32:42.644659 7fbcf6989340                  Options.bottommost_compression_opts.level: 32767
2022/02/11-15:32:42.644661 7fbcf6989340               Options.bottommost_compression_opts.strategy: 0
2022/02/11-15:32:42.644662 7fbcf6989340         Options.bottommost_compression_opts.max_dict_bytes: 0
2022/02/11-15:32:42.644663 7fbcf6989340         Options.bottommost_compression_opts.zstd_max_train_bytes: 0
2022/02/11-15:32:42.644665 7fbcf6989340         Options.bottommost_compression_opts.parallel_threads: 1
2022/02/11-15:32:42.644666 7fbcf6989340                  Options.bottommost_compression_opts.enabled: false
2022/02/11-15:32:42.644668 7fbcf6989340         Options.bottommost_compression_opts.max_dict_buffer_bytes: 0
2022/02/11-15:32:42.644669 7fbcf6989340            Options.compression_opts.window_bits: -14
2022/02/11-15:32:42.644670 7fbcf6989340                  Options.compression_opts.level: 32767
2022/02/11-15:32:42.644672 7fbcf6989340               Options.compression_opts.strategy: 0
2022/02/11-15:32:42.644673 7fbcf6989340         Options.compression_opts.max_dict_bytes: 0
2022/02/11-15:32:42.644674 7fbcf6989340         Options.compression_opts.zstd_max_train_bytes: 0
2022/02/11-15:32:42.644676 7fbcf6989340         Options.compression_opts.parallel_threads: 1
2022/02/11-15:32:42.644677 7fbcf6989340                  Options.compression_opts.enabled: false
2022/02/11-15:32:42.644679 7fbcf6989340         Options.compression_opts.max_dict_buffer_bytes: 0
2022/02/11-15:32:42.644680 7fbcf6989340      Options.level0_file_num_compaction_trigger: 4
2022/02/11-15:32:42.644681 7fbcf6989340          Options.level0_slowdown_writes_trigger: 20
2022/02/11-15:32:42.644683 7fbcf6989340              Options.level0_stop_writes_trigger: 36
2022/02/11-15:32:42.644684 7fbcf6989340                   Options.target_file_size_base: 67108864
2022/02/11-15:32:42.644686 7fbcf6989340             Options.target_file_size_multiplier: 1
2022/02/11-15:32:42.644687 7fbcf6989340                Options.max_bytes_for_level_base: 268435456
2022/02/11-15:32:42.644689 7fbcf6989340 Options.level_compaction_dynamic_level_bytes: 0
2022/02/11-15:32:42.644690 7fbcf6989340          Options.max_bytes_for_level_multiplier: 10.000000
2022/02/11-15:32:42.644693 7fbcf6989340 Options.max_bytes_for_level_multiplier_addtl[0]: 1
2022/02/11-15:32:42.644695 7fbcf6989340 Options.max_bytes_for_level_multiplier_addtl[1]: 1
2022/02/11-15:32:42.644696 7fbcf6989340 Options.max_bytes_for_level_multiplier_addtl[2]: 1
2022/02/11-15:32:42.644698 7fbcf6989340 Options.max_bytes_for_level_multiplier_addtl[3]: 1
2022/02/11-15:32:42.644699 7fbcf6989340 Options.max_bytes_for_level_multiplier_addtl[4]: 1
2022/02/11-15:32:42.644701 7fbcf6989340 Options.max_bytes_for_level_multiplier_addtl[5]: 1
2022/02/11-15:32:42.644702 7fbcf6989340 Options.max_bytes_for_level_multiplier_addtl[6]: 1
2022/02/11-15:32:42.644703 7fbcf6989340       Options.max_sequential_skip_in_iterations: 8
2022/02/11-15:32:42.644705 7fbcf6989340                    Options.max_compaction_bytes: 1677721600
2022/02/11-15:32:42.644706 7fbcf6989340                        Options.arena_block_size: 8388608
2022/02/11-15:32:42.644707 7fbcf6989340   Options.soft_pending_compaction_bytes_limit: 68719476736
2022/02/11-15:32:42.644754 7fbcf6989340   Options.hard_pending_compaction_bytes_limit: 274877906944
2022/02/11-15:32:42.644759 7fbcf6989340       Options.rate_limit_delay_max_milliseconds: 100
2022/02/11-15:32:42.644761 7fbcf6989340                Options.disable_auto_compactions: 0
2022/02/11-15:32:42.644764 7fbcf6989340                        Options.compaction_style: kCompactionStyleLevel
2022/02/11-15:32:42.644767 7fbcf6989340                          Options.compaction_pri: kMinOverlappingRatio
2022/02/11-15:32:42.644768 7fbcf6989340 Options.compaction_options_universal.size_ratio: 1
2022/02/11-15:32:42.644770 7fbcf6989340 Options.compaction_options_universal.min_merge_width: 2
2022/02/11-15:32:42.644771 7fbcf6989340 Options.compaction_options_universal.max_merge_width: 4294967295
2022/02/11-15:32:42.644772 7fbcf6989340 Options.compaction_options_universal.max_size_amplification_percent: 200
2022/02/11-15:32:42.644774 7fbcf6989340 Options.compaction_options_universal.compression_size_percent: -1
2022/02/11-15:32:42.644776 7fbcf6989340 Options.compaction_options_universal.stop_style: kCompactionStopStyleTotalSize
2022/02/11-15:32:42.644777 7fbcf6989340 Options.compaction_options_fifo.max_table_files_size: 1073741824
2022/02/11-15:32:42.644778 7fbcf6989340 Options.compaction_options_fifo.allow_compaction: 0
2022/02/11-15:32:42.644783 7fbcf6989340                   Options.table_properties_collectors: 
2022/02/11-15:32:42.644785 7fbcf6989340                   Options.inplace_update_support: 0
2022/02/11-15:32:42.644786 7fbcf6989340                 Options.inplace_update_num_locks: 10000
2022/02/11-15:32:42.644788 7fbcf6989340               Options.memtable_prefix_bloom_size_ratio: 0.000000
2022/02/11-15:32:42.644790 7fbcf6989340               Options.memtable_whole_key_filtering: 0
2022/02/11-15:32:42.644791 7fbcf6989340   Options.memtable_huge_page_size: 0
2022/02/11-15:32:42.644793 7fbcf6989340                           Options.bloom_locality: 0
2022/02/11-15:32:42.644794 7fbcf6989340                    Options.max_successive_merges: 0
2022/02/11-15:32:42.644796 7fbcf6989340                Options.optimize_filters_for_hits: 0
2022/02/11-15:32:42.644797 7fbcf6989340                Options.paranoid_file_checks: 0
2022/02/11-15:32:42.644798 7fbcf6989340                Options.force_consistency_checks: 1
2022/02/11-15:32:42.644800 7fbcf6989340                Options.report_bg_io_stats: 0
2022/02/11-15:32:42.644801 7fbcf6989340                               Options.ttl: 2592000
2022/02/11-15:32:42.644803 7fbcf6989340          Options.periodic_compaction_seconds: 0
2022/02/11-15:32:42.644804 7fbcf6989340                    Options.enable_blob_files: false
2022/02/11-15:32:42.644805 7fbcf6989340                        Options.min_blob_size: 0
2022/02/11-15:32:42.644807 7fbcf6989340                       Options.blob_file_size: 268435456
2022/02/11-15:32:42.644808 7fbcf6989340                Options.blob_compression_type: NoCompression
2022/02/11-15:32:42.644810 7fbcf6989340       Options.enable_blob_garbage_collection: false
2022/02/11-15:32:42.644811 7fbcf6989340   Options.blob_garbage_collection_age_cutoff: 0.250000
2022/02/11-15:32:42.645038 7fbcf6989340 [db/column_family.cc:596] --------------- Options for column family [certificates]:
2022/02/11-15:32:42.645045 7fbcf6989340               Options.comparator: leveldb.BytewiseComparator
2022/02/11-15:32:42.645048 7fbcf6989340           Options.merge_operator: None
2022/02/11-15:32:42.645050 7fbcf6989340        Options.compaction_filter: None
2022/02/11-15:32:42.645053 7fbcf6989340        Options.compaction_filter_factory: None
2022/02/11-15:32:42.645055 7fbcf6989340  Options.sst_partitioner_factory: None
2022/02/11-15:32:42.645058 7fbcf6989340         Options.memtable_factory: SkipListFactory
2022/02/11-15:32:42.645060 7fbcf6989340            Options.table_factory: BlockBasedTable
2022/02/11-15:32:42.645216 7fbcf6989340            table_factory options:   flush_block_policy_factory: FlushBlockBySizePolicyFactory (0x56382bc7aa20)
  cache_index_and_filter_blocks: 0
  cache_index_and_filter_blocks_with_high_priority: 1
  pin_l0_filter_and_index_blocks_in_cache: 0
  pin_top_level_index_and_filter: 1
  index_type: 0
  data_block_index_type: 0
  index_shortening: 1
  data_block_hash_table_util_ratio: 0.750000
  hash_index_allow_collision: 1
  checksum: 1
  no_block_cache: 0
  block_cache: 0x56382bca8e30
  block_cache_name: LRUCache
  block_cache_options:
    capacity : 8388608
    num_shard_bits : 4
    strict_capacity_limit : 0
    memory_allocator : None
    high_pri_pool_ratio: 0.000
  block_cache_compressed: (nil)
  persistent_cache: (nil)
  block_size: 4096
  block_size_deviation: 10
  block_restart_interval: 16
  index_block_restart_interval: 1
  metadata_block_size: 4096
  partition_filters: 0
  use_delta_encoding: 1
  filter_policy: nullptr
  whole_key_filtering: 1
  verify_compression: 0
  read_amp_bytes_per_bit: 0
  format_version: 5
  enable_index_compression: 1
  block_align: 0
2022/02/11-15:32:42.645241 7fbcf6989340        Options.write_buffer_size: 67108864
2022/02/11-15:32:42.645245 7fbcf6989340  Options.max_write_buffer_number: 2
2022/02/11-15:32:42.645248 7fbcf6989340          Options.compression: Snappy
2022/02/11-15:32:42.645250 7fbcf6989340                  Options.bottommost_compression: Disabled
2022/02/11-15:32:42.645253 7fbcf6989340       Options.prefix_extractor: nullptr
2022/02/11-15:32:42.645255 7fbcf6989340   Options.memtable_insert_with_hint_prefix_extractor: nullptr
2022/02/11-15:32:42.645257 7fbcf6989340             Options.num_levels: 7
2022/02/11-15:32:42.645260 7fbcf6989340        Options.min_write_buffer_number_to_merge: 1
2022/02/11-15:32:42.645262 7fbcf6989340     Options.max_write_buffer_number_to_maintain: 0
2022/02/11-15:32:42.645265 7fbcf6989340     Options.max_write_buffer_size_to_maintain: 0
2022/02/11-15:32:42.645267 7fbcf6989340            Options.bottommost_compression_opts.window_bits: -14
2022/02/11-15:32:42.645269 7fbcf6989340                  Options.bottommost_compression_opts.level: 32767
2022/02/11-15:32:42.645271 7fbcf6989340               Options.bottommost_compression_opts.strategy: 0
2022/02/11-15:32:42.645274 7fbcf6989340         Options.bottommost_compression_opts.max_dict_bytes: 0
2022/02/11-15:32:42.645276 7fbcf6989340         Options.bottommost_compression_opts.zstd_max_train_bytes: 0
2022/02/11-15:32:42.645278 7fbcf6989340         Options.bottommost_compression_opts.parallel_threads: 1
2022/02/11-15:32:42.645280 7fbcf6989340                  Options.bottommost_compression_opts.enabled: false
2022/02/11-15:32:42.645283 7fbcf6989340         Options.bottommost_compression_opts.max_dict_buffer_bytes: 0
2022/02/11-15:32:42.645285 7fbcf6989340            Options.compression_opts.window_bits: -14
2022/02/11-15:32:42.645288 7fbcf6989340                  Options.compression_opts.level: 32767
2022/02/11-15:32:42.645290 7fbcf6989340               Options.compression_opts.strategy: 0
2022/02/11-15:32:42.645292 7fbcf6989340         Options.compression_opts.max_dict_bytes: 0
2022/02/11-15:32:42.645295 7fbcf6989340         Options.compression_opts.zstd_max_train_bytes: 0
2022/02/11-15:32:42.645297 7fbcf6989340         Options.compression_opts.parallel_threads: 1
2022/02/11-15:32:42.645299 7fbcf6989340                  Options.compression_opts.enabled: false
2022/02/11-15:32:42.645302 7fbcf6989340         Options.compression_opts.max_dict_buffer_bytes: 0
2022/02/11-15:32:42.645304 7fbcf6989340      Options.level0_file_num_compaction_trigger: 4
2022/02/11-15:32:42.645306 7fbcf6989340          Options.level0_slowdown_writes_trigger: 20
2022/02/11-15:32:42.645308 7fbcf6989340              Options.level0_stop_writes_trigger: 36
2022/02/11-15:32:42.645311 7fbcf6989340                   Options.target_file_size_base: 67108864
2022/02/11-15:32:42.645313 7fbcf6989340             Options.target_file_size_multiplier: 1
2022/02/11-15:32:42.645316 7fbcf6989340                Options.max_bytes_for_level_base: 268435456
2022/02/11-15:32:42.645318 7fbcf6989340 Options.level_compaction_dynamic_level_bytes: 0
2022/02/11-15:32:42.645371 7fbcf6989340          Options.max_bytes_for_level_multiplier: 10.000000
2022/02/11-15:32:42.645380 7fbcf6989340 Options.max_bytes_for_level_multiplier_addtl[0]: 1
2022/02/11-15:32:42.645384 7fbcf6989340 Options.max_bytes_for_level_multiplier_addtl[1]: 1
2022/02/11-15:32:42.645387 7fbcf6989340 Options.max_bytes_for_level_multiplier_addtl[2]: 1
2022/02/11-15:32:42.645390 7fbcf6989340 Options.max_bytes_for_level_multiplier_addtl[3]: 1
2022/02/11-15:32:42.645393 7fbcf6989340 Options.max_bytes_for_level_multiplier_addtl[4]: 1
2022/02/11-15:32:42.645395 7fbcf6989340 Options.max_bytes_for_level_multiplier_addtl[5]: 1
2022/02/11-15:32:42.645397 7fbcf6989340 Options.max_bytes_for_level_multiplier_addtl[6]: 1
2022/02/11-15:32:42.645400 7fbcf6989340       Options.max_sequential_skip_in_iterations: 8
2022/02/11-15:32:42.645403 7fbcf6989340                    Options.max_compaction_bytes: 1677721600
2022/02/11-15:32:42.645405 7fbcf6989340                        Options.arena_block_size: 8388608
2022/02/11-15:32:42.645408 7fbcf6989340   Options.soft_pending_compaction_bytes_limit: 68719476736
2022/02/11-15:32:42.645411 7fbcf6989340   Options.hard_pending_compaction_bytes_limit: 274877906944
2022/02/11-15:32:42.645413 7fbcf6989340       Options.rate_limit_delay_max_milliseconds: 100
2022/02/11-15:32:42.645416 7fbcf6989340                Options.disable_auto_compactions: 0
2022/02/11-15:32:42.645419 7fbcf6989340                        Options.compaction_style: kCompactionStyleLevel
2022/02/11-15:32:42.645422 7fbcf6989340                          Options.compaction_pri: kMinOverlappingRatio
2022/02/11-15:32:42.645424 7fbcf6989340 Options.compaction_options_universal.size_ratio: 1
2022/02/11-15:32:42.645427 7fbcf6989340 Options.compaction_options_universal.min_merge_width: 2
2022/02/11-15:32:42.645429 7fbcf6989340 Options.compaction_options_universal.max_merge_width: 4294967295
2022/02/11-15:32:42.645431 7fbcf6989340 Options.compaction_options_universal.max_size_amplification_percent: 200
2022/02/11-15:32:42.645434 7fbcf6989340 Options.compaction_options_universal.compression_size_percent: -1
2022/02/11-15:32:42.645437 7fbcf6989340 Options.compaction_options_universal.stop_style: kCompactionStopStyleTotalSize
2022/02/11-15:32:42.645439 7fbcf6989340 Options.compaction_options_fifo.max_table_files_size: 1073741824
2022/02/11-15:32:42.645442 7fbcf6989340 Options.compaction_options_fifo.allow_compaction: 0
2022/02/11-15:32:42.645449 7fbcf6989340                   Options.table_properties_collectors: 
2022/02/11-15:32:42.645452 7fbcf6989340                   Options.inplace_update_support: 0
2022/02/11-15:32:42.645455 7fbcf6989340                 Options.inplace_update_num_locks: 10000
2022/02/11-15:32:42.645457 7fbcf6989340               Options.memtable_prefix_bloom_size_ratio: 0.000000
2022/02/11-15:32:42.645460 7fbcf6989340               Options.memtable_whole_key_filtering: 0
2022/02/11-15:32:42.645463 7fbcf6989340   Options.memtable_huge_page_size: 0
2022/02/11-15:32:42.645466 7fbcf6989340                           Options.bloom_locality: 0
2022/02/11-15:32:42.645468 7fbcf6989340                    Options.max_successive_merges: 0
2022/02/11-15:32:42.645470 7fbcf6989340                Options.optimize_filters_for_hits: 0
2022/02/11-15:32:42.645473 7fbcf6989340                Options.paranoid_file_checks: 0
2022/02/11-15:32:42.645475 7fbcf6989340                Options.force_consistency_checks: 1
2022/02/11-15:32:42.645478 7fbcf6989340                Options.report_bg_io_stats: 0
2022/02/11-15:32:42.645480 7fbcf6989340                               Options.ttl: 2592000
2022/02/11-15:32:42.645483 7fbcf6989340          Options.periodic_compaction_seconds: 0
2022/02/11-15:32:42.645485 7fbcf6989340                    Options.enable_blob_files: false
2022/02/11-15:32:42.645487 7fbcf6989340                        Options.min_blob_size: 0
2022/02/11-15:32:42.645490 7fbcf6989340                       Options.blob_file_size: 268435456
2022/02/11-15:32:42.645492 7fbcf6989340                Options.blob_compression_type: NoCompression
2022/02/11-15:32:42.645516 7fbcf6989340       Options.enable_blob_garbage_collection: false
2022/02/11-15:32:42.645519 7fbcf6989340   Options.blob_garbage_collection_age_cutoff: 0.250000
2022/02/11-15:32:42.645713 7fbcf6989340 [db/column_family.cc:596] --------------- Options for column family [object_certs]:
2022/02/11-15:32:42.645719 7fbcf6989340               Options.comparator: leveldb.BytewiseComparator
2022/02/11-15:32:42.645723 7fbcf6989340           Options.merge_operator: None
2022/02/11-15:32:42.645726 7fbcf6989340        Options.compaction_filter: None
2022/02/11-15:32:42.645729 7fbcf6989340        Options.compaction_filter_factory: None
2022/02/11-15:32:42.645731 7fbcf6989340  Options.sst_partitioner_factory: None
2022/02/11-15:32:42.645734 7fbcf6989340         Options.memtable_factory: SkipListFactory
2022/02/11-15:32:42.645736 7fbcf6989340            Options.table_factory: BlockBasedTable
2022/02/11-15:32:42.645921 7fbcf6989340            table_factory options:   flush_block_policy_factory: FlushBlockBySizePolicyFactory (0x56382bc6f0d0)
  cache_index_and_filter_blocks: 0
  cache_index_and_filter_blocks_with_high_priority: 1
  pin_l0_filter_and_index_blocks_in_cache: 0
  pin_top_level_index_and_filter: 1
  index_type: 0
  data_block_index_type: 0
  index_shortening: 1
  data_block_hash_table_util_ratio: 0.750000
  hash_index_allow_collision: 1
  checksum: 1
  no_block_cache: 0
  block_cache: 0x56382bc8a690
  block_cache_name: LRUCache
  block_cache_options:
    capacity : 8388608
    num_shard_bits : 4
    strict_capacity_limit : 0
    memory_allocator : None
    high_pri_pool_ratio: 0.000
  block_cache_compressed: (nil)
  persistent_cache: (nil)
  block_size: 4096
  block_size_deviation: 10
  block_restart_interval: 16
  index_block_restart_interval: 1
  metadata_block_size: 4096
  partition_filters: 0
  use_delta_encoding: 1
  filter_policy: nullptr
  whole_key_filtering: 1
  verify_compression: 0
  read_amp_bytes_per_bit: 0
  format_version: 5
  enable_index_compression: 1
  block_align: 0
2022/02/11-15:32:42.645927 7fbcf6989340        Options.write_buffer_size: 67108864
2022/02/11-15:32:42.645929 7fbcf6989340  Options.max_write_buffer_number: 2
2022/02/11-15:32:42.645931 7fbcf6989340          Options.compression: Snappy
2022/02/11-15:32:42.645933 7fbcf6989340                  Options.bottommost_compression: Disabled
2022/02/11-15:32:42.645934 7fbcf6989340       Options.prefix_extractor: nullptr
2022/02/11-15:32:42.645936 7fbcf6989340   Options.memtable_insert_with_hint_prefix_extractor: nullptr
2022/02/11-15:32:42.645937 7fbcf6989340             Options.num_levels: 7
2022/02/11-15:32:42.645939 7fbcf6989340        Options.min_write_buffer_number_to_merge: 1
2022/02/11-15:32:42.645940 7fbcf6989340     Options.max_write_buffer_number_to_maintain: 0
2022/02/11-15:32:42.645941 7fbcf6989340     Options.max_write_buffer_size_to_maintain: 0
2022/02/11-15:32:42.645943 7fbcf6989340            Options.bottommost_compression_opts.window_bits: -14
