2022/02/11-15:32:39.965665 7feacc4dd340 RocksDB version: 6.20.3
2022/02/11-15:32:39.965679 7feacc4dd340 Git sha 8608d75d85f8e1b3b64b73a4fb6d19baec61ba5c
2022/02/11-15:32:39.965680 7feacc4dd340 Compile date 2021-05-05 20:35:30
2022/02/11-15:32:39.965707 7feacc4dd340 DB SUMMARY
2022/02/11-15:32:39.965708 7feacc4dd340 DB Session ID:  MTEHLYWDSOQWM5PGS96B
2022/02/11-15:32:39.965720 7feacc4dd340 CURRENT file:  CURRENT
2022/02/11-15:32:39.965721 7feacc4dd340 IDENTITY file:  IDENTITY
2022/02/11-15:32:39.965723 7feacc4dd340 MANIFEST file:  MANIFEST-000076 size: 907 Bytes
2022/02/11-15:32:39.965724 7feacc4dd340 SST files in ./client_db/k#0cb84c21b4827de0f5bc2405119b2db68280b6aba623888d59a1ba0ea9a8c83b dir, Total Num: 0, files: 
2022/02/11-15:32:39.965725 7feacc4dd340 Write Ahead Log file in ./client_db/k#0cb84c21b4827de0f5bc2405119b2db68280b6aba623888d59a1ba0ea9a8c83b: 000077.log size: 810 ; 
2022/02/11-15:32:39.965726 7feacc4dd340                         Options.error_if_exists: 0
2022/02/11-15:32:39.965727 7feacc4dd340                       Options.create_if_missing: 1
2022/02/11-15:32:39.965727 7feacc4dd340                         Options.paranoid_checks: 1
2022/02/11-15:32:39.965728 7feacc4dd340                               Options.track_and_verify_wals_in_manifest: 0
2022/02/11-15:32:39.965728 7feacc4dd340                                     Options.env: 0x5639e2dfa420
2022/02/11-15:32:39.965730 7feacc4dd340                                      Options.fs: Posix File System
2022/02/11-15:32:39.965730 7feacc4dd340                                Options.info_log: 0x5639e37cdd40
2022/02/11-15:32:39.965731 7feacc4dd340                Options.max_file_opening_threads: 16
2022/02/11-15:32:39.965731 7feacc4dd340                              Options.statistics: (nil)
2022/02/11-15:32:39.965732 7feacc4dd340                               Options.use_fsync: 0
2022/02/11-15:32:39.965732 7feacc4dd340                       Options.max_log_file_size: 0
2022/02/11-15:32:39.965733 7feacc4dd340                  Options.max_manifest_file_size: 1073741824
2022/02/11-15:32:39.965734 7feacc4dd340                   Options.log_file_time_to_roll: 0
2022/02/11-15:32:39.965734 7feacc4dd340                       Options.keep_log_file_num: 1000
2022/02/11-15:32:39.965735 7feacc4dd340                    Options.recycle_log_file_num: 0
2022/02/11-15:32:39.965735 7feacc4dd340                         Options.allow_fallocate: 1
2022/02/11-15:32:39.965736 7feacc4dd340                        Options.allow_mmap_reads: 0
2022/02/11-15:32:39.965736 7feacc4dd340                       Options.allow_mmap_writes: 0
2022/02/11-15:32:39.965737 7feacc4dd340                        Options.use_direct_reads: 0
2022/02/11-15:32:39.965737 7feacc4dd340                        Options.use_direct_io_for_flush_and_compaction: 0
2022/02/11-15:32:39.965738 7feacc4dd340          Options.create_missing_column_families: 1
2022/02/11-15:32:39.965738 7feacc4dd340                              Options.db_log_dir: 
2022/02/11-15:32:39.965739 7feacc4dd340                                 Options.wal_dir: ./client_db/k#0cb84c21b4827de0f5bc2405119b2db68280b6aba623888d59a1ba0ea9a8c83b
2022/02/11-15:32:39.965739 7feacc4dd340                Options.table_cache_numshardbits: 6
2022/02/11-15:32:39.965740 7feacc4dd340                         Options.WAL_ttl_seconds: 0
2022/02/11-15:32:39.965740 7feacc4dd340                       Options.WAL_size_limit_MB: 0
2022/02/11-15:32:39.965740 7feacc4dd340                        Options.max_write_batch_group_size_bytes: 1048576
2022/02/11-15:32:39.965741 7feacc4dd340             Options.manifest_preallocation_size: 4194304
2022/02/11-15:32:39.965742 7feacc4dd340                     Options.is_fd_close_on_exec: 1
2022/02/11-15:32:39.965742 7feacc4dd340                   Options.advise_random_on_open: 1
2022/02/11-15:32:39.965743 7feacc4dd340                    Options.db_write_buffer_size: 0
2022/02/11-15:32:39.965743 7feacc4dd340                    Options.write_buffer_manager: 0x5639e3942790
2022/02/11-15:32:39.965744 7feacc4dd340         Options.access_hint_on_compaction_start: 1
2022/02/11-15:32:39.965744 7feacc4dd340  Options.new_table_reader_for_compaction_inputs: 0
2022/02/11-15:32:39.965749 7feacc4dd340           Options.random_access_max_buffer_size: 1048576
2022/02/11-15:32:39.965750 7feacc4dd340                      Options.use_adaptive_mutex: 0
2022/02/11-15:32:39.965750 7feacc4dd340                            Options.rate_limiter: (nil)
2022/02/11-15:32:39.965751 7feacc4dd340     Options.sst_file_manager.rate_bytes_per_sec: 0
2022/02/11-15:32:39.965751 7feacc4dd340                       Options.wal_recovery_mode: 2
2022/02/11-15:32:39.965752 7feacc4dd340                  Options.enable_thread_tracking: 0
2022/02/11-15:32:39.965753 7feacc4dd340                  Options.enable_pipelined_write: 0
2022/02/11-15:32:39.965753 7feacc4dd340                  Options.unordered_write: 0
2022/02/11-15:32:39.965753 7feacc4dd340         Options.allow_concurrent_memtable_write: 1
2022/02/11-15:32:39.965754 7feacc4dd340      Options.enable_write_thread_adaptive_yield: 1
2022/02/11-15:32:39.965754 7feacc4dd340             Options.write_thread_max_yield_usec: 100
2022/02/11-15:32:39.965755 7feacc4dd340            Options.write_thread_slow_yield_usec: 3
2022/02/11-15:32:39.965755 7feacc4dd340                               Options.row_cache: None
2022/02/11-15:32:39.965756 7feacc4dd340                              Options.wal_filter: None
2022/02/11-15:32:39.965757 7feacc4dd340             Options.avoid_flush_during_recovery: 0
2022/02/11-15:32:39.965757 7feacc4dd340             Options.allow_ingest_behind: 0
2022/02/11-15:32:39.965758 7feacc4dd340             Options.preserve_deletes: 0
2022/02/11-15:32:39.965758 7feacc4dd340             Options.two_write_queues: 0
2022/02/11-15:32:39.965759 7feacc4dd340             Options.manual_wal_flush: 0
2022/02/11-15:32:39.965759 7feacc4dd340             Options.atomic_flush: 0
2022/02/11-15:32:39.965760 7feacc4dd340             Options.avoid_unnecessary_blocking_io: 0
2022/02/11-15:32:39.965760 7feacc4dd340                 Options.persist_stats_to_disk: 0
2022/02/11-15:32:39.965761 7feacc4dd340                 Options.write_dbid_to_manifest: 0
2022/02/11-15:32:39.965761 7feacc4dd340                 Options.log_readahead_size: 0
2022/02/11-15:32:39.965762 7feacc4dd340                 Options.file_checksum_gen_factory: Unknown
2022/02/11-15:32:39.965762 7feacc4dd340                 Options.best_efforts_recovery: 0
2022/02/11-15:32:39.965763 7feacc4dd340                Options.max_bgerror_resume_count: 2147483647
2022/02/11-15:32:39.965763 7feacc4dd340            Options.bgerror_resume_retry_interval: 1000000
2022/02/11-15:32:39.965764 7feacc4dd340             Options.allow_data_in_errors: 0
2022/02/11-15:32:39.965764 7feacc4dd340             Options.db_host_id: __hostname__
2022/02/11-15:32:39.965765 7feacc4dd340             Options.max_background_jobs: 2
2022/02/11-15:32:39.965765 7feacc4dd340             Options.max_background_compactions: -1
2022/02/11-15:32:39.965766 7feacc4dd340             Options.max_subcompactions: 1
2022/02/11-15:32:39.965766 7feacc4dd340             Options.avoid_flush_during_shutdown: 0
2022/02/11-15:32:39.965767 7feacc4dd340           Options.writable_file_max_buffer_size: 1048576
2022/02/11-15:32:39.965768 7feacc4dd340             Options.delayed_write_rate : 16777216
2022/02/11-15:32:39.965768 7feacc4dd340             Options.max_total_wal_size: 0
2022/02/11-15:32:39.965769 7feacc4dd340             Options.delete_obsolete_files_period_micros: 21600000000
2022/02/11-15:32:39.965769 7feacc4dd340                   Options.stats_dump_period_sec: 600
2022/02/11-15:32:39.965770 7feacc4dd340                 Options.stats_persist_period_sec: 600
2022/02/11-15:32:39.965770 7feacc4dd340                 Options.stats_history_buffer_size: 1048576
2022/02/11-15:32:39.965771 7feacc4dd340                          Options.max_open_files: -1
2022/02/11-15:32:39.965771 7feacc4dd340                          Options.bytes_per_sync: 0
2022/02/11-15:32:39.965772 7feacc4dd340                      Options.wal_bytes_per_sync: 0
2022/02/11-15:32:39.965772 7feacc4dd340                   Options.strict_bytes_per_sync: 0
2022/02/11-15:32:39.965776 7feacc4dd340       Options.compaction_readahead_size: 0
2022/02/11-15:32:39.965777 7feacc4dd340                  Options.max_background_flushes: -1
2022/02/11-15:32:39.965777 7feacc4dd340 Compression algorithms supported:
2022/02/11-15:32:39.965778 7feacc4dd340 	kZSTDNotFinalCompression supported: 1
2022/02/11-15:32:39.965779 7feacc4dd340 	kZSTD supported: 1
2022/02/11-15:32:39.965780 7feacc4dd340 	kXpressCompression supported: 0
2022/02/11-15:32:39.965781 7feacc4dd340 	kLZ4HCCompression supported: 1
2022/02/11-15:32:39.965781 7feacc4dd340 	kLZ4Compression supported: 1
2022/02/11-15:32:39.965782 7feacc4dd340 	kBZip2Compression supported: 1
2022/02/11-15:32:39.965782 7feacc4dd340 	kZlibCompression supported: 1
2022/02/11-15:32:39.965782 7feacc4dd340 	kSnappyCompression supported: 1
2022/02/11-15:32:39.965783 7feacc4dd340 Fast CRC32 supported: Not supported on x86
2022/02/11-15:32:39.965805 7feacc4dd340 [db/version_set.cc:4626] Recovering from manifest file: ./client_db/k#0cb84c21b4827de0f5bc2405119b2db68280b6aba623888d59a1ba0ea9a8c83b/MANIFEST-000076
2022/02/11-15:32:39.965882 7feacc4dd340 [db/column_family.cc:596] --------------- Options for column family [default]:
2022/02/11-15:32:39.965883 7feacc4dd340               Options.comparator: leveldb.BytewiseComparator
2022/02/11-15:32:39.965884 7feacc4dd340           Options.merge_operator: None
2022/02/11-15:32:39.965885 7feacc4dd340        Options.compaction_filter: None
2022/02/11-15:32:39.965885 7feacc4dd340        Options.compaction_filter_factory: None
2022/02/11-15:32:39.965886 7feacc4dd340  Options.sst_partitioner_factory: None
2022/02/11-15:32:39.965886 7feacc4dd340         Options.memtable_factory: SkipListFactory
2022/02/11-15:32:39.965887 7feacc4dd340            Options.table_factory: BlockBasedTable
2022/02/11-15:32:39.965899 7feacc4dd340            table_factory options:   flush_block_policy_factory: FlushBlockBySizePolicyFactory (0x5639e3859590)
  cache_index_and_filter_blocks: 0
  cache_index_and_filter_blocks_with_high_priority: 1
  pin_l0_filter_and_index_blocks_in_cache: 0
  pin_top_level_index_and_filter: 1
  index_type: 0
  data_block_index_type: 0
  index_shortening: 1
  data_block_hash_table_util_ratio: 0.750000
  hash_index_allow_collision: 1
  checksum: 1
  no_block_cache: 0
  block_cache: 0x5639e3823e30
  block_cache_name: LRUCache
  block_cache_options:
    capacity : 8388608
    num_shard_bits : 4
    strict_capacity_limit : 0
    memory_allocator : None
    high_pri_pool_ratio: 0.000
  block_cache_compressed: (nil)
  persistent_cache: (nil)
  block_size: 4096
  block_size_deviation: 10
  block_restart_interval: 16
  index_block_restart_interval: 1
  metadata_block_size: 4096
  partition_filters: 0
  use_delta_encoding: 1
  filter_policy: nullptr
  whole_key_filtering: 1
  verify_compression: 0
  read_amp_bytes_per_bit: 0
  format_version: 5
  enable_index_compression: 1
  block_align: 0
2022/02/11-15:32:39.965900 7feacc4dd340        Options.write_buffer_size: 67108864
2022/02/11-15:32:39.965900 7feacc4dd340  Options.max_write_buffer_number: 2
2022/02/11-15:32:39.965901 7feacc4dd340          Options.compression: Snappy
2022/02/11-15:32:39.965901 7feacc4dd340                  Options.bottommost_compression: Disabled
2022/02/11-15:32:39.965902 7feacc4dd340       Options.prefix_extractor: nullptr
2022/02/11-15:32:39.965902 7feacc4dd340   Options.memtable_insert_with_hint_prefix_extractor: nullptr
2022/02/11-15:32:39.965903 7feacc4dd340             Options.num_levels: 7
2022/02/11-15:32:39.965903 7feacc4dd340        Options.min_write_buffer_number_to_merge: 1
2022/02/11-15:32:39.965904 7feacc4dd340     Options.max_write_buffer_number_to_maintain: 0
2022/02/11-15:32:39.965904 7feacc4dd340     Options.max_write_buffer_size_to_maintain: 0
2022/02/11-15:32:39.965905 7feacc4dd340            Options.bottommost_compression_opts.window_bits: -14
2022/02/11-15:32:39.965905 7feacc4dd340                  Options.bottommost_compression_opts.level: 32767
2022/02/11-15:32:39.965906 7feacc4dd340               Options.bottommost_compression_opts.strategy: 0
2022/02/11-15:32:39.965911 7feacc4dd340         Options.bottommost_compression_opts.max_dict_bytes: 0
2022/02/11-15:32:39.965911 7feacc4dd340         Options.bottommost_compression_opts.zstd_max_train_bytes: 0
2022/02/11-15:32:39.965912 7feacc4dd340         Options.bottommost_compression_opts.parallel_threads: 1
2022/02/11-15:32:39.965912 7feacc4dd340                  Options.bottommost_compression_opts.enabled: false
2022/02/11-15:32:39.965913 7feacc4dd340         Options.bottommost_compression_opts.max_dict_buffer_bytes: 0
2022/02/11-15:32:39.965913 7feacc4dd340            Options.compression_opts.window_bits: -14
2022/02/11-15:32:39.965914 7feacc4dd340                  Options.compression_opts.level: 32767
2022/02/11-15:32:39.965915 7feacc4dd340               Options.compression_opts.strategy: 0
2022/02/11-15:32:39.965915 7feacc4dd340         Options.compression_opts.max_dict_bytes: 0
2022/02/11-15:32:39.965916 7feacc4dd340         Options.compression_opts.zstd_max_train_bytes: 0
2022/02/11-15:32:39.965916 7feacc4dd340         Options.compression_opts.parallel_threads: 1
2022/02/11-15:32:39.965917 7feacc4dd340                  Options.compression_opts.enabled: false
2022/02/11-15:32:39.965917 7feacc4dd340         Options.compression_opts.max_dict_buffer_bytes: 0
2022/02/11-15:32:39.965917 7feacc4dd340      Options.level0_file_num_compaction_trigger: 4
2022/02/11-15:32:39.965918 7feacc4dd340          Options.level0_slowdown_writes_trigger: 20
2022/02/11-15:32:39.965918 7feacc4dd340              Options.level0_stop_writes_trigger: 36
2022/02/11-15:32:39.965919 7feacc4dd340                   Options.target_file_size_base: 67108864
2022/02/11-15:32:39.965919 7feacc4dd340             Options.target_file_size_multiplier: 1
2022/02/11-15:32:39.965920 7feacc4dd340                Options.max_bytes_for_level_base: 268435456
2022/02/11-15:32:39.965920 7feacc4dd340 Options.level_compaction_dynamic_level_bytes: 0
2022/02/11-15:32:39.965921 7feacc4dd340          Options.max_bytes_for_level_multiplier: 10.000000
2022/02/11-15:32:39.965922 7feacc4dd340 Options.max_bytes_for_level_multiplier_addtl[0]: 1
2022/02/11-15:32:39.965923 7feacc4dd340 Options.max_bytes_for_level_multiplier_addtl[1]: 1
2022/02/11-15:32:39.965923 7feacc4dd340 Options.max_bytes_for_level_multiplier_addtl[2]: 1
2022/02/11-15:32:39.965924 7feacc4dd340 Options.max_bytes_for_level_multiplier_addtl[3]: 1
2022/02/11-15:32:39.965924 7feacc4dd340 Options.max_bytes_for_level_multiplier_addtl[4]: 1
2022/02/11-15:32:39.965925 7feacc4dd340 Options.max_bytes_for_level_multiplier_addtl[5]: 1
2022/02/11-15:32:39.965925 7feacc4dd340 Options.max_bytes_for_level_multiplier_addtl[6]: 1
2022/02/11-15:32:39.965926 7feacc4dd340       Options.max_sequential_skip_in_iterations: 8
2022/02/11-15:32:39.965926 7feacc4dd340                    Options.max_compaction_bytes: 1677721600
2022/02/11-15:32:39.965927 7feacc4dd340                        Options.arena_block_size: 8388608
2022/02/11-15:32:39.965927 7feacc4dd340   Options.soft_pending_compaction_bytes_limit: 68719476736
2022/02/11-15:32:39.965928 7feacc4dd340   Options.hard_pending_compaction_bytes_limit: 274877906944
2022/02/11-15:32:39.965928 7feacc4dd340       Options.rate_limit_delay_max_milliseconds: 100
2022/02/11-15:32:39.965929 7feacc4dd340                Options.disable_auto_compactions: 0
2022/02/11-15:32:39.965930 7feacc4dd340                        Options.compaction_style: kCompactionStyleLevel
2022/02/11-15:32:39.965930 7feacc4dd340                          Options.compaction_pri: kMinOverlappingRatio
2022/02/11-15:32:39.965931 7feacc4dd340 Options.compaction_options_universal.size_ratio: 1
2022/02/11-15:32:39.965931 7feacc4dd340 Options.compaction_options_universal.min_merge_width: 2
2022/02/11-15:32:39.965932 7feacc4dd340 Options.compaction_options_universal.max_merge_width: 4294967295
2022/02/11-15:32:39.965932 7feacc4dd340 Options.compaction_options_universal.max_size_amplification_percent: 200
2022/02/11-15:32:39.965933 7feacc4dd340 Options.compaction_options_universal.compression_size_percent: -1
2022/02/11-15:32:39.965937 7feacc4dd340 Options.compaction_options_universal.stop_style: kCompactionStopStyleTotalSize
2022/02/11-15:32:39.965938 7feacc4dd340 Options.compaction_options_fifo.max_table_files_size: 1073741824
2022/02/11-15:32:39.965938 7feacc4dd340 Options.compaction_options_fifo.allow_compaction: 0
2022/02/11-15:32:39.965947 7feacc4dd340                   Options.table_properties_collectors: 
2022/02/11-15:32:39.965947 7feacc4dd340                   Options.inplace_update_support: 0
2022/02/11-15:32:39.965948 7feacc4dd340                 Options.inplace_update_num_locks: 10000
2022/02/11-15:32:39.965948 7feacc4dd340               Options.memtable_prefix_bloom_size_ratio: 0.000000
2022/02/11-15:32:39.965949 7feacc4dd340               Options.memtable_whole_key_filtering: 0
2022/02/11-15:32:39.965950 7feacc4dd340   Options.memtable_huge_page_size: 0
2022/02/11-15:32:39.965950 7feacc4dd340                           Options.bloom_locality: 0
2022/02/11-15:32:39.965951 7feacc4dd340                    Options.max_successive_merges: 0
2022/02/11-15:32:39.965951 7feacc4dd340                Options.optimize_filters_for_hits: 0
2022/02/11-15:32:39.965952 7feacc4dd340                Options.paranoid_file_checks: 0
2022/02/11-15:32:39.965952 7feacc4dd340                Options.force_consistency_checks: 1
2022/02/11-15:32:39.965953 7feacc4dd340                Options.report_bg_io_stats: 0
2022/02/11-15:32:39.965953 7feacc4dd340                               Options.ttl: 2592000
2022/02/11-15:32:39.965954 7feacc4dd340          Options.periodic_compaction_seconds: 0
2022/02/11-15:32:39.965954 7feacc4dd340                    Options.enable_blob_files: false
2022/02/11-15:32:39.965955 7feacc4dd340                        Options.min_blob_size: 0
2022/02/11-15:32:39.965955 7feacc4dd340                       Options.blob_file_size: 268435456
2022/02/11-15:32:39.965956 7feacc4dd340                Options.blob_compression_type: NoCompression
2022/02/11-15:32:39.965956 7feacc4dd340       Options.enable_blob_garbage_collection: false
2022/02/11-15:32:39.965957 7feacc4dd340   Options.blob_garbage_collection_age_cutoff: 0.250000
2022/02/11-15:32:39.965984 7feacc4dd340 [db/column_family.cc:596] --------------- Options for column family [pending_orders]:
2022/02/11-15:32:39.965985 7feacc4dd340               Options.comparator: leveldb.BytewiseComparator
2022/02/11-15:32:39.965986 7feacc4dd340           Options.merge_operator: None
2022/02/11-15:32:39.965986 7feacc4dd340        Options.compaction_filter: None
2022/02/11-15:32:39.965987 7feacc4dd340        Options.compaction_filter_factory: None
2022/02/11-15:32:39.965987 7feacc4dd340  Options.sst_partitioner_factory: None
2022/02/11-15:32:39.965987 7feacc4dd340         Options.memtable_factory: SkipListFactory
2022/02/11-15:32:39.965988 7feacc4dd340            Options.table_factory: BlockBasedTable
2022/02/11-15:32:39.965996 7feacc4dd340            table_factory options:   flush_block_policy_factory: FlushBlockBySizePolicyFactory (0x5639e3878550)
  cache_index_and_filter_blocks: 0
  cache_index_and_filter_blocks_with_high_priority: 1
  pin_l0_filter_and_index_blocks_in_cache: 0
  pin_top_level_index_and_filter: 1
  index_type: 0
  data_block_index_type: 0
  index_shortening: 1
  data_block_hash_table_util_ratio: 0.750000
  hash_index_allow_collision: 1
  checksum: 1
  no_block_cache: 0
  block_cache: 0x5639e3864dc0
  block_cache_name: LRUCache
  block_cache_options:
    capacity : 8388608
    num_shard_bits : 4
    strict_capacity_limit : 0
    memory_allocator : None
    high_pri_pool_ratio: 0.000
  block_cache_compressed: (nil)
  persistent_cache: (nil)
  block_size: 4096
  block_size_deviation: 10
  block_restart_interval: 16
  index_block_restart_interval: 1
  metadata_block_size: 4096
  partition_filters: 0
  use_delta_encoding: 1
  filter_policy: nullptr
  whole_key_filtering: 1
  verify_compression: 0
  read_amp_bytes_per_bit: 0
  format_version: 5
  enable_index_compression: 1
  block_align: 0
2022/02/11-15:32:39.965997 7feacc4dd340        Options.write_buffer_size: 67108864
2022/02/11-15:32:39.966001 7feacc4dd340  Options.max_write_buffer_number: 2
2022/02/11-15:32:39.966001 7feacc4dd340          Options.compression: Snappy
2022/02/11-15:32:39.966002 7feacc4dd340                  Options.bottommost_compression: Disabled
2022/02/11-15:32:39.966002 7feacc4dd340       Options.prefix_extractor: nullptr
2022/02/11-15:32:39.966003 7feacc4dd340   Options.memtable_insert_with_hint_prefix_extractor: nullptr
2022/02/11-15:32:39.966003 7feacc4dd340             Options.num_levels: 7
2022/02/11-15:32:39.966004 7feacc4dd340        Options.min_write_buffer_number_to_merge: 1
2022/02/11-15:32:39.966004 7feacc4dd340     Options.max_write_buffer_number_to_maintain: 0
2022/02/11-15:32:39.966005 7feacc4dd340     Options.max_write_buffer_size_to_maintain: 0
2022/02/11-15:32:39.966005 7feacc4dd340            Options.bottommost_compression_opts.window_bits: -14
2022/02/11-15:32:39.966006 7feacc4dd340                  Options.bottommost_compression_opts.level: 32767
2022/02/11-15:32:39.966006 7feacc4dd340               Options.bottommost_compression_opts.strategy: 0
2022/02/11-15:32:39.966007 7feacc4dd340         Options.bottommost_compression_opts.max_dict_bytes: 0
2022/02/11-15:32:39.966007 7feacc4dd340         Options.bottommost_compression_opts.zstd_max_train_bytes: 0
2022/02/11-15:32:39.966008 7feacc4dd340         Options.bottommost_compression_opts.parallel_threads: 1
2022/02/11-15:32:39.966008 7feacc4dd340                  Options.bottommost_compression_opts.enabled: false
2022/02/11-15:32:39.966009 7feacc4dd340         Options.bottommost_compression_opts.max_dict_buffer_bytes: 0
2022/02/11-15:32:39.966009 7feacc4dd340            Options.compression_opts.window_bits: -14
2022/02/11-15:32:39.966010 7feacc4dd340                  Options.compression_opts.level: 32767
2022/02/11-15:32:39.966010 7feacc4dd340               Options.compression_opts.strategy: 0
2022/02/11-15:32:39.966011 7feacc4dd340         Options.compression_opts.max_dict_bytes: 0
2022/02/11-15:32:39.966011 7feacc4dd340         Options.compression_opts.zstd_max_train_bytes: 0
2022/02/11-15:32:39.966012 7feacc4dd340         Options.compression_opts.parallel_threads: 1
2022/02/11-15:32:39.966012 7feacc4dd340                  Options.compression_opts.enabled: false
2022/02/11-15:32:39.966013 7feacc4dd340         Options.compression_opts.max_dict_buffer_bytes: 0
2022/02/11-15:32:39.966013 7feacc4dd340      Options.level0_file_num_compaction_trigger: 4
2022/02/11-15:32:39.966014 7feacc4dd340          Options.level0_slowdown_writes_trigger: 20
2022/02/11-15:32:39.966014 7feacc4dd340              Options.level0_stop_writes_trigger: 36
2022/02/11-15:32:39.966014 7feacc4dd340                   Options.target_file_size_base: 67108864
2022/02/11-15:32:39.966015 7feacc4dd340             Options.target_file_size_multiplier: 1
2022/02/11-15:32:39.966016 7feacc4dd340                Options.max_bytes_for_level_base: 268435456
2022/02/11-15:32:39.966016 7feacc4dd340 Options.level_compaction_dynamic_level_bytes: 0
2022/02/11-15:32:39.966016 7feacc4dd340          Options.max_bytes_for_level_multiplier: 10.000000
2022/02/11-15:32:39.966017 7feacc4dd340 Options.max_bytes_for_level_multiplier_addtl[0]: 1
2022/02/11-15:32:39.966018 7feacc4dd340 Options.max_bytes_for_level_multiplier_addtl[1]: 1
2022/02/11-15:32:39.966018 7feacc4dd340 Options.max_bytes_for_level_multiplier_addtl[2]: 1
2022/02/11-15:32:39.966019 7feacc4dd340 Options.max_bytes_for_level_multiplier_addtl[3]: 1
2022/02/11-15:32:39.966019 7feacc4dd340 Options.max_bytes_for_level_multiplier_addtl[4]: 1
2022/02/11-15:32:39.966020 7feacc4dd340 Options.max_bytes_for_level_multiplier_addtl[5]: 1
2022/02/11-15:32:39.966020 7feacc4dd340 Options.max_bytes_for_level_multiplier_addtl[6]: 1
2022/02/11-15:32:39.966021 7feacc4dd340       Options.max_sequential_skip_in_iterations: 8
2022/02/11-15:32:39.966021 7feacc4dd340                    Options.max_compaction_bytes: 1677721600
2022/02/11-15:32:39.966022 7feacc4dd340                        Options.arena_block_size: 8388608
2022/02/11-15:32:39.966022 7feacc4dd340   Options.soft_pending_compaction_bytes_limit: 68719476736
2022/02/11-15:32:39.966027 7feacc4dd340   Options.hard_pending_compaction_bytes_limit: 274877906944
2022/02/11-15:32:39.966028 7feacc4dd340       Options.rate_limit_delay_max_milliseconds: 100
2022/02/11-15:32:39.966028 7feacc4dd340                Options.disable_auto_compactions: 0
2022/02/11-15:32:39.966029 7feacc4dd340                        Options.compaction_style: kCompactionStyleLevel
2022/02/11-15:32:39.966030 7feacc4dd340                          Options.compaction_pri: kMinOverlappingRatio
2022/02/11-15:32:39.966030 7feacc4dd340 Options.compaction_options_universal.size_ratio: 1
2022/02/11-15:32:39.966031 7feacc4dd340 Options.compaction_options_universal.min_merge_width: 2
2022/02/11-15:32:39.966031 7feacc4dd340 Options.compaction_options_universal.max_merge_width: 4294967295
2022/02/11-15:32:39.966032 7feacc4dd340 Options.compaction_options_universal.max_size_amplification_percent: 200
2022/02/11-15:32:39.966032 7feacc4dd340 Options.compaction_options_universal.compression_size_percent: -1
2022/02/11-15:32:39.966033 7feacc4dd340 Options.compaction_options_universal.stop_style: kCompactionStopStyleTotalSize
2022/02/11-15:32:39.966033 7feacc4dd340 Options.compaction_options_fifo.max_table_files_size: 1073741824
2022/02/11-15:32:39.966034 7feacc4dd340 Options.compaction_options_fifo.allow_compaction: 0
2022/02/11-15:32:39.966035 7feacc4dd340                   Options.table_properties_collectors: 
2022/02/11-15:32:39.966035 7feacc4dd340                   Options.inplace_update_support: 0
2022/02/11-15:32:39.966036 7feacc4dd340                 Options.inplace_update_num_locks: 10000
2022/02/11-15:32:39.966036 7feacc4dd340               Options.memtable_prefix_bloom_size_ratio: 0.000000
2022/02/11-15:32:39.966037 7feacc4dd340               Options.memtable_whole_key_filtering: 0
2022/02/11-15:32:39.966038 7feacc4dd340   Options.memtable_huge_page_size: 0
2022/02/11-15:32:39.966038 7feacc4dd340                           Options.bloom_locality: 0
2022/02/11-15:32:39.966038 7feacc4dd340                    Options.max_successive_merges: 0
2022/02/11-15:32:39.966039 7feacc4dd340                Options.optimize_filters_for_hits: 0
2022/02/11-15:32:39.966039 7feacc4dd340                Options.paranoid_file_checks: 0
2022/02/11-15:32:39.966040 7feacc4dd340                Options.force_consistency_checks: 1
2022/02/11-15:32:39.966040 7feacc4dd340                Options.report_bg_io_stats: 0
2022/02/11-15:32:39.966041 7feacc4dd340                               Options.ttl: 2592000
2022/02/11-15:32:39.966041 7feacc4dd340          Options.periodic_compaction_seconds: 0
2022/02/11-15:32:39.966042 7feacc4dd340                    Options.enable_blob_files: false
2022/02/11-15:32:39.966042 7feacc4dd340                        Options.min_blob_size: 0
2022/02/11-15:32:39.966043 7feacc4dd340                       Options.blob_file_size: 268435456
2022/02/11-15:32:39.966043 7feacc4dd340                Options.blob_compression_type: NoCompression
2022/02/11-15:32:39.966044 7feacc4dd340       Options.enable_blob_garbage_collection: false
2022/02/11-15:32:39.966044 7feacc4dd340   Options.blob_garbage_collection_age_cutoff: 0.250000
2022/02/11-15:32:39.966056 7feacc4dd340 [db/column_family.cc:596] --------------- Options for column family [certificates]:
2022/02/11-15:32:39.966057 7feacc4dd340               Options.comparator: leveldb.BytewiseComparator
2022/02/11-15:32:39.966057 7feacc4dd340           Options.merge_operator: None
2022/02/11-15:32:39.966058 7feacc4dd340        Options.compaction_filter: None
2022/02/11-15:32:39.966058 7feacc4dd340        Options.compaction_filter_factory: None
2022/02/11-15:32:39.966059 7feacc4dd340  Options.sst_partitioner_factory: None
2022/02/11-15:32:39.966059 7feacc4dd340         Options.memtable_factory: SkipListFactory
2022/02/11-15:32:39.966060 7feacc4dd340            Options.table_factory: BlockBasedTable
2022/02/11-15:32:39.966067 7feacc4dd340            table_factory options:   flush_block_policy_factory: FlushBlockBySizePolicyFactory (0x5639e3870ee0)
  cache_index_and_filter_blocks: 0
  cache_index_and_filter_blocks_with_high_priority: 1
  pin_l0_filter_and_index_blocks_in_cache: 0
  pin_top_level_index_and_filter: 1
  index_type: 0
  data_block_index_type: 0
  index_shortening: 1
  data_block_hash_table_util_ratio: 0.750000
  hash_index_allow_collision: 1
  checksum: 1
  no_block_cache: 0
  block_cache: 0x5639e3895d30
  block_cache_name: LRUCache
  block_cache_options:
    capacity : 8388608
    num_shard_bits : 4
    strict_capacity_limit : 0
    memory_allocator : None
    high_pri_pool_ratio: 0.000
  block_cache_compressed: (nil)
  persistent_cache: (nil)
  block_size: 4096
  block_size_deviation: 10
  block_restart_interval: 16
  index_block_restart_interval: 1
  metadata_block_size: 4096
  partition_filters: 0
  use_delta_encoding: 1
  filter_policy: nullptr
  whole_key_filtering: 1
  verify_compression: 0
  read_amp_bytes_per_bit: 0
  format_version: 5
  enable_index_compression: 1
  block_align: 0
2022/02/11-15:32:39.966071 7feacc4dd340        Options.write_buffer_size: 67108864
2022/02/11-15:32:39.966071 7feacc4dd340  Options.max_write_buffer_number: 2
2022/02/11-15:32:39.966072 7feacc4dd340          Options.compression: Snappy
2022/02/11-15:32:39.966072 7feacc4dd340                  Options.bottommost_compression: Disabled
2022/02/11-15:32:39.966073 7feacc4dd340       Options.prefix_extractor: nullptr
2022/02/11-15:32:39.966073 7feacc4dd340   Options.memtable_insert_with_hint_prefix_extractor: nullptr
2022/02/11-15:32:39.966073 7feacc4dd340             Options.num_levels: 7
2022/02/11-15:32:39.966074 7feacc4dd340        Options.min_write_buffer_number_to_merge: 1
2022/02/11-15:32:39.966074 7feacc4dd340     Options.max_write_buffer_number_to_maintain: 0
2022/02/11-15:32:39.966075 7feacc4dd340     Options.max_write_buffer_size_to_maintain: 0
2022/02/11-15:32:39.966075 7feacc4dd340            Options.bottommost_compression_opts.window_bits: -14
2022/02/11-15:32:39.966076 7feacc4dd340                  Options.bottommost_compression_opts.level: 32767
2022/02/11-15:32:39.966076 7feacc4dd340               Options.bottommost_compression_opts.strategy: 0
2022/02/11-15:32:39.966077 7feacc4dd340         Options.bottommost_compression_opts.max_dict_bytes: 0
2022/02/11-15:32:39.966077 7feacc4dd340         Options.bottommost_compression_opts.zstd_max_train_bytes: 0
2022/02/11-15:32:39.966078 7feacc4dd340         Options.bottommost_compression_opts.parallel_threads: 1
2022/02/11-15:32:39.966078 7feacc4dd340                  Options.bottommost_compression_opts.enabled: false
2022/02/11-15:32:39.966078 7feacc4dd340         Options.bottommost_compression_opts.max_dict_buffer_bytes: 0
2022/02/11-15:32:39.966079 7feacc4dd340            Options.compression_opts.window_bits: -14
2022/02/11-15:32:39.966079 7feacc4dd340                  Options.compression_opts.level: 32767
2022/02/11-15:32:39.966080 7feacc4dd340               Options.compression_opts.strategy: 0
2022/02/11-15:32:39.966080 7feacc4dd340         Options.compression_opts.max_dict_bytes: 0
2022/02/11-15:32:39.966081 7feacc4dd340         Options.compression_opts.zstd_max_train_bytes: 0
2022/02/11-15:32:39.966081 7feacc4dd340         Options.compression_opts.parallel_threads: 1
2022/02/11-15:32:39.966082 7feacc4dd340                  Options.compression_opts.enabled: false
2022/02/11-15:32:39.966082 7feacc4dd340         Options.compression_opts.max_dict_buffer_bytes: 0
2022/02/11-15:32:39.966083 7feacc4dd340      Options.level0_file_num_compaction_trigger: 4
2022/02/11-15:32:39.966083 7feacc4dd340          Options.level0_slowdown_writes_trigger: 20
2022/02/11-15:32:39.966083 7feacc4dd340              Options.level0_stop_writes_trigger: 36
2022/02/11-15:32:39.966084 7feacc4dd340                   Options.target_file_size_base: 67108864
2022/02/11-15:32:39.966084 7feacc4dd340             Options.target_file_size_multiplier: 1
2022/02/11-15:32:39.966085 7feacc4dd340                Options.max_bytes_for_level_base: 268435456
2022/02/11-15:32:39.966085 7feacc4dd340 Options.level_compaction_dynamic_level_bytes: 0
2022/02/11-15:32:39.966089 7feacc4dd340          Options.max_bytes_for_level_multiplier: 10.000000
2022/02/11-15:32:39.966090 7feacc4dd340 Options.max_bytes_for_level_multiplier_addtl[0]: 1
2022/02/11-15:32:39.966090 7feacc4dd340 Options.max_bytes_for_level_multiplier_addtl[1]: 1
2022/02/11-15:32:39.966091 7feacc4dd340 Options.max_bytes_for_level_multiplier_addtl[2]: 1
2022/02/11-15:32:39.966091 7feacc4dd340 Options.max_bytes_for_level_multiplier_addtl[3]: 1
2022/02/11-15:32:39.966092 7feacc4dd340 Options.max_bytes_for_level_multiplier_addtl[4]: 1
2022/02/11-15:32:39.966092 7feacc4dd340 Options.max_bytes_for_level_multiplier_addtl[5]: 1
2022/02/11-15:32:39.966093 7feacc4dd340 Options.max_bytes_for_level_multiplier_addtl[6]: 1
2022/02/11-15:32:39.966093 7feacc4dd340       Options.max_sequential_skip_in_iterations: 8
2022/02/11-15:32:39.966094 7feacc4dd340                    Options.max_compaction_bytes: 1677721600
2022/02/11-15:32:39.966094 7feacc4dd340                        Options.arena_block_size: 8388608
2022/02/11-15:32:39.966096 7feacc4dd340   Options.soft_pending_compaction_bytes_limit: 68719476736
2022/02/11-15:32:39.966096 7feacc4dd340   Options.hard_pending_compaction_bytes_limit: 274877906944
2022/02/11-15:32:39.966097 7feacc4dd340       Options.rate_limit_delay_max_milliseconds: 100
2022/02/11-15:32:39.966097 7feacc4dd340                Options.disable_auto_compactions: 0
2022/02/11-15:32:39.966098 7feacc4dd340                        Options.compaction_style: kCompactionStyleLevel
2022/02/11-15:32:39.966099 7feacc4dd340                          Options.compaction_pri: kMinOverlappingRatio
2022/02/11-15:32:39.966099 7feacc4dd340 Options.compaction_options_universal.size_ratio: 1
2022/02/11-15:32:39.966100 7feacc4dd340 Options.compaction_options_universal.min_merge_width: 2
2022/02/11-15:32:39.966100 7feacc4dd340 Options.compaction_options_universal.max_merge_width: 4294967295
2022/02/11-15:32:39.966100 7feacc4dd340 Options.compaction_options_universal.max_size_amplification_percent: 200
2022/02/11-15:32:39.966101 7feacc4dd340 Options.compaction_options_universal.compression_size_percent: -1
2022/02/11-15:32:39.966102 7feacc4dd340 Options.compaction_options_universal.stop_style: kCompactionStopStyleTotalSize
2022/02/11-15:32:39.966102 7feacc4dd340 Options.compaction_options_fifo.max_table_files_size: 1073741824
2022/02/11-15:32:39.966103 7feacc4dd340 Options.compaction_options_fifo.allow_compaction: 0
2022/02/11-15:32:39.966104 7feacc4dd340                   Options.table_properties_collectors: 
2022/02/11-15:32:39.966104 7feacc4dd340                   Options.inplace_update_support: 0
2022/02/11-15:32:39.966105 7feacc4dd340                 Options.inplace_update_num_locks: 10000
2022/02/11-15:32:39.966105 7feacc4dd340               Options.memtable_prefix_bloom_size_ratio: 0.000000
2022/02/11-15:32:39.966106 7feacc4dd340               Options.memtable_whole_key_filtering: 0
2022/02/11-15:32:39.966106 7feacc4dd340   Options.memtable_huge_page_size: 0
2022/02/11-15:32:39.966107 7feacc4dd340                           Options.bloom_locality: 0
2022/02/11-15:32:39.966107 7feacc4dd340                    Options.max_successive_merges: 0
2022/02/11-15:32:39.966107 7feacc4dd340                Options.optimize_filters_for_hits: 0
2022/02/11-15:32:39.966108 7feacc4dd340                Options.paranoid_file_checks: 0
2022/02/11-15:32:39.966108 7feacc4dd340                Options.force_consistency_checks: 1
2022/02/11-15:32:39.966109 7feacc4dd340                Options.report_bg_io_stats: 0
2022/02/11-15:32:39.966109 7feacc4dd340                               Options.ttl: 2592000
2022/02/11-15:32:39.966110 7feacc4dd340          Options.periodic_compaction_seconds: 0
2022/02/11-15:32:39.966110 7feacc4dd340                    Options.enable_blob_files: false
2022/02/11-15:32:39.966111 7feacc4dd340                        Options.min_blob_size: 0
2022/02/11-15:32:39.966111 7feacc4dd340                       Options.blob_file_size: 268435456
2022/02/11-15:32:39.966112 7feacc4dd340                Options.blob_compression_type: NoCompression
2022/02/11-15:32:39.966115 7feacc4dd340       Options.enable_blob_garbage_collection: false
2022/02/11-15:32:39.966115 7feacc4dd340   Options.blob_garbage_collection_age_cutoff: 0.250000
2022/02/11-15:32:39.966126 7feacc4dd340 [db/column_family.cc:596] --------------- Options for column family [object_certs]:
2022/02/11-15:32:39.966127 7feacc4dd340               Options.comparator: leveldb.BytewiseComparator
2022/02/11-15:32:39.966127 7feacc4dd340           Options.merge_operator: None
2022/02/11-15:32:39.966128 7feacc4dd340        Options.compaction_filter: None
2022/02/11-15:32:39.966128 7feacc4dd340        Options.compaction_filter_factory: None
2022/02/11-15:32:39.966129 7feacc4dd340  Options.sst_partitioner_factory: None
2022/02/11-15:32:39.966129 7feacc4dd340         Options.memtable_factory: SkipListFactory
2022/02/11-15:32:39.966130 7feacc4dd340            Options.table_factory: BlockBasedTable
2022/02/11-15:32:39.966139 7feacc4dd340            table_factory options:   flush_block_policy_factory: FlushBlockBySizePolicyFactory (0x5639e386b930)
  cache_index_and_filter_blocks: 0
  cache_index_and_filter_blocks_with_high_priority: 1
  pin_l0_filter_and_index_blocks_in_cache: 0
  pin_top_level_index_and_filter: 1
  index_type: 0
  data_block_index_type: 0
  index_shortening: 1
  data_block_hash_table_util_ratio: 0.750000
  hash_index_allow_collision: 1
  checksum: 1
  no_block_cache: 0
  block_cache: 0x5639e37ce2f0
  block_cache_name: LRUCache
  block_cache_options:
    capacity : 8388608
    num_shard_bits : 4
    strict_capacity_limit : 0
    memory_allocator : None
    high_pri_pool_ratio: 0.000
  block_cache_compressed: (nil)
  persistent_cache: (nil)
  block_size: 4096
  block_size_deviation: 10
  block_restart_interval: 16
  index_block_restart_interval: 1
  metadata_block_size: 4096
  partition_filters: 0
  use_delta_encoding: 1
  filter_policy: nullptr
  whole_key_filtering: 1
  verify_compression: 0
  read_amp_bytes_per_bit: 0
  format_version: 5
  enable_index_compression: 1
  block_align: 0
2022/02/11-15:32:39.966139 7feacc4dd340        Options.write_buffer_size: 67108864
2022/02/11-15:32:39.966140 7feacc4dd340  Options.max_write_buffer_number: 2
2022/02/11-15:32:39.966140 7feacc4dd340          Options.compression: Snappy
2022/02/11-15:32:39.966141 7feacc4dd340                  Options.bottommost_compression: Disabled
2022/02/11-15:32:39.966141 7feacc4dd340       Options.prefix_extractor: nullptr
2022/02/11-15:32:39.966142 7feacc4dd340   Options.memtable_insert_with_hint_prefix_extractor: nullptr
2022/02/11-15:32:39.966142 7feacc4dd340             Options.num_levels: 7
2022/02/11-15:32:39.966143 7feacc4dd340        Options.min_write_buffer_number_to_merge: 1
2022/02/11-15:32:39.966143 7feacc4dd340     Options.max_write_buffer_number_to_maintain: 0
2022/02/11-15:32:39.966144 7feacc4dd340     Options.max_write_buffer_size_to_maintain: 0
2022/02/11-15:32:39.966144 7feacc4dd340            Options.bottommost_compression_opts.window_bits: -14
