2022/02/11-15:49:24.607728 7fe45ba6f340 RocksDB version: 6.20.3
2022/02/11-15:49:24.607738 7fe45ba6f340 Git sha 8608d75d85f8e1b3b64b73a4fb6d19baec61ba5c
2022/02/11-15:49:24.607739 7fe45ba6f340 Compile date 2021-05-05 20:35:30
2022/02/11-15:49:24.607762 7fe45ba6f340 DB SUMMARY
2022/02/11-15:49:24.607762 7fe45ba6f340 DB Session ID:  E2OF46I3U2X6TFWHE0KH
2022/02/11-15:49:24.607779 7fe45ba6f340 CURRENT file:  CURRENT
2022/02/11-15:49:24.607780 7fe45ba6f340 IDENTITY file:  IDENTITY
2022/02/11-15:49:24.607782 7fe45ba6f340 MANIFEST file:  MANIFEST-000226 size: 951 Bytes
2022/02/11-15:49:24.607783 7fe45ba6f340 SST files in ./client_db/k#0cb84c21b4827de0f5bc2405119b2db68280b6aba623888d59a1ba0ea9a8c83b dir, Total Num: 0, files: 
2022/02/11-15:49:24.607784 7fe45ba6f340 Write Ahead Log file in ./client_db/k#0cb84c21b4827de0f5bc2405119b2db68280b6aba623888d59a1ba0ea9a8c83b: 000227.log size: 810 ; 
2022/02/11-15:49:24.607785 7fe45ba6f340                         Options.error_if_exists: 0
2022/02/11-15:49:24.607786 7fe45ba6f340                       Options.create_if_missing: 1
2022/02/11-15:49:24.607786 7fe45ba6f340                         Options.paranoid_checks: 1
2022/02/11-15:49:24.607787 7fe45ba6f340                               Options.track_and_verify_wals_in_manifest: 0
2022/02/11-15:49:24.607787 7fe45ba6f340                                     Options.env: 0x559ea3661420
2022/02/11-15:49:24.607788 7fe45ba6f340                                      Options.fs: Posix File System
2022/02/11-15:49:24.607789 7fe45ba6f340                                Options.info_log: 0x559ea4937eb0
2022/02/11-15:49:24.607789 7fe45ba6f340                Options.max_file_opening_threads: 16
2022/02/11-15:49:24.607790 7fe45ba6f340                              Options.statistics: (nil)
2022/02/11-15:49:24.607790 7fe45ba6f340                               Options.use_fsync: 0
2022/02/11-15:49:24.607791 7fe45ba6f340                       Options.max_log_file_size: 0
2022/02/11-15:49:24.607791 7fe45ba6f340                  Options.max_manifest_file_size: 1073741824
2022/02/11-15:49:24.607792 7fe45ba6f340                   Options.log_file_time_to_roll: 0
2022/02/11-15:49:24.607792 7fe45ba6f340                       Options.keep_log_file_num: 1000
2022/02/11-15:49:24.607793 7fe45ba6f340                    Options.recycle_log_file_num: 0
2022/02/11-15:49:24.607793 7fe45ba6f340                         Options.allow_fallocate: 1
2022/02/11-15:49:24.607794 7fe45ba6f340                        Options.allow_mmap_reads: 0
2022/02/11-15:49:24.607794 7fe45ba6f340                       Options.allow_mmap_writes: 0
2022/02/11-15:49:24.607794 7fe45ba6f340                        Options.use_direct_reads: 0
2022/02/11-15:49:24.607795 7fe45ba6f340                        Options.use_direct_io_for_flush_and_compaction: 0
2022/02/11-15:49:24.607795 7fe45ba6f340          Options.create_missing_column_families: 1
2022/02/11-15:49:24.607796 7fe45ba6f340                              Options.db_log_dir: 
2022/02/11-15:49:24.607796 7fe45ba6f340                                 Options.wal_dir: ./client_db/k#0cb84c21b4827de0f5bc2405119b2db68280b6aba623888d59a1ba0ea9a8c83b
2022/02/11-15:49:24.607797 7fe45ba6f340                Options.table_cache_numshardbits: 6
2022/02/11-15:49:24.607797 7fe45ba6f340                         Options.WAL_ttl_seconds: 0
2022/02/11-15:49:24.607798 7fe45ba6f340                       Options.WAL_size_limit_MB: 0
2022/02/11-15:49:24.607798 7fe45ba6f340                        Options.max_write_batch_group_size_bytes: 1048576
2022/02/11-15:49:24.607799 7fe45ba6f340             Options.manifest_preallocation_size: 4194304
2022/02/11-15:49:24.607799 7fe45ba6f340                     Options.is_fd_close_on_exec: 1
2022/02/11-15:49:24.607799 7fe45ba6f340                   Options.advise_random_on_open: 1
2022/02/11-15:49:24.607800 7fe45ba6f340                    Options.db_write_buffer_size: 0
2022/02/11-15:49:24.607800 7fe45ba6f340                    Options.write_buffer_manager: 0x559ea485f1d0
2022/02/11-15:49:24.607801 7fe45ba6f340         Options.access_hint_on_compaction_start: 1
2022/02/11-15:49:24.607801 7fe45ba6f340  Options.new_table_reader_for_compaction_inputs: 0
2022/02/11-15:49:24.607806 7fe45ba6f340           Options.random_access_max_buffer_size: 1048576
2022/02/11-15:49:24.607807 7fe45ba6f340                      Options.use_adaptive_mutex: 0
2022/02/11-15:49:24.607807 7fe45ba6f340                            Options.rate_limiter: (nil)
2022/02/11-15:49:24.607808 7fe45ba6f340     Options.sst_file_manager.rate_bytes_per_sec: 0
2022/02/11-15:49:24.607808 7fe45ba6f340                       Options.wal_recovery_mode: 2
2022/02/11-15:49:24.607809 7fe45ba6f340                  Options.enable_thread_tracking: 0
2022/02/11-15:49:24.607809 7fe45ba6f340                  Options.enable_pipelined_write: 0
2022/02/11-15:49:24.607810 7fe45ba6f340                  Options.unordered_write: 0
2022/02/11-15:49:24.607810 7fe45ba6f340         Options.allow_concurrent_memtable_write: 1
2022/02/11-15:49:24.607810 7fe45ba6f340      Options.enable_write_thread_adaptive_yield: 1
2022/02/11-15:49:24.607811 7fe45ba6f340             Options.write_thread_max_yield_usec: 100
2022/02/11-15:49:24.607811 7fe45ba6f340            Options.write_thread_slow_yield_usec: 3
2022/02/11-15:49:24.607812 7fe45ba6f340                               Options.row_cache: None
2022/02/11-15:49:24.607812 7fe45ba6f340                              Options.wal_filter: None
2022/02/11-15:49:24.607813 7fe45ba6f340             Options.avoid_flush_during_recovery: 0
2022/02/11-15:49:24.607813 7fe45ba6f340             Options.allow_ingest_behind: 0
2022/02/11-15:49:24.607814 7fe45ba6f340             Options.preserve_deletes: 0
2022/02/11-15:49:24.607814 7fe45ba6f340             Options.two_write_queues: 0
2022/02/11-15:49:24.607814 7fe45ba6f340             Options.manual_wal_flush: 0
2022/02/11-15:49:24.607815 7fe45ba6f340             Options.atomic_flush: 0
2022/02/11-15:49:24.607815 7fe45ba6f340             Options.avoid_unnecessary_blocking_io: 0
2022/02/11-15:49:24.607816 7fe45ba6f340                 Options.persist_stats_to_disk: 0
2022/02/11-15:49:24.607816 7fe45ba6f340                 Options.write_dbid_to_manifest: 0
2022/02/11-15:49:24.607817 7fe45ba6f340                 Options.log_readahead_size: 0
2022/02/11-15:49:24.607817 7fe45ba6f340                 Options.file_checksum_gen_factory: Unknown
2022/02/11-15:49:24.607818 7fe45ba6f340                 Options.best_efforts_recovery: 0
2022/02/11-15:49:24.607818 7fe45ba6f340                Options.max_bgerror_resume_count: 2147483647
2022/02/11-15:49:24.607818 7fe45ba6f340            Options.bgerror_resume_retry_interval: 1000000
2022/02/11-15:49:24.607819 7fe45ba6f340             Options.allow_data_in_errors: 0
2022/02/11-15:49:24.607819 7fe45ba6f340             Options.db_host_id: __hostname__
2022/02/11-15:49:24.607820 7fe45ba6f340             Options.max_background_jobs: 2
2022/02/11-15:49:24.607820 7fe45ba6f340             Options.max_background_compactions: -1
2022/02/11-15:49:24.607821 7fe45ba6f340             Options.max_subcompactions: 1
2022/02/11-15:49:24.607821 7fe45ba6f340             Options.avoid_flush_during_shutdown: 0
2022/02/11-15:49:24.607822 7fe45ba6f340           Options.writable_file_max_buffer_size: 1048576
2022/02/11-15:49:24.607822 7fe45ba6f340             Options.delayed_write_rate : 16777216
2022/02/11-15:49:24.607823 7fe45ba6f340             Options.max_total_wal_size: 0
2022/02/11-15:49:24.607823 7fe45ba6f340             Options.delete_obsolete_files_period_micros: 21600000000
2022/02/11-15:49:24.607824 7fe45ba6f340                   Options.stats_dump_period_sec: 600
2022/02/11-15:49:24.607824 7fe45ba6f340                 Options.stats_persist_period_sec: 600
2022/02/11-15:49:24.607825 7fe45ba6f340                 Options.stats_history_buffer_size: 1048576
2022/02/11-15:49:24.607825 7fe45ba6f340                          Options.max_open_files: -1
2022/02/11-15:49:24.607826 7fe45ba6f340                          Options.bytes_per_sync: 0
2022/02/11-15:49:24.607826 7fe45ba6f340                      Options.wal_bytes_per_sync: 0
2022/02/11-15:49:24.607826 7fe45ba6f340                   Options.strict_bytes_per_sync: 0
2022/02/11-15:49:24.607829 7fe45ba6f340       Options.compaction_readahead_size: 0
2022/02/11-15:49:24.607830 7fe45ba6f340                  Options.max_background_flushes: -1
2022/02/11-15:49:24.607830 7fe45ba6f340 Compression algorithms supported:
2022/02/11-15:49:24.607831 7fe45ba6f340 	kZSTDNotFinalCompression supported: 1
2022/02/11-15:49:24.607832 7fe45ba6f340 	kZSTD supported: 1
2022/02/11-15:49:24.607832 7fe45ba6f340 	kXpressCompression supported: 0
2022/02/11-15:49:24.607833 7fe45ba6f340 	kLZ4HCCompression supported: 1
2022/02/11-15:49:24.607833 7fe45ba6f340 	kLZ4Compression supported: 1
2022/02/11-15:49:24.607834 7fe45ba6f340 	kBZip2Compression supported: 1
2022/02/11-15:49:24.607834 7fe45ba6f340 	kZlibCompression supported: 1
2022/02/11-15:49:24.607835 7fe45ba6f340 	kSnappyCompression supported: 1
2022/02/11-15:49:24.607836 7fe45ba6f340 Fast CRC32 supported: Not supported on x86
2022/02/11-15:49:24.607854 7fe45ba6f340 [db/version_set.cc:4626] Recovering from manifest file: ./client_db/k#0cb84c21b4827de0f5bc2405119b2db68280b6aba623888d59a1ba0ea9a8c83b/MANIFEST-000226
2022/02/11-15:49:24.607912 7fe45ba6f340 [db/column_family.cc:596] --------------- Options for column family [default]:
2022/02/11-15:49:24.607913 7fe45ba6f340               Options.comparator: leveldb.BytewiseComparator
2022/02/11-15:49:24.607914 7fe45ba6f340           Options.merge_operator: None
2022/02/11-15:49:24.607914 7fe45ba6f340        Options.compaction_filter: None
2022/02/11-15:49:24.607915 7fe45ba6f340        Options.compaction_filter_factory: None
2022/02/11-15:49:24.607915 7fe45ba6f340  Options.sst_partitioner_factory: None
2022/02/11-15:49:24.607916 7fe45ba6f340         Options.memtable_factory: SkipListFactory
2022/02/11-15:49:24.607916 7fe45ba6f340            Options.table_factory: BlockBasedTable
2022/02/11-15:49:24.607930 7fe45ba6f340            table_factory options:   flush_block_policy_factory: FlushBlockBySizePolicyFactory (0x559ea48f5eb0)
  cache_index_and_filter_blocks: 0
  cache_index_and_filter_blocks_with_high_priority: 1
  pin_l0_filter_and_index_blocks_in_cache: 0
  pin_top_level_index_and_filter: 1
  index_type: 0
  data_block_index_type: 0
  index_shortening: 1
  data_block_hash_table_util_ratio: 0.750000
  hash_index_allow_collision: 1
  checksum: 1
  no_block_cache: 0
  block_cache: 0x559ea49d1510
  block_cache_name: LRUCache
  block_cache_options:
    capacity : 8388608
    num_shard_bits : 4
    strict_capacity_limit : 0
    memory_allocator : None
    high_pri_pool_ratio: 0.000
  block_cache_compressed: (nil)
  persistent_cache: (nil)
  block_size: 4096
  block_size_deviation: 10
  block_restart_interval: 16
  index_block_restart_interval: 1
  metadata_block_size: 4096
  partition_filters: 0
  use_delta_encoding: 1
  filter_policy: nullptr
  whole_key_filtering: 1
  verify_compression: 0
  read_amp_bytes_per_bit: 0
  format_version: 5
  enable_index_compression: 1
  block_align: 0
2022/02/11-15:49:24.607932 7fe45ba6f340        Options.write_buffer_size: 67108864
2022/02/11-15:49:24.607932 7fe45ba6f340  Options.max_write_buffer_number: 2
2022/02/11-15:49:24.607933 7fe45ba6f340          Options.compression: Snappy
2022/02/11-15:49:24.607933 7fe45ba6f340                  Options.bottommost_compression: Disabled
2022/02/11-15:49:24.607934 7fe45ba6f340       Options.prefix_extractor: nullptr
2022/02/11-15:49:24.607934 7fe45ba6f340   Options.memtable_insert_with_hint_prefix_extractor: nullptr
2022/02/11-15:49:24.607935 7fe45ba6f340             Options.num_levels: 7
2022/02/11-15:49:24.607935 7fe45ba6f340        Options.min_write_buffer_number_to_merge: 1
2022/02/11-15:49:24.607936 7fe45ba6f340     Options.max_write_buffer_number_to_maintain: 0
2022/02/11-15:49:24.607936 7fe45ba6f340     Options.max_write_buffer_size_to_maintain: 0
2022/02/11-15:49:24.607937 7fe45ba6f340            Options.bottommost_compression_opts.window_bits: -14
2022/02/11-15:49:24.607937 7fe45ba6f340                  Options.bottommost_compression_opts.level: 32767
2022/02/11-15:49:24.607938 7fe45ba6f340               Options.bottommost_compression_opts.strategy: 0
2022/02/11-15:49:24.607942 7fe45ba6f340         Options.bottommost_compression_opts.max_dict_bytes: 0
2022/02/11-15:49:24.607943 7fe45ba6f340         Options.bottommost_compression_opts.zstd_max_train_bytes: 0
2022/02/11-15:49:24.607943 7fe45ba6f340         Options.bottommost_compression_opts.parallel_threads: 1
2022/02/11-15:49:24.607944 7fe45ba6f340                  Options.bottommost_compression_opts.enabled: false
2022/02/11-15:49:24.607944 7fe45ba6f340         Options.bottommost_compression_opts.max_dict_buffer_bytes: 0
2022/02/11-15:49:24.607945 7fe45ba6f340            Options.compression_opts.window_bits: -14
2022/02/11-15:49:24.607945 7fe45ba6f340                  Options.compression_opts.level: 32767
2022/02/11-15:49:24.607946 7fe45ba6f340               Options.compression_opts.strategy: 0
2022/02/11-15:49:24.607946 7fe45ba6f340         Options.compression_opts.max_dict_bytes: 0
2022/02/11-15:49:24.607947 7fe45ba6f340         Options.compression_opts.zstd_max_train_bytes: 0
2022/02/11-15:49:24.607947 7fe45ba6f340         Options.compression_opts.parallel_threads: 1
2022/02/11-15:49:24.607947 7fe45ba6f340                  Options.compression_opts.enabled: false
2022/02/11-15:49:24.607948 7fe45ba6f340         Options.compression_opts.max_dict_buffer_bytes: 0
2022/02/11-15:49:24.607948 7fe45ba6f340      Options.level0_file_num_compaction_trigger: 4
2022/02/11-15:49:24.607949 7fe45ba6f340          Options.level0_slowdown_writes_trigger: 20
2022/02/11-15:49:24.607949 7fe45ba6f340              Options.level0_stop_writes_trigger: 36
2022/02/11-15:49:24.607950 7fe45ba6f340                   Options.target_file_size_base: 67108864
2022/02/11-15:49:24.607950 7fe45ba6f340             Options.target_file_size_multiplier: 1
2022/02/11-15:49:24.607951 7fe45ba6f340                Options.max_bytes_for_level_base: 268435456
2022/02/11-15:49:24.607951 7fe45ba6f340 Options.level_compaction_dynamic_level_bytes: 0
2022/02/11-15:49:24.607952 7fe45ba6f340          Options.max_bytes_for_level_multiplier: 10.000000
2022/02/11-15:49:24.607953 7fe45ba6f340 Options.max_bytes_for_level_multiplier_addtl[0]: 1
2022/02/11-15:49:24.607953 7fe45ba6f340 Options.max_bytes_for_level_multiplier_addtl[1]: 1
2022/02/11-15:49:24.607954 7fe45ba6f340 Options.max_bytes_for_level_multiplier_addtl[2]: 1
2022/02/11-15:49:24.607954 7fe45ba6f340 Options.max_bytes_for_level_multiplier_addtl[3]: 1
2022/02/11-15:49:24.607955 7fe45ba6f340 Options.max_bytes_for_level_multiplier_addtl[4]: 1
2022/02/11-15:49:24.607955 7fe45ba6f340 Options.max_bytes_for_level_multiplier_addtl[5]: 1
2022/02/11-15:49:24.607956 7fe45ba6f340 Options.max_bytes_for_level_multiplier_addtl[6]: 1
2022/02/11-15:49:24.607956 7fe45ba6f340       Options.max_sequential_skip_in_iterations: 8
2022/02/11-15:49:24.607956 7fe45ba6f340                    Options.max_compaction_bytes: 1677721600
2022/02/11-15:49:24.607957 7fe45ba6f340                        Options.arena_block_size: 8388608
2022/02/11-15:49:24.607957 7fe45ba6f340   Options.soft_pending_compaction_bytes_limit: 68719476736
2022/02/11-15:49:24.607958 7fe45ba6f340   Options.hard_pending_compaction_bytes_limit: 274877906944
2022/02/11-15:49:24.607958 7fe45ba6f340       Options.rate_limit_delay_max_milliseconds: 100
2022/02/11-15:49:24.607959 7fe45ba6f340                Options.disable_auto_compactions: 0
2022/02/11-15:49:24.607960 7fe45ba6f340                        Options.compaction_style: kCompactionStyleLevel
2022/02/11-15:49:24.607961 7fe45ba6f340                          Options.compaction_pri: kMinOverlappingRatio
2022/02/11-15:49:24.607961 7fe45ba6f340 Options.compaction_options_universal.size_ratio: 1
2022/02/11-15:49:24.607962 7fe45ba6f340 Options.compaction_options_universal.min_merge_width: 2
2022/02/11-15:49:24.607962 7fe45ba6f340 Options.compaction_options_universal.max_merge_width: 4294967295
2022/02/11-15:49:24.607963 7fe45ba6f340 Options.compaction_options_universal.max_size_amplification_percent: 200
2022/02/11-15:49:24.607963 7fe45ba6f340 Options.compaction_options_universal.compression_size_percent: -1
2022/02/11-15:49:24.607966 7fe45ba6f340 Options.compaction_options_universal.stop_style: kCompactionStopStyleTotalSize
2022/02/11-15:49:24.607967 7fe45ba6f340 Options.compaction_options_fifo.max_table_files_size: 1073741824
2022/02/11-15:49:24.607967 7fe45ba6f340 Options.compaction_options_fifo.allow_compaction: 0
2022/02/11-15:49:24.607973 7fe45ba6f340                   Options.table_properties_collectors: 
2022/02/11-15:49:24.607973 7fe45ba6f340                   Options.inplace_update_support: 0
2022/02/11-15:49:24.607974 7fe45ba6f340                 Options.inplace_update_num_locks: 10000
2022/02/11-15:49:24.607974 7fe45ba6f340               Options.memtable_prefix_bloom_size_ratio: 0.000000
2022/02/11-15:49:24.607975 7fe45ba6f340               Options.memtable_whole_key_filtering: 0
2022/02/11-15:49:24.607975 7fe45ba6f340   Options.memtable_huge_page_size: 0
2022/02/11-15:49:24.607976 7fe45ba6f340                           Options.bloom_locality: 0
2022/02/11-15:49:24.607976 7fe45ba6f340                    Options.max_successive_merges: 0
2022/02/11-15:49:24.607977 7fe45ba6f340                Options.optimize_filters_for_hits: 0
2022/02/11-15:49:24.607977 7fe45ba6f340                Options.paranoid_file_checks: 0
2022/02/11-15:49:24.607977 7fe45ba6f340                Options.force_consistency_checks: 1
2022/02/11-15:49:24.607978 7fe45ba6f340                Options.report_bg_io_stats: 0
2022/02/11-15:49:24.607978 7fe45ba6f340                               Options.ttl: 2592000
2022/02/11-15:49:24.607979 7fe45ba6f340          Options.periodic_compaction_seconds: 0
2022/02/11-15:49:24.607979 7fe45ba6f340                    Options.enable_blob_files: false
2022/02/11-15:49:24.607980 7fe45ba6f340                        Options.min_blob_size: 0
2022/02/11-15:49:24.607980 7fe45ba6f340                       Options.blob_file_size: 268435456
2022/02/11-15:49:24.607981 7fe45ba6f340                Options.blob_compression_type: NoCompression
2022/02/11-15:49:24.607981 7fe45ba6f340       Options.enable_blob_garbage_collection: false
2022/02/11-15:49:24.607982 7fe45ba6f340   Options.blob_garbage_collection_age_cutoff: 0.250000
2022/02/11-15:49:24.608003 7fe45ba6f340 [db/column_family.cc:596] --------------- Options for column family [pending_orders]:
2022/02/11-15:49:24.608004 7fe45ba6f340               Options.comparator: leveldb.BytewiseComparator
2022/02/11-15:49:24.608004 7fe45ba6f340           Options.merge_operator: None
2022/02/11-15:49:24.608005 7fe45ba6f340        Options.compaction_filter: None
2022/02/11-15:49:24.608005 7fe45ba6f340        Options.compaction_filter_factory: None
2022/02/11-15:49:24.608006 7fe45ba6f340  Options.sst_partitioner_factory: None
2022/02/11-15:49:24.608006 7fe45ba6f340         Options.memtable_factory: SkipListFactory
2022/02/11-15:49:24.608007 7fe45ba6f340            Options.table_factory: BlockBasedTable
2022/02/11-15:49:24.608015 7fe45ba6f340            table_factory options:   flush_block_policy_factory: FlushBlockBySizePolicyFactory (0x559ea47c8220)
  cache_index_and_filter_blocks: 0
  cache_index_and_filter_blocks_with_high_priority: 1
  pin_l0_filter_and_index_blocks_in_cache: 0
  pin_top_level_index_and_filter: 1
  index_type: 0
  data_block_index_type: 0
  index_shortening: 1
  data_block_hash_table_util_ratio: 0.750000
  hash_index_allow_collision: 1
  checksum: 1
  no_block_cache: 0
  block_cache: 0x559ea485fcc0
  block_cache_name: LRUCache
  block_cache_options:
    capacity : 8388608
    num_shard_bits : 4
    strict_capacity_limit : 0
    memory_allocator : None
    high_pri_pool_ratio: 0.000
  block_cache_compressed: (nil)
  persistent_cache: (nil)
  block_size: 4096
  block_size_deviation: 10
  block_restart_interval: 16
  index_block_restart_interval: 1
  metadata_block_size: 4096
  partition_filters: 0
  use_delta_encoding: 1
  filter_policy: nullptr
  whole_key_filtering: 1
  verify_compression: 0
  read_amp_bytes_per_bit: 0
  format_version: 5
  enable_index_compression: 1
  block_align: 0
2022/02/11-15:49:24.608016 7fe45ba6f340        Options.write_buffer_size: 67108864
2022/02/11-15:49:24.608019 7fe45ba6f340  Options.max_write_buffer_number: 2
2022/02/11-15:49:24.608020 7fe45ba6f340          Options.compression: Snappy
2022/02/11-15:49:24.608020 7fe45ba6f340                  Options.bottommost_compression: Disabled
2022/02/11-15:49:24.608021 7fe45ba6f340       Options.prefix_extractor: nullptr
2022/02/11-15:49:24.608021 7fe45ba6f340   Options.memtable_insert_with_hint_prefix_extractor: nullptr
2022/02/11-15:49:24.608022 7fe45ba6f340             Options.num_levels: 7
2022/02/11-15:49:24.608022 7fe45ba6f340        Options.min_write_buffer_number_to_merge: 1
2022/02/11-15:49:24.608022 7fe45ba6f340     Options.max_write_buffer_number_to_maintain: 0
2022/02/11-15:49:24.608023 7fe45ba6f340     Options.max_write_buffer_size_to_maintain: 0
2022/02/11-15:49:24.608023 7fe45ba6f340            Options.bottommost_compression_opts.window_bits: -14
2022/02/11-15:49:24.608024 7fe45ba6f340                  Options.bottommost_compression_opts.level: 32767
2022/02/11-15:49:24.608024 7fe45ba6f340               Options.bottommost_compression_opts.strategy: 0
2022/02/11-15:49:24.608025 7fe45ba6f340         Options.bottommost_compression_opts.max_dict_bytes: 0
2022/02/11-15:49:24.608025 7fe45ba6f340         Options.bottommost_compression_opts.zstd_max_train_bytes: 0
2022/02/11-15:49:24.608025 7fe45ba6f340         Options.bottommost_compression_opts.parallel_threads: 1
2022/02/11-15:49:24.608026 7fe45ba6f340                  Options.bottommost_compression_opts.enabled: false
2022/02/11-15:49:24.608026 7fe45ba6f340         Options.bottommost_compression_opts.max_dict_buffer_bytes: 0
2022/02/11-15:49:24.608027 7fe45ba6f340            Options.compression_opts.window_bits: -14
2022/02/11-15:49:24.608027 7fe45ba6f340                  Options.compression_opts.level: 32767
2022/02/11-15:49:24.608028 7fe45ba6f340               Options.compression_opts.strategy: 0
2022/02/11-15:49:24.608028 7fe45ba6f340         Options.compression_opts.max_dict_bytes: 0
2022/02/11-15:49:24.608029 7fe45ba6f340         Options.compression_opts.zstd_max_train_bytes: 0
2022/02/11-15:49:24.608029 7fe45ba6f340         Options.compression_opts.parallel_threads: 1
2022/02/11-15:49:24.608029 7fe45ba6f340                  Options.compression_opts.enabled: false
2022/02/11-15:49:24.608030 7fe45ba6f340         Options.compression_opts.max_dict_buffer_bytes: 0
2022/02/11-15:49:24.608030 7fe45ba6f340      Options.level0_file_num_compaction_trigger: 4
2022/02/11-15:49:24.608031 7fe45ba6f340          Options.level0_slowdown_writes_trigger: 20
2022/02/11-15:49:24.608031 7fe45ba6f340              Options.level0_stop_writes_trigger: 36
2022/02/11-15:49:24.608032 7fe45ba6f340                   Options.target_file_size_base: 67108864
2022/02/11-15:49:24.608032 7fe45ba6f340             Options.target_file_size_multiplier: 1
2022/02/11-15:49:24.608033 7fe45ba6f340                Options.max_bytes_for_level_base: 268435456
2022/02/11-15:49:24.608033 7fe45ba6f340 Options.level_compaction_dynamic_level_bytes: 0
2022/02/11-15:49:24.608033 7fe45ba6f340          Options.max_bytes_for_level_multiplier: 10.000000
2022/02/11-15:49:24.608034 7fe45ba6f340 Options.max_bytes_for_level_multiplier_addtl[0]: 1
2022/02/11-15:49:24.608035 7fe45ba6f340 Options.max_bytes_for_level_multiplier_addtl[1]: 1
2022/02/11-15:49:24.608035 7fe45ba6f340 Options.max_bytes_for_level_multiplier_addtl[2]: 1
2022/02/11-15:49:24.608036 7fe45ba6f340 Options.max_bytes_for_level_multiplier_addtl[3]: 1
2022/02/11-15:49:24.608036 7fe45ba6f340 Options.max_bytes_for_level_multiplier_addtl[4]: 1
2022/02/11-15:49:24.608036 7fe45ba6f340 Options.max_bytes_for_level_multiplier_addtl[5]: 1
2022/02/11-15:49:24.608037 7fe45ba6f340 Options.max_bytes_for_level_multiplier_addtl[6]: 1
2022/02/11-15:49:24.608037 7fe45ba6f340       Options.max_sequential_skip_in_iterations: 8
2022/02/11-15:49:24.608038 7fe45ba6f340                    Options.max_compaction_bytes: 1677721600
2022/02/11-15:49:24.608038 7fe45ba6f340                        Options.arena_block_size: 8388608
2022/02/11-15:49:24.608039 7fe45ba6f340   Options.soft_pending_compaction_bytes_limit: 68719476736
2022/02/11-15:49:24.608042 7fe45ba6f340   Options.hard_pending_compaction_bytes_limit: 274877906944
2022/02/11-15:49:24.608042 7fe45ba6f340       Options.rate_limit_delay_max_milliseconds: 100
2022/02/11-15:49:24.608043 7fe45ba6f340                Options.disable_auto_compactions: 0
2022/02/11-15:49:24.608043 7fe45ba6f340                        Options.compaction_style: kCompactionStyleLevel
2022/02/11-15:49:24.608044 7fe45ba6f340                          Options.compaction_pri: kMinOverlappingRatio
2022/02/11-15:49:24.608045 7fe45ba6f340 Options.compaction_options_universal.size_ratio: 1
2022/02/11-15:49:24.608045 7fe45ba6f340 Options.compaction_options_universal.min_merge_width: 2
2022/02/11-15:49:24.608045 7fe45ba6f340 Options.compaction_options_universal.max_merge_width: 4294967295
2022/02/11-15:49:24.608046 7fe45ba6f340 Options.compaction_options_universal.max_size_amplification_percent: 200
2022/02/11-15:49:24.608046 7fe45ba6f340 Options.compaction_options_universal.compression_size_percent: -1
2022/02/11-15:49:24.608047 7fe45ba6f340 Options.compaction_options_universal.stop_style: kCompactionStopStyleTotalSize
2022/02/11-15:49:24.608047 7fe45ba6f340 Options.compaction_options_fifo.max_table_files_size: 1073741824
2022/02/11-15:49:24.608048 7fe45ba6f340 Options.compaction_options_fifo.allow_compaction: 0
2022/02/11-15:49:24.608049 7fe45ba6f340                   Options.table_properties_collectors: 
2022/02/11-15:49:24.608049 7fe45ba6f340                   Options.inplace_update_support: 0
2022/02/11-15:49:24.608050 7fe45ba6f340                 Options.inplace_update_num_locks: 10000
2022/02/11-15:49:24.608050 7fe45ba6f340               Options.memtable_prefix_bloom_size_ratio: 0.000000
2022/02/11-15:49:24.608051 7fe45ba6f340               Options.memtable_whole_key_filtering: 0
2022/02/11-15:49:24.608051 7fe45ba6f340   Options.memtable_huge_page_size: 0
2022/02/11-15:49:24.608052 7fe45ba6f340                           Options.bloom_locality: 0
2022/02/11-15:49:24.608052 7fe45ba6f340                    Options.max_successive_merges: 0
2022/02/11-15:49:24.608053 7fe45ba6f340                Options.optimize_filters_for_hits: 0
2022/02/11-15:49:24.608053 7fe45ba6f340                Options.paranoid_file_checks: 0
2022/02/11-15:49:24.608053 7fe45ba6f340                Options.force_consistency_checks: 1
2022/02/11-15:49:24.608054 7fe45ba6f340                Options.report_bg_io_stats: 0
2022/02/11-15:49:24.608054 7fe45ba6f340                               Options.ttl: 2592000
2022/02/11-15:49:24.608055 7fe45ba6f340          Options.periodic_compaction_seconds: 0
2022/02/11-15:49:24.608055 7fe45ba6f340                    Options.enable_blob_files: false
2022/02/11-15:49:24.608056 7fe45ba6f340                        Options.min_blob_size: 0
2022/02/11-15:49:24.608056 7fe45ba6f340                       Options.blob_file_size: 268435456
2022/02/11-15:49:24.608057 7fe45ba6f340                Options.blob_compression_type: NoCompression
2022/02/11-15:49:24.608057 7fe45ba6f340       Options.enable_blob_garbage_collection: false
2022/02/11-15:49:24.608058 7fe45ba6f340   Options.blob_garbage_collection_age_cutoff: 0.250000
2022/02/11-15:49:24.608072 7fe45ba6f340 [db/column_family.cc:596] --------------- Options for column family [certificates]:
2022/02/11-15:49:24.608073 7fe45ba6f340               Options.comparator: leveldb.BytewiseComparator
2022/02/11-15:49:24.608073 7fe45ba6f340           Options.merge_operator: None
2022/02/11-15:49:24.608074 7fe45ba6f340        Options.compaction_filter: None
2022/02/11-15:49:24.608074 7fe45ba6f340        Options.compaction_filter_factory: None
2022/02/11-15:49:24.608075 7fe45ba6f340  Options.sst_partitioner_factory: None
2022/02/11-15:49:24.608075 7fe45ba6f340         Options.memtable_factory: SkipListFactory
2022/02/11-15:49:24.608076 7fe45ba6f340            Options.table_factory: BlockBasedTable
2022/02/11-15:49:24.608093 7fe45ba6f340            table_factory options:   flush_block_policy_factory: FlushBlockBySizePolicyFactory (0x559ea49c9a90)
  cache_index_and_filter_blocks: 0
  cache_index_and_filter_blocks_with_high_priority: 1
  pin_l0_filter_and_index_blocks_in_cache: 0
  pin_top_level_index_and_filter: 1
  index_type: 0
  data_block_index_type: 0
  index_shortening: 1
  data_block_hash_table_util_ratio: 0.750000
  hash_index_allow_collision: 1
  checksum: 1
  no_block_cache: 0
  block_cache: 0x559ea48a9f00
  block_cache_name: LRUCache
  block_cache_options:
    capacity : 8388608
    num_shard_bits : 4
    strict_capacity_limit : 0
    memory_allocator : None
    high_pri_pool_ratio: 0.000
  block_cache_compressed: (nil)
  persistent_cache: (nil)
  block_size: 4096
  block_size_deviation: 10
  block_restart_interval: 16
  index_block_restart_interval: 1
  metadata_block_size: 4096
  partition_filters: 0
  use_delta_encoding: 1
  filter_policy: nullptr
  whole_key_filtering: 1
  verify_compression: 0
  read_amp_bytes_per_bit: 0
  format_version: 5
  enable_index_compression: 1
  block_align: 0
2022/02/11-15:49:24.608099 7fe45ba6f340        Options.write_buffer_size: 67108864
2022/02/11-15:49:24.608100 7fe45ba6f340  Options.max_write_buffer_number: 2
2022/02/11-15:49:24.608101 7fe45ba6f340          Options.compression: Snappy
2022/02/11-15:49:24.608101 7fe45ba6f340                  Options.bottommost_compression: Disabled
2022/02/11-15:49:24.608102 7fe45ba6f340       Options.prefix_extractor: nullptr
2022/02/11-15:49:24.608102 7fe45ba6f340   Options.memtable_insert_with_hint_prefix_extractor: nullptr
2022/02/11-15:49:24.608103 7fe45ba6f340             Options.num_levels: 7
2022/02/11-15:49:24.608103 7fe45ba6f340        Options.min_write_buffer_number_to_merge: 1
2022/02/11-15:49:24.608104 7fe45ba6f340     Options.max_write_buffer_number_to_maintain: 0
2022/02/11-15:49:24.608104 7fe45ba6f340     Options.max_write_buffer_size_to_maintain: 0
2022/02/11-15:49:24.608104 7fe45ba6f340            Options.bottommost_compression_opts.window_bits: -14
2022/02/11-15:49:24.608105 7fe45ba6f340                  Options.bottommost_compression_opts.level: 32767
2022/02/11-15:49:24.608105 7fe45ba6f340               Options.bottommost_compression_opts.strategy: 0
2022/02/11-15:49:24.608106 7fe45ba6f340         Options.bottommost_compression_opts.max_dict_bytes: 0
2022/02/11-15:49:24.608106 7fe45ba6f340         Options.bottommost_compression_opts.zstd_max_train_bytes: 0
2022/02/11-15:49:24.608107 7fe45ba6f340         Options.bottommost_compression_opts.parallel_threads: 1
2022/02/11-15:49:24.608107 7fe45ba6f340                  Options.bottommost_compression_opts.enabled: false
2022/02/11-15:49:24.608108 7fe45ba6f340         Options.bottommost_compression_opts.max_dict_buffer_bytes: 0
2022/02/11-15:49:24.608108 7fe45ba6f340            Options.compression_opts.window_bits: -14
2022/02/11-15:49:24.608108 7fe45ba6f340                  Options.compression_opts.level: 32767
2022/02/11-15:49:24.608109 7fe45ba6f340               Options.compression_opts.strategy: 0
2022/02/11-15:49:24.608109 7fe45ba6f340         Options.compression_opts.max_dict_bytes: 0
2022/02/11-15:49:24.608110 7fe45ba6f340         Options.compression_opts.zstd_max_train_bytes: 0
2022/02/11-15:49:24.608110 7fe45ba6f340         Options.compression_opts.parallel_threads: 1
2022/02/11-15:49:24.608111 7fe45ba6f340                  Options.compression_opts.enabled: false
2022/02/11-15:49:24.608111 7fe45ba6f340         Options.compression_opts.max_dict_buffer_bytes: 0
2022/02/11-15:49:24.608112 7fe45ba6f340      Options.level0_file_num_compaction_trigger: 4
2022/02/11-15:49:24.608112 7fe45ba6f340          Options.level0_slowdown_writes_trigger: 20
2022/02/11-15:49:24.608112 7fe45ba6f340              Options.level0_stop_writes_trigger: 36
2022/02/11-15:49:24.608113 7fe45ba6f340                   Options.target_file_size_base: 67108864
2022/02/11-15:49:24.608113 7fe45ba6f340             Options.target_file_size_multiplier: 1
2022/02/11-15:49:24.608114 7fe45ba6f340                Options.max_bytes_for_level_base: 268435456
2022/02/11-15:49:24.608114 7fe45ba6f340 Options.level_compaction_dynamic_level_bytes: 0
2022/02/11-15:49:24.608118 7fe45ba6f340          Options.max_bytes_for_level_multiplier: 10.000000
2022/02/11-15:49:24.608119 7fe45ba6f340 Options.max_bytes_for_level_multiplier_addtl[0]: 1
2022/02/11-15:49:24.608119 7fe45ba6f340 Options.max_bytes_for_level_multiplier_addtl[1]: 1
2022/02/11-15:49:24.608120 7fe45ba6f340 Options.max_bytes_for_level_multiplier_addtl[2]: 1
2022/02/11-15:49:24.608120 7fe45ba6f340 Options.max_bytes_for_level_multiplier_addtl[3]: 1
2022/02/11-15:49:24.608121 7fe45ba6f340 Options.max_bytes_for_level_multiplier_addtl[4]: 1
2022/02/11-15:49:24.608121 7fe45ba6f340 Options.max_bytes_for_level_multiplier_addtl[5]: 1
2022/02/11-15:49:24.608122 7fe45ba6f340 Options.max_bytes_for_level_multiplier_addtl[6]: 1
2022/02/11-15:49:24.608122 7fe45ba6f340       Options.max_sequential_skip_in_iterations: 8
2022/02/11-15:49:24.608123 7fe45ba6f340                    Options.max_compaction_bytes: 1677721600
2022/02/11-15:49:24.608123 7fe45ba6f340                        Options.arena_block_size: 8388608
2022/02/11-15:49:24.608123 7fe45ba6f340   Options.soft_pending_compaction_bytes_limit: 68719476736
2022/02/11-15:49:24.608124 7fe45ba6f340   Options.hard_pending_compaction_bytes_limit: 274877906944
2022/02/11-15:49:24.608124 7fe45ba6f340       Options.rate_limit_delay_max_milliseconds: 100
2022/02/11-15:49:24.608125 7fe45ba6f340                Options.disable_auto_compactions: 0
2022/02/11-15:49:24.608125 7fe45ba6f340                        Options.compaction_style: kCompactionStyleLevel
2022/02/11-15:49:24.608126 7fe45ba6f340                          Options.compaction_pri: kMinOverlappingRatio
2022/02/11-15:49:24.608126 7fe45ba6f340 Options.compaction_options_universal.size_ratio: 1
2022/02/11-15:49:24.608127 7fe45ba6f340 Options.compaction_options_universal.min_merge_width: 2
2022/02/11-15:49:24.608127 7fe45ba6f340 Options.compaction_options_universal.max_merge_width: 4294967295
2022/02/11-15:49:24.608128 7fe45ba6f340 Options.compaction_options_universal.max_size_amplification_percent: 200
2022/02/11-15:49:24.608128 7fe45ba6f340 Options.compaction_options_universal.compression_size_percent: -1
2022/02/11-15:49:24.608129 7fe45ba6f340 Options.compaction_options_universal.stop_style: kCompactionStopStyleTotalSize
2022/02/11-15:49:24.608129 7fe45ba6f340 Options.compaction_options_fifo.max_table_files_size: 1073741824
2022/02/11-15:49:24.608130 7fe45ba6f340 Options.compaction_options_fifo.allow_compaction: 0
2022/02/11-15:49:24.608131 7fe45ba6f340                   Options.table_properties_collectors: 
2022/02/11-15:49:24.608132 7fe45ba6f340                   Options.inplace_update_support: 0
2022/02/11-15:49:24.608132 7fe45ba6f340                 Options.inplace_update_num_locks: 10000
2022/02/11-15:49:24.608132 7fe45ba6f340               Options.memtable_prefix_bloom_size_ratio: 0.000000
2022/02/11-15:49:24.608133 7fe45ba6f340               Options.memtable_whole_key_filtering: 0
2022/02/11-15:49:24.608133 7fe45ba6f340   Options.memtable_huge_page_size: 0
2022/02/11-15:49:24.608134 7fe45ba6f340                           Options.bloom_locality: 0
2022/02/11-15:49:24.608134 7fe45ba6f340                    Options.max_successive_merges: 0
2022/02/11-15:49:24.608135 7fe45ba6f340                Options.optimize_filters_for_hits: 0
2022/02/11-15:49:24.608135 7fe45ba6f340                Options.paranoid_file_checks: 0
2022/02/11-15:49:24.608136 7fe45ba6f340                Options.force_consistency_checks: 1
2022/02/11-15:49:24.608136 7fe45ba6f340                Options.report_bg_io_stats: 0
2022/02/11-15:49:24.608137 7fe45ba6f340                               Options.ttl: 2592000
2022/02/11-15:49:24.608137 7fe45ba6f340          Options.periodic_compaction_seconds: 0
2022/02/11-15:49:24.608137 7fe45ba6f340                    Options.enable_blob_files: false
2022/02/11-15:49:24.608138 7fe45ba6f340                        Options.min_blob_size: 0
2022/02/11-15:49:24.608138 7fe45ba6f340                       Options.blob_file_size: 268435456
2022/02/11-15:49:24.608139 7fe45ba6f340                Options.blob_compression_type: NoCompression
2022/02/11-15:49:24.608142 7fe45ba6f340       Options.enable_blob_garbage_collection: false
2022/02/11-15:49:24.608142 7fe45ba6f340   Options.blob_garbage_collection_age_cutoff: 0.250000
2022/02/11-15:49:24.608161 7fe45ba6f340 [db/column_family.cc:596] --------------- Options for column family [object_certs]:
2022/02/11-15:49:24.608162 7fe45ba6f340               Options.comparator: leveldb.BytewiseComparator
2022/02/11-15:49:24.608163 7fe45ba6f340           Options.merge_operator: None
2022/02/11-15:49:24.608163 7fe45ba6f340        Options.compaction_filter: None
2022/02/11-15:49:24.608163 7fe45ba6f340        Options.compaction_filter_factory: None
2022/02/11-15:49:24.608164 7fe45ba6f340  Options.sst_partitioner_factory: None
2022/02/11-15:49:24.608164 7fe45ba6f340         Options.memtable_factory: SkipListFactory
2022/02/11-15:49:24.608165 7fe45ba6f340            Options.table_factory: BlockBasedTable
2022/02/11-15:49:24.608174 7fe45ba6f340            table_factory options:   flush_block_policy_factory: FlushBlockBySizePolicyFactory (0x559ea48f70c0)
  cache_index_and_filter_blocks: 0
  cache_index_and_filter_blocks_with_high_priority: 1
  pin_l0_filter_and_index_blocks_in_cache: 0
  pin_top_level_index_and_filter: 1
  index_type: 0
  data_block_index_type: 0
  index_shortening: 1
  data_block_hash_table_util_ratio: 0.750000
  hash_index_allow_collision: 1
  checksum: 1
  no_block_cache: 0
  block_cache: 0x559ea48e9850
  block_cache_name: LRUCache
  block_cache_options:
    capacity : 8388608
    num_shard_bits : 4
    strict_capacity_limit : 0
    memory_allocator : None
    high_pri_pool_ratio: 0.000
  block_cache_compressed: (nil)
  persistent_cache: (nil)
  block_size: 4096
  block_size_deviation: 10
  block_restart_interval: 16
  index_block_restart_interval: 1
  metadata_block_size: 4096
  partition_filters: 0
  use_delta_encoding: 1
  filter_policy: nullptr
  whole_key_filtering: 1
  verify_compression: 0
  read_amp_bytes_per_bit: 0
  format_version: 5
  enable_index_compression: 1
  block_align: 0
2022/02/11-15:49:24.608175 7fe45ba6f340        Options.write_buffer_size: 67108864
2022/02/11-15:49:24.608175 7fe45ba6f340  Options.max_write_buffer_number: 2
2022/02/11-15:49:24.608176 7fe45ba6f340          Options.compression: Snappy
2022/02/11-15:49:24.608176 7fe45ba6f340                  Options.bottommost_compression: Disabled
2022/02/11-15:49:24.608176 7fe45ba6f340       Options.prefix_extractor: nullptr
2022/02/11-15:49:24.608177 7fe45ba6f340   Options.memtable_insert_with_hint_prefix_extractor: nullptr
2022/02/11-15:49:24.608177 7fe45ba6f340             Options.num_levels: 7
2022/02/11-15:49:24.608178 7fe45ba6f340        Options.min_write_buffer_number_to_merge: 1
2022/02/11-15:49:24.608178 7fe45ba6f340     Options.max_write_buffer_number_to_maintain: 0
2022/02/11-15:49:24.608179 7fe45ba6f340     Options.max_write_buffer_size_to_maintain: 0
2022/02/11-15:49:24.608179 7fe45ba6f340            Options.bottommost_compression_opts.window_bits: -14
