2022/02/11-15:32:41.794507 7fc4598f5340 RocksDB version: 6.20.3
2022/02/11-15:32:41.794536 7fc4598f5340 Git sha 8608d75d85f8e1b3b64b73a4fb6d19baec61ba5c
2022/02/11-15:32:41.794539 7fc4598f5340 Compile date 2021-05-05 20:35:30
2022/02/11-15:32:41.794586 7fc4598f5340 DB SUMMARY
2022/02/11-15:32:41.794589 7fc4598f5340 DB Session ID:  2QW1YAR7WTQKU07ETCA1
2022/02/11-15:32:41.794633 7fc4598f5340 CURRENT file:  CURRENT
2022/02/11-15:32:41.794635 7fc4598f5340 IDENTITY file:  IDENTITY
2022/02/11-15:32:41.794640 7fc4598f5340 MANIFEST file:  MANIFEST-000106 size: 907 Bytes
2022/02/11-15:32:41.794643 7fc4598f5340 SST files in ./client_db/k#0cb84c21b4827de0f5bc2405119b2db68280b6aba623888d59a1ba0ea9a8c83b dir, Total Num: 0, files: 
2022/02/11-15:32:41.794645 7fc4598f5340 Write Ahead Log file in ./client_db/k#0cb84c21b4827de0f5bc2405119b2db68280b6aba623888d59a1ba0ea9a8c83b: 000107.log size: 810 ; 
2022/02/11-15:32:41.794648 7fc4598f5340                         Options.error_if_exists: 0
2022/02/11-15:32:41.794650 7fc4598f5340                       Options.create_if_missing: 1
2022/02/11-15:32:41.794652 7fc4598f5340                         Options.paranoid_checks: 1
2022/02/11-15:32:41.794653 7fc4598f5340                               Options.track_and_verify_wals_in_manifest: 0
2022/02/11-15:32:41.794654 7fc4598f5340                                     Options.env: 0x55c74b7c7420
2022/02/11-15:32:41.794657 7fc4598f5340                                      Options.fs: Posix File System
2022/02/11-15:32:41.794658 7fc4598f5340                                Options.info_log: 0x55c74c7a3780
2022/02/11-15:32:41.794660 7fc4598f5340                Options.max_file_opening_threads: 16
2022/02/11-15:32:41.794661 7fc4598f5340                              Options.statistics: (nil)
2022/02/11-15:32:41.794663 7fc4598f5340                               Options.use_fsync: 0
2022/02/11-15:32:41.794665 7fc4598f5340                       Options.max_log_file_size: 0
2022/02/11-15:32:41.794666 7fc4598f5340                  Options.max_manifest_file_size: 1073741824
2022/02/11-15:32:41.794668 7fc4598f5340                   Options.log_file_time_to_roll: 0
2022/02/11-15:32:41.794669 7fc4598f5340                       Options.keep_log_file_num: 1000
2022/02/11-15:32:41.794670 7fc4598f5340                    Options.recycle_log_file_num: 0
2022/02/11-15:32:41.794672 7fc4598f5340                         Options.allow_fallocate: 1
2022/02/11-15:32:41.794673 7fc4598f5340                        Options.allow_mmap_reads: 0
2022/02/11-15:32:41.794675 7fc4598f5340                       Options.allow_mmap_writes: 0
2022/02/11-15:32:41.794676 7fc4598f5340                        Options.use_direct_reads: 0
2022/02/11-15:32:41.794677 7fc4598f5340                        Options.use_direct_io_for_flush_and_compaction: 0
2022/02/11-15:32:41.794679 7fc4598f5340          Options.create_missing_column_families: 1
2022/02/11-15:32:41.794680 7fc4598f5340                              Options.db_log_dir: 
2022/02/11-15:32:41.794681 7fc4598f5340                                 Options.wal_dir: ./client_db/k#0cb84c21b4827de0f5bc2405119b2db68280b6aba623888d59a1ba0ea9a8c83b
2022/02/11-15:32:41.794683 7fc4598f5340                Options.table_cache_numshardbits: 6
2022/02/11-15:32:41.794684 7fc4598f5340                         Options.WAL_ttl_seconds: 0
2022/02/11-15:32:41.794685 7fc4598f5340                       Options.WAL_size_limit_MB: 0
2022/02/11-15:32:41.794687 7fc4598f5340                        Options.max_write_batch_group_size_bytes: 1048576
2022/02/11-15:32:41.794688 7fc4598f5340             Options.manifest_preallocation_size: 4194304
2022/02/11-15:32:41.794690 7fc4598f5340                     Options.is_fd_close_on_exec: 1
2022/02/11-15:32:41.794691 7fc4598f5340                   Options.advise_random_on_open: 1
2022/02/11-15:32:41.794693 7fc4598f5340                    Options.db_write_buffer_size: 0
2022/02/11-15:32:41.794694 7fc4598f5340                    Options.write_buffer_manager: 0x55c74c7a9a60
2022/02/11-15:32:41.794695 7fc4598f5340         Options.access_hint_on_compaction_start: 1
2022/02/11-15:32:41.794697 7fc4598f5340  Options.new_table_reader_for_compaction_inputs: 0
2022/02/11-15:32:41.794711 7fc4598f5340           Options.random_access_max_buffer_size: 1048576
2022/02/11-15:32:41.794713 7fc4598f5340                      Options.use_adaptive_mutex: 0
2022/02/11-15:32:41.794714 7fc4598f5340                            Options.rate_limiter: (nil)
2022/02/11-15:32:41.794716 7fc4598f5340     Options.sst_file_manager.rate_bytes_per_sec: 0
2022/02/11-15:32:41.794718 7fc4598f5340                       Options.wal_recovery_mode: 2
2022/02/11-15:32:41.794719 7fc4598f5340                  Options.enable_thread_tracking: 0
2022/02/11-15:32:41.794721 7fc4598f5340                  Options.enable_pipelined_write: 0
2022/02/11-15:32:41.794722 7fc4598f5340                  Options.unordered_write: 0
2022/02/11-15:32:41.794723 7fc4598f5340         Options.allow_concurrent_memtable_write: 1
2022/02/11-15:32:41.794725 7fc4598f5340      Options.enable_write_thread_adaptive_yield: 1
2022/02/11-15:32:41.794726 7fc4598f5340             Options.write_thread_max_yield_usec: 100
2022/02/11-15:32:41.794728 7fc4598f5340            Options.write_thread_slow_yield_usec: 3
2022/02/11-15:32:41.794729 7fc4598f5340                               Options.row_cache: None
2022/02/11-15:32:41.794730 7fc4598f5340                              Options.wal_filter: None
2022/02/11-15:32:41.794732 7fc4598f5340             Options.avoid_flush_during_recovery: 0
2022/02/11-15:32:41.794733 7fc4598f5340             Options.allow_ingest_behind: 0
2022/02/11-15:32:41.794735 7fc4598f5340             Options.preserve_deletes: 0
2022/02/11-15:32:41.794736 7fc4598f5340             Options.two_write_queues: 0
2022/02/11-15:32:41.794737 7fc4598f5340             Options.manual_wal_flush: 0
2022/02/11-15:32:41.794738 7fc4598f5340             Options.atomic_flush: 0
2022/02/11-15:32:41.794740 7fc4598f5340             Options.avoid_unnecessary_blocking_io: 0
2022/02/11-15:32:41.794741 7fc4598f5340                 Options.persist_stats_to_disk: 0
2022/02/11-15:32:41.794743 7fc4598f5340                 Options.write_dbid_to_manifest: 0
2022/02/11-15:32:41.794744 7fc4598f5340                 Options.log_readahead_size: 0
2022/02/11-15:32:41.794746 7fc4598f5340                 Options.file_checksum_gen_factory: Unknown
2022/02/11-15:32:41.794747 7fc4598f5340                 Options.best_efforts_recovery: 0
2022/02/11-15:32:41.794748 7fc4598f5340                Options.max_bgerror_resume_count: 2147483647
2022/02/11-15:32:41.794750 7fc4598f5340            Options.bgerror_resume_retry_interval: 1000000
2022/02/11-15:32:41.794751 7fc4598f5340             Options.allow_data_in_errors: 0
2022/02/11-15:32:41.794753 7fc4598f5340             Options.db_host_id: __hostname__
2022/02/11-15:32:41.794754 7fc4598f5340             Options.max_background_jobs: 2
2022/02/11-15:32:41.794755 7fc4598f5340             Options.max_background_compactions: -1
2022/02/11-15:32:41.794757 7fc4598f5340             Options.max_subcompactions: 1
2022/02/11-15:32:41.794758 7fc4598f5340             Options.avoid_flush_during_shutdown: 0
2022/02/11-15:32:41.794760 7fc4598f5340           Options.writable_file_max_buffer_size: 1048576
2022/02/11-15:32:41.794761 7fc4598f5340             Options.delayed_write_rate : 16777216
2022/02/11-15:32:41.794762 7fc4598f5340             Options.max_total_wal_size: 0
2022/02/11-15:32:41.794764 7fc4598f5340             Options.delete_obsolete_files_period_micros: 21600000000
2022/02/11-15:32:41.794765 7fc4598f5340                   Options.stats_dump_period_sec: 600
2022/02/11-15:32:41.794767 7fc4598f5340                 Options.stats_persist_period_sec: 600
2022/02/11-15:32:41.794769 7fc4598f5340                 Options.stats_history_buffer_size: 1048576
2022/02/11-15:32:41.794770 7fc4598f5340                          Options.max_open_files: -1
2022/02/11-15:32:41.794771 7fc4598f5340                          Options.bytes_per_sync: 0
2022/02/11-15:32:41.794773 7fc4598f5340                      Options.wal_bytes_per_sync: 0
2022/02/11-15:32:41.794774 7fc4598f5340                   Options.strict_bytes_per_sync: 0
2022/02/11-15:32:41.794783 7fc4598f5340       Options.compaction_readahead_size: 0
2022/02/11-15:32:41.794785 7fc4598f5340                  Options.max_background_flushes: -1
2022/02/11-15:32:41.794786 7fc4598f5340 Compression algorithms supported:
2022/02/11-15:32:41.794788 7fc4598f5340 	kZSTDNotFinalCompression supported: 1
2022/02/11-15:32:41.794791 7fc4598f5340 	kZSTD supported: 1
2022/02/11-15:32:41.794792 7fc4598f5340 	kXpressCompression supported: 0
2022/02/11-15:32:41.794794 7fc4598f5340 	kLZ4HCCompression supported: 1
2022/02/11-15:32:41.794796 7fc4598f5340 	kLZ4Compression supported: 1
2022/02/11-15:32:41.794797 7fc4598f5340 	kBZip2Compression supported: 1
2022/02/11-15:32:41.794798 7fc4598f5340 	kZlibCompression supported: 1
2022/02/11-15:32:41.794800 7fc4598f5340 	kSnappyCompression supported: 1
2022/02/11-15:32:41.794802 7fc4598f5340 Fast CRC32 supported: Not supported on x86
2022/02/11-15:32:41.794852 7fc4598f5340 [db/version_set.cc:4626] Recovering from manifest file: ./client_db/k#0cb84c21b4827de0f5bc2405119b2db68280b6aba623888d59a1ba0ea9a8c83b/MANIFEST-000106
2022/02/11-15:32:41.794990 7fc4598f5340 [db/column_family.cc:596] --------------- Options for column family [default]:
2022/02/11-15:32:41.794993 7fc4598f5340               Options.comparator: leveldb.BytewiseComparator
2022/02/11-15:32:41.794995 7fc4598f5340           Options.merge_operator: None
2022/02/11-15:32:41.794997 7fc4598f5340        Options.compaction_filter: None
2022/02/11-15:32:41.794998 7fc4598f5340        Options.compaction_filter_factory: None
2022/02/11-15:32:41.794999 7fc4598f5340  Options.sst_partitioner_factory: None
2022/02/11-15:32:41.795001 7fc4598f5340         Options.memtable_factory: SkipListFactory
2022/02/11-15:32:41.795002 7fc4598f5340            Options.table_factory: BlockBasedTable
2022/02/11-15:32:41.795042 7fc4598f5340            table_factory options:   flush_block_policy_factory: FlushBlockBySizePolicyFactory (0x55c74c77e970)
  cache_index_and_filter_blocks: 0
  cache_index_and_filter_blocks_with_high_priority: 1
  pin_l0_filter_and_index_blocks_in_cache: 0
  pin_top_level_index_and_filter: 1
  index_type: 0
  data_block_index_type: 0
  index_shortening: 1
  data_block_hash_table_util_ratio: 0.750000
  hash_index_allow_collision: 1
  checksum: 1
  no_block_cache: 0
  block_cache: 0x55c74c7a2e00
  block_cache_name: LRUCache
  block_cache_options:
    capacity : 8388608
    num_shard_bits : 4
    strict_capacity_limit : 0
    memory_allocator : None
    high_pri_pool_ratio: 0.000
  block_cache_compressed: (nil)
  persistent_cache: (nil)
  block_size: 4096
  block_size_deviation: 10
  block_restart_interval: 16
  index_block_restart_interval: 1
  metadata_block_size: 4096
  partition_filters: 0
  use_delta_encoding: 1
  filter_policy: nullptr
  whole_key_filtering: 1
  verify_compression: 0
  read_amp_bytes_per_bit: 0
  format_version: 5
  enable_index_compression: 1
  block_align: 0
2022/02/11-15:32:41.795044 7fc4598f5340        Options.write_buffer_size: 67108864
2022/02/11-15:32:41.795046 7fc4598f5340  Options.max_write_buffer_number: 2
2022/02/11-15:32:41.795048 7fc4598f5340          Options.compression: Snappy
2022/02/11-15:32:41.795050 7fc4598f5340                  Options.bottommost_compression: Disabled
2022/02/11-15:32:41.795051 7fc4598f5340       Options.prefix_extractor: nullptr
2022/02/11-15:32:41.795053 7fc4598f5340   Options.memtable_insert_with_hint_prefix_extractor: nullptr
2022/02/11-15:32:41.795054 7fc4598f5340             Options.num_levels: 7
2022/02/11-15:32:41.795055 7fc4598f5340        Options.min_write_buffer_number_to_merge: 1
2022/02/11-15:32:41.795057 7fc4598f5340     Options.max_write_buffer_number_to_maintain: 0
2022/02/11-15:32:41.795058 7fc4598f5340     Options.max_write_buffer_size_to_maintain: 0
2022/02/11-15:32:41.795060 7fc4598f5340            Options.bottommost_compression_opts.window_bits: -14
2022/02/11-15:32:41.795061 7fc4598f5340                  Options.bottommost_compression_opts.level: 32767
2022/02/11-15:32:41.795063 7fc4598f5340               Options.bottommost_compression_opts.strategy: 0
2022/02/11-15:32:41.795075 7fc4598f5340         Options.bottommost_compression_opts.max_dict_bytes: 0
2022/02/11-15:32:41.795077 7fc4598f5340         Options.bottommost_compression_opts.zstd_max_train_bytes: 0
2022/02/11-15:32:41.795079 7fc4598f5340         Options.bottommost_compression_opts.parallel_threads: 1
2022/02/11-15:32:41.795080 7fc4598f5340                  Options.bottommost_compression_opts.enabled: false
2022/02/11-15:32:41.795082 7fc4598f5340         Options.bottommost_compression_opts.max_dict_buffer_bytes: 0
2022/02/11-15:32:41.795083 7fc4598f5340            Options.compression_opts.window_bits: -14
2022/02/11-15:32:41.795085 7fc4598f5340                  Options.compression_opts.level: 32767
2022/02/11-15:32:41.795086 7fc4598f5340               Options.compression_opts.strategy: 0
2022/02/11-15:32:41.795087 7fc4598f5340         Options.compression_opts.max_dict_bytes: 0
2022/02/11-15:32:41.795089 7fc4598f5340         Options.compression_opts.zstd_max_train_bytes: 0
2022/02/11-15:32:41.795090 7fc4598f5340         Options.compression_opts.parallel_threads: 1
2022/02/11-15:32:41.795091 7fc4598f5340                  Options.compression_opts.enabled: false
2022/02/11-15:32:41.795093 7fc4598f5340         Options.compression_opts.max_dict_buffer_bytes: 0
2022/02/11-15:32:41.795094 7fc4598f5340      Options.level0_file_num_compaction_trigger: 4
2022/02/11-15:32:41.795095 7fc4598f5340          Options.level0_slowdown_writes_trigger: 20
2022/02/11-15:32:41.795097 7fc4598f5340              Options.level0_stop_writes_trigger: 36
2022/02/11-15:32:41.795098 7fc4598f5340                   Options.target_file_size_base: 67108864
2022/02/11-15:32:41.795100 7fc4598f5340             Options.target_file_size_multiplier: 1
2022/02/11-15:32:41.795101 7fc4598f5340                Options.max_bytes_for_level_base: 268435456
2022/02/11-15:32:41.795102 7fc4598f5340 Options.level_compaction_dynamic_level_bytes: 0
2022/02/11-15:32:41.795104 7fc4598f5340          Options.max_bytes_for_level_multiplier: 10.000000
2022/02/11-15:32:41.795107 7fc4598f5340 Options.max_bytes_for_level_multiplier_addtl[0]: 1
2022/02/11-15:32:41.795109 7fc4598f5340 Options.max_bytes_for_level_multiplier_addtl[1]: 1
2022/02/11-15:32:41.795111 7fc4598f5340 Options.max_bytes_for_level_multiplier_addtl[2]: 1
2022/02/11-15:32:41.795112 7fc4598f5340 Options.max_bytes_for_level_multiplier_addtl[3]: 1
2022/02/11-15:32:41.795114 7fc4598f5340 Options.max_bytes_for_level_multiplier_addtl[4]: 1
2022/02/11-15:32:41.795115 7fc4598f5340 Options.max_bytes_for_level_multiplier_addtl[5]: 1
2022/02/11-15:32:41.795116 7fc4598f5340 Options.max_bytes_for_level_multiplier_addtl[6]: 1
2022/02/11-15:32:41.795118 7fc4598f5340       Options.max_sequential_skip_in_iterations: 8
2022/02/11-15:32:41.795119 7fc4598f5340                    Options.max_compaction_bytes: 1677721600
2022/02/11-15:32:41.795120 7fc4598f5340                        Options.arena_block_size: 8388608
2022/02/11-15:32:41.795122 7fc4598f5340   Options.soft_pending_compaction_bytes_limit: 68719476736
2022/02/11-15:32:41.795123 7fc4598f5340   Options.hard_pending_compaction_bytes_limit: 274877906944
2022/02/11-15:32:41.795125 7fc4598f5340       Options.rate_limit_delay_max_milliseconds: 100
2022/02/11-15:32:41.795126 7fc4598f5340                Options.disable_auto_compactions: 0
2022/02/11-15:32:41.795129 7fc4598f5340                        Options.compaction_style: kCompactionStyleLevel
2022/02/11-15:32:41.795132 7fc4598f5340                          Options.compaction_pri: kMinOverlappingRatio
2022/02/11-15:32:41.795133 7fc4598f5340 Options.compaction_options_universal.size_ratio: 1
2022/02/11-15:32:41.795135 7fc4598f5340 Options.compaction_options_universal.min_merge_width: 2
2022/02/11-15:32:41.795136 7fc4598f5340 Options.compaction_options_universal.max_merge_width: 4294967295
2022/02/11-15:32:41.795138 7fc4598f5340 Options.compaction_options_universal.max_size_amplification_percent: 200
2022/02/11-15:32:41.795139 7fc4598f5340 Options.compaction_options_universal.compression_size_percent: -1
2022/02/11-15:32:41.795149 7fc4598f5340 Options.compaction_options_universal.stop_style: kCompactionStopStyleTotalSize
2022/02/11-15:32:41.795151 7fc4598f5340 Options.compaction_options_fifo.max_table_files_size: 1073741824
2022/02/11-15:32:41.795152 7fc4598f5340 Options.compaction_options_fifo.allow_compaction: 0
2022/02/11-15:32:41.795165 7fc4598f5340                   Options.table_properties_collectors: 
2022/02/11-15:32:41.795167 7fc4598f5340                   Options.inplace_update_support: 0
2022/02/11-15:32:41.795168 7fc4598f5340                 Options.inplace_update_num_locks: 10000
2022/02/11-15:32:41.795169 7fc4598f5340               Options.memtable_prefix_bloom_size_ratio: 0.000000
2022/02/11-15:32:41.795171 7fc4598f5340               Options.memtable_whole_key_filtering: 0
2022/02/11-15:32:41.795173 7fc4598f5340   Options.memtable_huge_page_size: 0
2022/02/11-15:32:41.795174 7fc4598f5340                           Options.bloom_locality: 0
2022/02/11-15:32:41.795176 7fc4598f5340                    Options.max_successive_merges: 0
2022/02/11-15:32:41.795177 7fc4598f5340                Options.optimize_filters_for_hits: 0
2022/02/11-15:32:41.795178 7fc4598f5340                Options.paranoid_file_checks: 0
2022/02/11-15:32:41.795180 7fc4598f5340                Options.force_consistency_checks: 1
2022/02/11-15:32:41.795181 7fc4598f5340                Options.report_bg_io_stats: 0
2022/02/11-15:32:41.795183 7fc4598f5340                               Options.ttl: 2592000
2022/02/11-15:32:41.795184 7fc4598f5340          Options.periodic_compaction_seconds: 0
2022/02/11-15:32:41.795185 7fc4598f5340                    Options.enable_blob_files: false
2022/02/11-15:32:41.795187 7fc4598f5340                        Options.min_blob_size: 0
2022/02/11-15:32:41.795188 7fc4598f5340                       Options.blob_file_size: 268435456
2022/02/11-15:32:41.795190 7fc4598f5340                Options.blob_compression_type: NoCompression
2022/02/11-15:32:41.795191 7fc4598f5340       Options.enable_blob_garbage_collection: false
2022/02/11-15:32:41.795192 7fc4598f5340   Options.blob_garbage_collection_age_cutoff: 0.250000
2022/02/11-15:32:41.795248 7fc4598f5340 [db/column_family.cc:596] --------------- Options for column family [pending_orders]:
2022/02/11-15:32:41.795250 7fc4598f5340               Options.comparator: leveldb.BytewiseComparator
2022/02/11-15:32:41.795252 7fc4598f5340           Options.merge_operator: None
2022/02/11-15:32:41.795253 7fc4598f5340        Options.compaction_filter: None
2022/02/11-15:32:41.795255 7fc4598f5340        Options.compaction_filter_factory: None
2022/02/11-15:32:41.795256 7fc4598f5340  Options.sst_partitioner_factory: None
2022/02/11-15:32:41.795257 7fc4598f5340         Options.memtable_factory: SkipListFactory
2022/02/11-15:32:41.795259 7fc4598f5340            Options.table_factory: BlockBasedTable
2022/02/11-15:32:41.795293 7fc4598f5340            table_factory options:   flush_block_policy_factory: FlushBlockBySizePolicyFactory (0x55c74c7455d0)
  cache_index_and_filter_blocks: 0
  cache_index_and_filter_blocks_with_high_priority: 1
  pin_l0_filter_and_index_blocks_in_cache: 0
  pin_top_level_index_and_filter: 1
  index_type: 0
  data_block_index_type: 0
  index_shortening: 1
  data_block_hash_table_util_ratio: 0.750000
  hash_index_allow_collision: 1
  checksum: 1
  no_block_cache: 0
  block_cache: 0x55c74c7003f0
  block_cache_name: LRUCache
  block_cache_options:
    capacity : 8388608
    num_shard_bits : 4
    strict_capacity_limit : 0
    memory_allocator : None
    high_pri_pool_ratio: 0.000
  block_cache_compressed: (nil)
  persistent_cache: (nil)
  block_size: 4096
  block_size_deviation: 10
  block_restart_interval: 16
  index_block_restart_interval: 1
  metadata_block_size: 4096
  partition_filters: 0
  use_delta_encoding: 1
  filter_policy: nullptr
  whole_key_filtering: 1
  verify_compression: 0
  read_amp_bytes_per_bit: 0
  format_version: 5
  enable_index_compression: 1
  block_align: 0
2022/02/11-15:32:41.795295 7fc4598f5340        Options.write_buffer_size: 67108864
2022/02/11-15:32:41.795306 7fc4598f5340  Options.max_write_buffer_number: 2
2022/02/11-15:32:41.795308 7fc4598f5340          Options.compression: Snappy
2022/02/11-15:32:41.795310 7fc4598f5340                  Options.bottommost_compression: Disabled
2022/02/11-15:32:41.795311 7fc4598f5340       Options.prefix_extractor: nullptr
2022/02/11-15:32:41.795312 7fc4598f5340   Options.memtable_insert_with_hint_prefix_extractor: nullptr
2022/02/11-15:32:41.795314 7fc4598f5340             Options.num_levels: 7
2022/02/11-15:32:41.795315 7fc4598f5340        Options.min_write_buffer_number_to_merge: 1
2022/02/11-15:32:41.795316 7fc4598f5340     Options.max_write_buffer_number_to_maintain: 0
2022/02/11-15:32:41.795318 7fc4598f5340     Options.max_write_buffer_size_to_maintain: 0
2022/02/11-15:32:41.795319 7fc4598f5340            Options.bottommost_compression_opts.window_bits: -14
2022/02/11-15:32:41.795320 7fc4598f5340                  Options.bottommost_compression_opts.level: 32767
2022/02/11-15:32:41.795322 7fc4598f5340               Options.bottommost_compression_opts.strategy: 0
2022/02/11-15:32:41.795323 7fc4598f5340         Options.bottommost_compression_opts.max_dict_bytes: 0
2022/02/11-15:32:41.795324 7fc4598f5340         Options.bottommost_compression_opts.zstd_max_train_bytes: 0
2022/02/11-15:32:41.795326 7fc4598f5340         Options.bottommost_compression_opts.parallel_threads: 1
2022/02/11-15:32:41.795327 7fc4598f5340                  Options.bottommost_compression_opts.enabled: false
2022/02/11-15:32:41.795329 7fc4598f5340         Options.bottommost_compression_opts.max_dict_buffer_bytes: 0
2022/02/11-15:32:41.795330 7fc4598f5340            Options.compression_opts.window_bits: -14
2022/02/11-15:32:41.795331 7fc4598f5340                  Options.compression_opts.level: 32767
2022/02/11-15:32:41.795333 7fc4598f5340               Options.compression_opts.strategy: 0
2022/02/11-15:32:41.795334 7fc4598f5340         Options.compression_opts.max_dict_bytes: 0
2022/02/11-15:32:41.795335 7fc4598f5340         Options.compression_opts.zstd_max_train_bytes: 0
2022/02/11-15:32:41.795337 7fc4598f5340         Options.compression_opts.parallel_threads: 1
2022/02/11-15:32:41.795338 7fc4598f5340                  Options.compression_opts.enabled: false
2022/02/11-15:32:41.795339 7fc4598f5340         Options.compression_opts.max_dict_buffer_bytes: 0
2022/02/11-15:32:41.795341 7fc4598f5340      Options.level0_file_num_compaction_trigger: 4
2022/02/11-15:32:41.795342 7fc4598f5340          Options.level0_slowdown_writes_trigger: 20
2022/02/11-15:32:41.795344 7fc4598f5340              Options.level0_stop_writes_trigger: 36
2022/02/11-15:32:41.795345 7fc4598f5340                   Options.target_file_size_base: 67108864
2022/02/11-15:32:41.795346 7fc4598f5340             Options.target_file_size_multiplier: 1
2022/02/11-15:32:41.795348 7fc4598f5340                Options.max_bytes_for_level_base: 268435456
2022/02/11-15:32:41.795349 7fc4598f5340 Options.level_compaction_dynamic_level_bytes: 0
2022/02/11-15:32:41.795350 7fc4598f5340          Options.max_bytes_for_level_multiplier: 10.000000
2022/02/11-15:32:41.795353 7fc4598f5340 Options.max_bytes_for_level_multiplier_addtl[0]: 1
2022/02/11-15:32:41.795355 7fc4598f5340 Options.max_bytes_for_level_multiplier_addtl[1]: 1
2022/02/11-15:32:41.795356 7fc4598f5340 Options.max_bytes_for_level_multiplier_addtl[2]: 1
2022/02/11-15:32:41.795358 7fc4598f5340 Options.max_bytes_for_level_multiplier_addtl[3]: 1
2022/02/11-15:32:41.795359 7fc4598f5340 Options.max_bytes_for_level_multiplier_addtl[4]: 1
2022/02/11-15:32:41.795360 7fc4598f5340 Options.max_bytes_for_level_multiplier_addtl[5]: 1
2022/02/11-15:32:41.795362 7fc4598f5340 Options.max_bytes_for_level_multiplier_addtl[6]: 1
2022/02/11-15:32:41.795363 7fc4598f5340       Options.max_sequential_skip_in_iterations: 8
2022/02/11-15:32:41.795364 7fc4598f5340                    Options.max_compaction_bytes: 1677721600
2022/02/11-15:32:41.795366 7fc4598f5340                        Options.arena_block_size: 8388608
2022/02/11-15:32:41.795367 7fc4598f5340   Options.soft_pending_compaction_bytes_limit: 68719476736
2022/02/11-15:32:41.795376 7fc4598f5340   Options.hard_pending_compaction_bytes_limit: 274877906944
2022/02/11-15:32:41.795378 7fc4598f5340       Options.rate_limit_delay_max_milliseconds: 100
2022/02/11-15:32:41.795379 7fc4598f5340                Options.disable_auto_compactions: 0
2022/02/11-15:32:41.795381 7fc4598f5340                        Options.compaction_style: kCompactionStyleLevel
2022/02/11-15:32:41.795383 7fc4598f5340                          Options.compaction_pri: kMinOverlappingRatio
2022/02/11-15:32:41.795384 7fc4598f5340 Options.compaction_options_universal.size_ratio: 1
2022/02/11-15:32:41.795385 7fc4598f5340 Options.compaction_options_universal.min_merge_width: 2
2022/02/11-15:32:41.795387 7fc4598f5340 Options.compaction_options_universal.max_merge_width: 4294967295
2022/02/11-15:32:41.795388 7fc4598f5340 Options.compaction_options_universal.max_size_amplification_percent: 200
2022/02/11-15:32:41.795389 7fc4598f5340 Options.compaction_options_universal.compression_size_percent: -1
2022/02/11-15:32:41.795391 7fc4598f5340 Options.compaction_options_universal.stop_style: kCompactionStopStyleTotalSize
2022/02/11-15:32:41.795392 7fc4598f5340 Options.compaction_options_fifo.max_table_files_size: 1073741824
2022/02/11-15:32:41.795394 7fc4598f5340 Options.compaction_options_fifo.allow_compaction: 0
2022/02/11-15:32:41.795396 7fc4598f5340                   Options.table_properties_collectors: 
2022/02/11-15:32:41.795398 7fc4598f5340                   Options.inplace_update_support: 0
2022/02/11-15:32:41.795399 7fc4598f5340                 Options.inplace_update_num_locks: 10000
2022/02/11-15:32:41.795400 7fc4598f5340               Options.memtable_prefix_bloom_size_ratio: 0.000000
2022/02/11-15:32:41.795402 7fc4598f5340               Options.memtable_whole_key_filtering: 0
2022/02/11-15:32:41.795404 7fc4598f5340   Options.memtable_huge_page_size: 0
2022/02/11-15:32:41.795405 7fc4598f5340                           Options.bloom_locality: 0
2022/02/11-15:32:41.795406 7fc4598f5340                    Options.max_successive_merges: 0
2022/02/11-15:32:41.795408 7fc4598f5340                Options.optimize_filters_for_hits: 0
2022/02/11-15:32:41.795409 7fc4598f5340                Options.paranoid_file_checks: 0
2022/02/11-15:32:41.795410 7fc4598f5340                Options.force_consistency_checks: 1
2022/02/11-15:32:41.795412 7fc4598f5340                Options.report_bg_io_stats: 0
2022/02/11-15:32:41.795413 7fc4598f5340                               Options.ttl: 2592000
2022/02/11-15:32:41.795415 7fc4598f5340          Options.periodic_compaction_seconds: 0
2022/02/11-15:32:41.795416 7fc4598f5340                    Options.enable_blob_files: false
2022/02/11-15:32:41.795417 7fc4598f5340                        Options.min_blob_size: 0
2022/02/11-15:32:41.795419 7fc4598f5340                       Options.blob_file_size: 268435456
2022/02/11-15:32:41.795420 7fc4598f5340                Options.blob_compression_type: NoCompression
2022/02/11-15:32:41.795422 7fc4598f5340       Options.enable_blob_garbage_collection: false
2022/02/11-15:32:41.795423 7fc4598f5340   Options.blob_garbage_collection_age_cutoff: 0.250000
2022/02/11-15:32:41.795463 7fc4598f5340 [db/column_family.cc:596] --------------- Options for column family [certificates]:
2022/02/11-15:32:41.795465 7fc4598f5340               Options.comparator: leveldb.BytewiseComparator
2022/02/11-15:32:41.795467 7fc4598f5340           Options.merge_operator: None
2022/02/11-15:32:41.795468 7fc4598f5340        Options.compaction_filter: None
2022/02/11-15:32:41.795469 7fc4598f5340        Options.compaction_filter_factory: None
2022/02/11-15:32:41.795471 7fc4598f5340  Options.sst_partitioner_factory: None
2022/02/11-15:32:41.795472 7fc4598f5340         Options.memtable_factory: SkipListFactory
2022/02/11-15:32:41.795473 7fc4598f5340            Options.table_factory: BlockBasedTable
2022/02/11-15:32:41.795501 7fc4598f5340            table_factory options:   flush_block_policy_factory: FlushBlockBySizePolicyFactory (0x55c74c700d70)
  cache_index_and_filter_blocks: 0
  cache_index_and_filter_blocks_with_high_priority: 1
  pin_l0_filter_and_index_blocks_in_cache: 0
  pin_top_level_index_and_filter: 1
  index_type: 0
  data_block_index_type: 0
  index_shortening: 1
  data_block_hash_table_util_ratio: 0.750000
  hash_index_allow_collision: 1
  checksum: 1
  no_block_cache: 0
  block_cache: 0x55c74c672530
  block_cache_name: LRUCache
  block_cache_options:
    capacity : 8388608
    num_shard_bits : 4
    strict_capacity_limit : 0
    memory_allocator : None
    high_pri_pool_ratio: 0.000
  block_cache_compressed: (nil)
  persistent_cache: (nil)
  block_size: 4096
  block_size_deviation: 10
  block_restart_interval: 16
  index_block_restart_interval: 1
  metadata_block_size: 4096
  partition_filters: 0
  use_delta_encoding: 1
  filter_policy: nullptr
  whole_key_filtering: 1
  verify_compression: 0
  read_amp_bytes_per_bit: 0
  format_version: 5
  enable_index_compression: 1
  block_align: 0
2022/02/11-15:32:41.795512 7fc4598f5340        Options.write_buffer_size: 67108864
2022/02/11-15:32:41.795514 7fc4598f5340  Options.max_write_buffer_number: 2
2022/02/11-15:32:41.795516 7fc4598f5340          Options.compression: Snappy
2022/02/11-15:32:41.795517 7fc4598f5340                  Options.bottommost_compression: Disabled
2022/02/11-15:32:41.795518 7fc4598f5340       Options.prefix_extractor: nullptr
2022/02/11-15:32:41.795520 7fc4598f5340   Options.memtable_insert_with_hint_prefix_extractor: nullptr
2022/02/11-15:32:41.795521 7fc4598f5340             Options.num_levels: 7
2022/02/11-15:32:41.795523 7fc4598f5340        Options.min_write_buffer_number_to_merge: 1
2022/02/11-15:32:41.795524 7fc4598f5340     Options.max_write_buffer_number_to_maintain: 0
2022/02/11-15:32:41.795525 7fc4598f5340     Options.max_write_buffer_size_to_maintain: 0
2022/02/11-15:32:41.795527 7fc4598f5340            Options.bottommost_compression_opts.window_bits: -14
2022/02/11-15:32:41.795528 7fc4598f5340                  Options.bottommost_compression_opts.level: 32767
2022/02/11-15:32:41.795529 7fc4598f5340               Options.bottommost_compression_opts.strategy: 0
2022/02/11-15:32:41.795531 7fc4598f5340         Options.bottommost_compression_opts.max_dict_bytes: 0
2022/02/11-15:32:41.795532 7fc4598f5340         Options.bottommost_compression_opts.zstd_max_train_bytes: 0
2022/02/11-15:32:41.795533 7fc4598f5340         Options.bottommost_compression_opts.parallel_threads: 1
2022/02/11-15:32:41.795535 7fc4598f5340                  Options.bottommost_compression_opts.enabled: false
2022/02/11-15:32:41.795536 7fc4598f5340         Options.bottommost_compression_opts.max_dict_buffer_bytes: 0
2022/02/11-15:32:41.795538 7fc4598f5340            Options.compression_opts.window_bits: -14
2022/02/11-15:32:41.795539 7fc4598f5340                  Options.compression_opts.level: 32767
2022/02/11-15:32:41.795540 7fc4598f5340               Options.compression_opts.strategy: 0
2022/02/11-15:32:41.795542 7fc4598f5340         Options.compression_opts.max_dict_bytes: 0
2022/02/11-15:32:41.795543 7fc4598f5340         Options.compression_opts.zstd_max_train_bytes: 0
2022/02/11-15:32:41.795544 7fc4598f5340         Options.compression_opts.parallel_threads: 1
2022/02/11-15:32:41.795546 7fc4598f5340                  Options.compression_opts.enabled: false
2022/02/11-15:32:41.795547 7fc4598f5340         Options.compression_opts.max_dict_buffer_bytes: 0
2022/02/11-15:32:41.795548 7fc4598f5340      Options.level0_file_num_compaction_trigger: 4
2022/02/11-15:32:41.795550 7fc4598f5340          Options.level0_slowdown_writes_trigger: 20
2022/02/11-15:32:41.795551 7fc4598f5340              Options.level0_stop_writes_trigger: 36
2022/02/11-15:32:41.795552 7fc4598f5340                   Options.target_file_size_base: 67108864
2022/02/11-15:32:41.795554 7fc4598f5340             Options.target_file_size_multiplier: 1
2022/02/11-15:32:41.795555 7fc4598f5340                Options.max_bytes_for_level_base: 268435456
2022/02/11-15:32:41.795557 7fc4598f5340 Options.level_compaction_dynamic_level_bytes: 0
2022/02/11-15:32:41.795565 7fc4598f5340          Options.max_bytes_for_level_multiplier: 10.000000
2022/02/11-15:32:41.795568 7fc4598f5340 Options.max_bytes_for_level_multiplier_addtl[0]: 1
2022/02/11-15:32:41.795569 7fc4598f5340 Options.max_bytes_for_level_multiplier_addtl[1]: 1
2022/02/11-15:32:41.795571 7fc4598f5340 Options.max_bytes_for_level_multiplier_addtl[2]: 1
2022/02/11-15:32:41.795572 7fc4598f5340 Options.max_bytes_for_level_multiplier_addtl[3]: 1
2022/02/11-15:32:41.795574 7fc4598f5340 Options.max_bytes_for_level_multiplier_addtl[4]: 1
2022/02/11-15:32:41.795575 7fc4598f5340 Options.max_bytes_for_level_multiplier_addtl[5]: 1
2022/02/11-15:32:41.795576 7fc4598f5340 Options.max_bytes_for_level_multiplier_addtl[6]: 1
2022/02/11-15:32:41.795578 7fc4598f5340       Options.max_sequential_skip_in_iterations: 8
2022/02/11-15:32:41.795579 7fc4598f5340                    Options.max_compaction_bytes: 1677721600
2022/02/11-15:32:41.795580 7fc4598f5340                        Options.arena_block_size: 8388608
2022/02/11-15:32:41.795582 7fc4598f5340   Options.soft_pending_compaction_bytes_limit: 68719476736
2022/02/11-15:32:41.795583 7fc4598f5340   Options.hard_pending_compaction_bytes_limit: 274877906944
2022/02/11-15:32:41.795585 7fc4598f5340       Options.rate_limit_delay_max_milliseconds: 100
2022/02/11-15:32:41.795586 7fc4598f5340                Options.disable_auto_compactions: 0
2022/02/11-15:32:41.795588 7fc4598f5340                        Options.compaction_style: kCompactionStyleLevel
2022/02/11-15:32:41.795589 7fc4598f5340                          Options.compaction_pri: kMinOverlappingRatio
2022/02/11-15:32:41.795590 7fc4598f5340 Options.compaction_options_universal.size_ratio: 1
2022/02/11-15:32:41.795592 7fc4598f5340 Options.compaction_options_universal.min_merge_width: 2
2022/02/11-15:32:41.795593 7fc4598f5340 Options.compaction_options_universal.max_merge_width: 4294967295
2022/02/11-15:32:41.795594 7fc4598f5340 Options.compaction_options_universal.max_size_amplification_percent: 200
2022/02/11-15:32:41.795596 7fc4598f5340 Options.compaction_options_universal.compression_size_percent: -1
2022/02/11-15:32:41.795597 7fc4598f5340 Options.compaction_options_universal.stop_style: kCompactionStopStyleTotalSize
2022/02/11-15:32:41.795598 7fc4598f5340 Options.compaction_options_fifo.max_table_files_size: 1073741824
2022/02/11-15:32:41.795600 7fc4598f5340 Options.compaction_options_fifo.allow_compaction: 0
2022/02/11-15:32:41.795602 7fc4598f5340                   Options.table_properties_collectors: 
2022/02/11-15:32:41.795604 7fc4598f5340                   Options.inplace_update_support: 0
2022/02/11-15:32:41.795605 7fc4598f5340                 Options.inplace_update_num_locks: 10000
2022/02/11-15:32:41.795607 7fc4598f5340               Options.memtable_prefix_bloom_size_ratio: 0.000000
2022/02/11-15:32:41.795608 7fc4598f5340               Options.memtable_whole_key_filtering: 0
2022/02/11-15:32:41.795610 7fc4598f5340   Options.memtable_huge_page_size: 0
2022/02/11-15:32:41.795611 7fc4598f5340                           Options.bloom_locality: 0
2022/02/11-15:32:41.795612 7fc4598f5340                    Options.max_successive_merges: 0
2022/02/11-15:32:41.795614 7fc4598f5340                Options.optimize_filters_for_hits: 0
2022/02/11-15:32:41.795615 7fc4598f5340                Options.paranoid_file_checks: 0
2022/02/11-15:32:41.795617 7fc4598f5340                Options.force_consistency_checks: 1
2022/02/11-15:32:41.795618 7fc4598f5340                Options.report_bg_io_stats: 0
2022/02/11-15:32:41.795619 7fc4598f5340                               Options.ttl: 2592000
2022/02/11-15:32:41.795621 7fc4598f5340          Options.periodic_compaction_seconds: 0
2022/02/11-15:32:41.795622 7fc4598f5340                    Options.enable_blob_files: false
2022/02/11-15:32:41.795623 7fc4598f5340                        Options.min_blob_size: 0
2022/02/11-15:32:41.795625 7fc4598f5340                       Options.blob_file_size: 268435456
2022/02/11-15:32:41.795626 7fc4598f5340                Options.blob_compression_type: NoCompression
2022/02/11-15:32:41.795635 7fc4598f5340       Options.enable_blob_garbage_collection: false
2022/02/11-15:32:41.795637 7fc4598f5340   Options.blob_garbage_collection_age_cutoff: 0.250000
2022/02/11-15:32:41.795680 7fc4598f5340 [db/column_family.cc:596] --------------- Options for column family [object_certs]:
2022/02/11-15:32:41.795682 7fc4598f5340               Options.comparator: leveldb.BytewiseComparator
2022/02/11-15:32:41.795684 7fc4598f5340           Options.merge_operator: None
2022/02/11-15:32:41.795685 7fc4598f5340        Options.compaction_filter: None
2022/02/11-15:32:41.795686 7fc4598f5340        Options.compaction_filter_factory: None
2022/02/11-15:32:41.795688 7fc4598f5340  Options.sst_partitioner_factory: None
2022/02/11-15:32:41.795689 7fc4598f5340         Options.memtable_factory: SkipListFactory
2022/02/11-15:32:41.795691 7fc4598f5340            Options.table_factory: BlockBasedTable
2022/02/11-15:32:41.795714 7fc4598f5340            table_factory options:   flush_block_policy_factory: FlushBlockBySizePolicyFactory (0x55c74c796da0)
  cache_index_and_filter_blocks: 0
  cache_index_and_filter_blocks_with_high_priority: 1
  pin_l0_filter_and_index_blocks_in_cache: 0
  pin_top_level_index_and_filter: 1
  index_type: 0
  data_block_index_type: 0
  index_shortening: 1
  data_block_hash_table_util_ratio: 0.750000
  hash_index_allow_collision: 1
  checksum: 1
  no_block_cache: 0
  block_cache: 0x55c74c7c8af0
  block_cache_name: LRUCache
  block_cache_options:
    capacity : 8388608
    num_shard_bits : 4
    strict_capacity_limit : 0
    memory_allocator : None
    high_pri_pool_ratio: 0.000
  block_cache_compressed: (nil)
  persistent_cache: (nil)
  block_size: 4096
  block_size_deviation: 10
  block_restart_interval: 16
  index_block_restart_interval: 1
  metadata_block_size: 4096
  partition_filters: 0
  use_delta_encoding: 1
  filter_policy: nullptr
  whole_key_filtering: 1
  verify_compression: 0
  read_amp_bytes_per_bit: 0
  format_version: 5
  enable_index_compression: 1
  block_align: 0
2022/02/11-15:32:41.795716 7fc4598f5340        Options.write_buffer_size: 67108864
2022/02/11-15:32:41.795717 7fc4598f5340  Options.max_write_buffer_number: 2
2022/02/11-15:32:41.795718 7fc4598f5340          Options.compression: Snappy
2022/02/11-15:32:41.795720 7fc4598f5340                  Options.bottommost_compression: Disabled
2022/02/11-15:32:41.795721 7fc4598f5340       Options.prefix_extractor: nullptr
2022/02/11-15:32:41.795722 7fc4598f5340   Options.memtable_insert_with_hint_prefix_extractor: nullptr
2022/02/11-15:32:41.795724 7fc4598f5340             Options.num_levels: 7
2022/02/11-15:32:41.795725 7fc4598f5340        Options.min_write_buffer_number_to_merge: 1
2022/02/11-15:32:41.795727 7fc4598f5340     Options.max_write_buffer_number_to_maintain: 0
2022/02/11-15:32:41.795728 7fc4598f5340     Options.max_write_buffer_size_to_maintain: 0
2022/02/11-15:32:41.795729 7fc4598f5340            Options.bottommost_compression_opts.window_bits: -14
