2022/02/11-15:32:40.685742 7f40ee4f4340 RocksDB version: 6.20.3
2022/02/11-15:32:40.685757 7f40ee4f4340 Git sha 8608d75d85f8e1b3b64b73a4fb6d19baec61ba5c
2022/02/11-15:32:40.685759 7f40ee4f4340 Compile date 2021-05-05 20:35:30
2022/02/11-15:32:40.685803 7f40ee4f4340 DB SUMMARY
2022/02/11-15:32:40.685804 7f40ee4f4340 DB Session ID:  8KTXQS6TNSWYTG5F89RT
2022/02/11-15:32:40.685819 7f40ee4f4340 CURRENT file:  CURRENT
2022/02/11-15:32:40.685820 7f40ee4f4340 IDENTITY file:  IDENTITY
2022/02/11-15:32:40.685822 7f40ee4f4340 MANIFEST file:  MANIFEST-000091 size: 907 Bytes
2022/02/11-15:32:40.685823 7f40ee4f4340 SST files in ./client_db/k#0cb84c21b4827de0f5bc2405119b2db68280b6aba623888d59a1ba0ea9a8c83b dir, Total Num: 0, files: 
2022/02/11-15:32:40.685824 7f40ee4f4340 Write Ahead Log file in ./client_db/k#0cb84c21b4827de0f5bc2405119b2db68280b6aba623888d59a1ba0ea9a8c83b: 000092.log size: 810 ; 
2022/02/11-15:32:40.685825 7f40ee4f4340                         Options.error_if_exists: 0
2022/02/11-15:32:40.685826 7f40ee4f4340                       Options.create_if_missing: 1
2022/02/11-15:32:40.685827 7f40ee4f4340                         Options.paranoid_checks: 1
2022/02/11-15:32:40.685828 7f40ee4f4340                               Options.track_and_verify_wals_in_manifest: 0
2022/02/11-15:32:40.685829 7f40ee4f4340                                     Options.env: 0x56248e2e0420
2022/02/11-15:32:40.685830 7f40ee4f4340                                      Options.fs: Posix File System
2022/02/11-15:32:40.685831 7f40ee4f4340                                Options.info_log: 0x56248e699bc0
2022/02/11-15:32:40.685831 7f40ee4f4340                Options.max_file_opening_threads: 16
2022/02/11-15:32:40.685832 7f40ee4f4340                              Options.statistics: (nil)
2022/02/11-15:32:40.685833 7f40ee4f4340                               Options.use_fsync: 0
2022/02/11-15:32:40.685834 7f40ee4f4340                       Options.max_log_file_size: 0
2022/02/11-15:32:40.685835 7f40ee4f4340                  Options.max_manifest_file_size: 1073741824
2022/02/11-15:32:40.685835 7f40ee4f4340                   Options.log_file_time_to_roll: 0
2022/02/11-15:32:40.685836 7f40ee4f4340                       Options.keep_log_file_num: 1000
2022/02/11-15:32:40.685837 7f40ee4f4340                    Options.recycle_log_file_num: 0
2022/02/11-15:32:40.685837 7f40ee4f4340                         Options.allow_fallocate: 1
2022/02/11-15:32:40.685838 7f40ee4f4340                        Options.allow_mmap_reads: 0
2022/02/11-15:32:40.685839 7f40ee4f4340                       Options.allow_mmap_writes: 0
2022/02/11-15:32:40.685840 7f40ee4f4340                        Options.use_direct_reads: 0
2022/02/11-15:32:40.685840 7f40ee4f4340                        Options.use_direct_io_for_flush_and_compaction: 0
2022/02/11-15:32:40.685841 7f40ee4f4340          Options.create_missing_column_families: 1
2022/02/11-15:32:40.685842 7f40ee4f4340                              Options.db_log_dir: 
2022/02/11-15:32:40.685842 7f40ee4f4340                                 Options.wal_dir: ./client_db/k#0cb84c21b4827de0f5bc2405119b2db68280b6aba623888d59a1ba0ea9a8c83b
2022/02/11-15:32:40.685843 7f40ee4f4340                Options.table_cache_numshardbits: 6
2022/02/11-15:32:40.685844 7f40ee4f4340                         Options.WAL_ttl_seconds: 0
2022/02/11-15:32:40.685844 7f40ee4f4340                       Options.WAL_size_limit_MB: 0
2022/02/11-15:32:40.685845 7f40ee4f4340                        Options.max_write_batch_group_size_bytes: 1048576
2022/02/11-15:32:40.685846 7f40ee4f4340             Options.manifest_preallocation_size: 4194304
2022/02/11-15:32:40.685846 7f40ee4f4340                     Options.is_fd_close_on_exec: 1
2022/02/11-15:32:40.685847 7f40ee4f4340                   Options.advise_random_on_open: 1
2022/02/11-15:32:40.685848 7f40ee4f4340                    Options.db_write_buffer_size: 0
2022/02/11-15:32:40.685848 7f40ee4f4340                    Options.write_buffer_manager: 0x56248e7659a0
2022/02/11-15:32:40.685849 7f40ee4f4340         Options.access_hint_on_compaction_start: 1
2022/02/11-15:32:40.685850 7f40ee4f4340  Options.new_table_reader_for_compaction_inputs: 0
2022/02/11-15:32:40.685857 7f40ee4f4340           Options.random_access_max_buffer_size: 1048576
2022/02/11-15:32:40.685858 7f40ee4f4340                      Options.use_adaptive_mutex: 0
2022/02/11-15:32:40.685859 7f40ee4f4340                            Options.rate_limiter: (nil)
2022/02/11-15:32:40.685860 7f40ee4f4340     Options.sst_file_manager.rate_bytes_per_sec: 0
2022/02/11-15:32:40.685860 7f40ee4f4340                       Options.wal_recovery_mode: 2
2022/02/11-15:32:40.685861 7f40ee4f4340                  Options.enable_thread_tracking: 0
2022/02/11-15:32:40.685862 7f40ee4f4340                  Options.enable_pipelined_write: 0
2022/02/11-15:32:40.685862 7f40ee4f4340                  Options.unordered_write: 0
2022/02/11-15:32:40.685863 7f40ee4f4340         Options.allow_concurrent_memtable_write: 1
2022/02/11-15:32:40.685863 7f40ee4f4340      Options.enable_write_thread_adaptive_yield: 1
2022/02/11-15:32:40.685864 7f40ee4f4340             Options.write_thread_max_yield_usec: 100
2022/02/11-15:32:40.685865 7f40ee4f4340            Options.write_thread_slow_yield_usec: 3
2022/02/11-15:32:40.685866 7f40ee4f4340                               Options.row_cache: None
2022/02/11-15:32:40.685866 7f40ee4f4340                              Options.wal_filter: None
2022/02/11-15:32:40.685867 7f40ee4f4340             Options.avoid_flush_during_recovery: 0
2022/02/11-15:32:40.685868 7f40ee4f4340             Options.allow_ingest_behind: 0
2022/02/11-15:32:40.685868 7f40ee4f4340             Options.preserve_deletes: 0
2022/02/11-15:32:40.685869 7f40ee4f4340             Options.two_write_queues: 0
2022/02/11-15:32:40.685870 7f40ee4f4340             Options.manual_wal_flush: 0
2022/02/11-15:32:40.685871 7f40ee4f4340             Options.atomic_flush: 0
2022/02/11-15:32:40.685871 7f40ee4f4340             Options.avoid_unnecessary_blocking_io: 0
2022/02/11-15:32:40.685872 7f40ee4f4340                 Options.persist_stats_to_disk: 0
2022/02/11-15:32:40.685873 7f40ee4f4340                 Options.write_dbid_to_manifest: 0
2022/02/11-15:32:40.685873 7f40ee4f4340                 Options.log_readahead_size: 0
2022/02/11-15:32:40.685874 7f40ee4f4340                 Options.file_checksum_gen_factory: Unknown
2022/02/11-15:32:40.685875 7f40ee4f4340                 Options.best_efforts_recovery: 0
2022/02/11-15:32:40.685875 7f40ee4f4340                Options.max_bgerror_resume_count: 2147483647
2022/02/11-15:32:40.685876 7f40ee4f4340            Options.bgerror_resume_retry_interval: 1000000
2022/02/11-15:32:40.685877 7f40ee4f4340             Options.allow_data_in_errors: 0
2022/02/11-15:32:40.685878 7f40ee4f4340             Options.db_host_id: __hostname__
2022/02/11-15:32:40.685878 7f40ee4f4340             Options.max_background_jobs: 2
2022/02/11-15:32:40.685879 7f40ee4f4340             Options.max_background_compactions: -1
2022/02/11-15:32:40.685880 7f40ee4f4340             Options.max_subcompactions: 1
2022/02/11-15:32:40.685881 7f40ee4f4340             Options.avoid_flush_during_shutdown: 0
2022/02/11-15:32:40.685881 7f40ee4f4340           Options.writable_file_max_buffer_size: 1048576
2022/02/11-15:32:40.685882 7f40ee4f4340             Options.delayed_write_rate : 16777216
2022/02/11-15:32:40.685883 7f40ee4f4340             Options.max_total_wal_size: 0
2022/02/11-15:32:40.685883 7f40ee4f4340             Options.delete_obsolete_files_period_micros: 21600000000
2022/02/11-15:32:40.685884 7f40ee4f4340                   Options.stats_dump_period_sec: 600
2022/02/11-15:32:40.685885 7f40ee4f4340                 Options.stats_persist_period_sec: 600
2022/02/11-15:32:40.685885 7f40ee4f4340                 Options.stats_history_buffer_size: 1048576
2022/02/11-15:32:40.685886 7f40ee4f4340                          Options.max_open_files: -1
2022/02/11-15:32:40.685887 7f40ee4f4340                          Options.bytes_per_sync: 0
2022/02/11-15:32:40.685887 7f40ee4f4340                      Options.wal_bytes_per_sync: 0
2022/02/11-15:32:40.685888 7f40ee4f4340                   Options.strict_bytes_per_sync: 0
2022/02/11-15:32:40.685892 7f40ee4f4340       Options.compaction_readahead_size: 0
2022/02/11-15:32:40.685893 7f40ee4f4340                  Options.max_background_flushes: -1
2022/02/11-15:32:40.685894 7f40ee4f4340 Compression algorithms supported:
2022/02/11-15:32:40.685895 7f40ee4f4340 	kZSTDNotFinalCompression supported: 1
2022/02/11-15:32:40.685896 7f40ee4f4340 	kZSTD supported: 1
2022/02/11-15:32:40.685897 7f40ee4f4340 	kXpressCompression supported: 0
2022/02/11-15:32:40.685897 7f40ee4f4340 	kLZ4HCCompression supported: 1
2022/02/11-15:32:40.685898 7f40ee4f4340 	kLZ4Compression supported: 1
2022/02/11-15:32:40.685899 7f40ee4f4340 	kBZip2Compression supported: 1
2022/02/11-15:32:40.685899 7f40ee4f4340 	kZlibCompression supported: 1
2022/02/11-15:32:40.685900 7f40ee4f4340 	kSnappyCompression supported: 1
2022/02/11-15:32:40.685901 7f40ee4f4340 Fast CRC32 supported: Not supported on x86
2022/02/11-15:32:40.685929 7f40ee4f4340 [db/version_set.cc:4626] Recovering from manifest file: ./client_db/k#0cb84c21b4827de0f5bc2405119b2db68280b6aba623888d59a1ba0ea9a8c83b/MANIFEST-000091
2022/02/11-15:32:40.686010 7f40ee4f4340 [db/column_family.cc:596] --------------- Options for column family [default]:
2022/02/11-15:32:40.686012 7f40ee4f4340               Options.comparator: leveldb.BytewiseComparator
2022/02/11-15:32:40.686013 7f40ee4f4340           Options.merge_operator: None
2022/02/11-15:32:40.686013 7f40ee4f4340        Options.compaction_filter: None
2022/02/11-15:32:40.686014 7f40ee4f4340        Options.compaction_filter_factory: None
2022/02/11-15:32:40.686015 7f40ee4f4340  Options.sst_partitioner_factory: None
2022/02/11-15:32:40.686016 7f40ee4f4340         Options.memtable_factory: SkipListFactory
2022/02/11-15:32:40.686016 7f40ee4f4340            Options.table_factory: BlockBasedTable
2022/02/11-15:32:40.686048 7f40ee4f4340            table_factory options:   flush_block_policy_factory: FlushBlockBySizePolicyFactory (0x56248e75f2e0)
  cache_index_and_filter_blocks: 0
  cache_index_and_filter_blocks_with_high_priority: 1
  pin_l0_filter_and_index_blocks_in_cache: 0
  pin_top_level_index_and_filter: 1
  index_type: 0
  data_block_index_type: 0
  index_shortening: 1
  data_block_hash_table_util_ratio: 0.750000
  hash_index_allow_collision: 1
  checksum: 1
  no_block_cache: 0
  block_cache: 0x56248e74fa40
  block_cache_name: LRUCache
  block_cache_options:
    capacity : 8388608
    num_shard_bits : 4
    strict_capacity_limit : 0
    memory_allocator : None
    high_pri_pool_ratio: 0.000
  block_cache_compressed: (nil)
  persistent_cache: (nil)
  block_size: 4096
  block_size_deviation: 10
  block_restart_interval: 16
  index_block_restart_interval: 1
  metadata_block_size: 4096
  partition_filters: 0
  use_delta_encoding: 1
  filter_policy: nullptr
  whole_key_filtering: 1
  verify_compression: 0
  read_amp_bytes_per_bit: 0
  format_version: 5
  enable_index_compression: 1
  block_align: 0
2022/02/11-15:32:40.686050 7f40ee4f4340        Options.write_buffer_size: 67108864
2022/02/11-15:32:40.686050 7f40ee4f4340  Options.max_write_buffer_number: 2
2022/02/11-15:32:40.686051 7f40ee4f4340          Options.compression: Snappy
2022/02/11-15:32:40.686052 7f40ee4f4340                  Options.bottommost_compression: Disabled
2022/02/11-15:32:40.686053 7f40ee4f4340       Options.prefix_extractor: nullptr
2022/02/11-15:32:40.686053 7f40ee4f4340   Options.memtable_insert_with_hint_prefix_extractor: nullptr
2022/02/11-15:32:40.686054 7f40ee4f4340             Options.num_levels: 7
2022/02/11-15:32:40.686055 7f40ee4f4340        Options.min_write_buffer_number_to_merge: 1
2022/02/11-15:32:40.686056 7f40ee4f4340     Options.max_write_buffer_number_to_maintain: 0
2022/02/11-15:32:40.686056 7f40ee4f4340     Options.max_write_buffer_size_to_maintain: 0
2022/02/11-15:32:40.686057 7f40ee4f4340            Options.bottommost_compression_opts.window_bits: -14
2022/02/11-15:32:40.686058 7f40ee4f4340                  Options.bottommost_compression_opts.level: 32767
2022/02/11-15:32:40.686059 7f40ee4f4340               Options.bottommost_compression_opts.strategy: 0
2022/02/11-15:32:40.686066 7f40ee4f4340         Options.bottommost_compression_opts.max_dict_bytes: 0
2022/02/11-15:32:40.686067 7f40ee4f4340         Options.bottommost_compression_opts.zstd_max_train_bytes: 0
2022/02/11-15:32:40.686068 7f40ee4f4340         Options.bottommost_compression_opts.parallel_threads: 1
2022/02/11-15:32:40.686068 7f40ee4f4340                  Options.bottommost_compression_opts.enabled: false
2022/02/11-15:32:40.686069 7f40ee4f4340         Options.bottommost_compression_opts.max_dict_buffer_bytes: 0
2022/02/11-15:32:40.686070 7f40ee4f4340            Options.compression_opts.window_bits: -14
2022/02/11-15:32:40.686071 7f40ee4f4340                  Options.compression_opts.level: 32767
2022/02/11-15:32:40.686072 7f40ee4f4340               Options.compression_opts.strategy: 0
2022/02/11-15:32:40.686072 7f40ee4f4340         Options.compression_opts.max_dict_bytes: 0
2022/02/11-15:32:40.686073 7f40ee4f4340         Options.compression_opts.zstd_max_train_bytes: 0
2022/02/11-15:32:40.686074 7f40ee4f4340         Options.compression_opts.parallel_threads: 1
2022/02/11-15:32:40.686074 7f40ee4f4340                  Options.compression_opts.enabled: false
2022/02/11-15:32:40.686075 7f40ee4f4340         Options.compression_opts.max_dict_buffer_bytes: 0
2022/02/11-15:32:40.686076 7f40ee4f4340      Options.level0_file_num_compaction_trigger: 4
2022/02/11-15:32:40.686076 7f40ee4f4340          Options.level0_slowdown_writes_trigger: 20
2022/02/11-15:32:40.686077 7f40ee4f4340              Options.level0_stop_writes_trigger: 36
2022/02/11-15:32:40.686078 7f40ee4f4340                   Options.target_file_size_base: 67108864
2022/02/11-15:32:40.686079 7f40ee4f4340             Options.target_file_size_multiplier: 1
2022/02/11-15:32:40.686079 7f40ee4f4340                Options.max_bytes_for_level_base: 268435456
2022/02/11-15:32:40.686080 7f40ee4f4340 Options.level_compaction_dynamic_level_bytes: 0
2022/02/11-15:32:40.686081 7f40ee4f4340          Options.max_bytes_for_level_multiplier: 10.000000
2022/02/11-15:32:40.686083 7f40ee4f4340 Options.max_bytes_for_level_multiplier_addtl[0]: 1
2022/02/11-15:32:40.686084 7f40ee4f4340 Options.max_bytes_for_level_multiplier_addtl[1]: 1
2022/02/11-15:32:40.686084 7f40ee4f4340 Options.max_bytes_for_level_multiplier_addtl[2]: 1
2022/02/11-15:32:40.686085 7f40ee4f4340 Options.max_bytes_for_level_multiplier_addtl[3]: 1
2022/02/11-15:32:40.686086 7f40ee4f4340 Options.max_bytes_for_level_multiplier_addtl[4]: 1
2022/02/11-15:32:40.686087 7f40ee4f4340 Options.max_bytes_for_level_multiplier_addtl[5]: 1
2022/02/11-15:32:40.686087 7f40ee4f4340 Options.max_bytes_for_level_multiplier_addtl[6]: 1
2022/02/11-15:32:40.686088 7f40ee4f4340       Options.max_sequential_skip_in_iterations: 8
2022/02/11-15:32:40.686089 7f40ee4f4340                    Options.max_compaction_bytes: 1677721600
2022/02/11-15:32:40.686089 7f40ee4f4340                        Options.arena_block_size: 8388608
2022/02/11-15:32:40.686090 7f40ee4f4340   Options.soft_pending_compaction_bytes_limit: 68719476736
2022/02/11-15:32:40.686091 7f40ee4f4340   Options.hard_pending_compaction_bytes_limit: 274877906944
2022/02/11-15:32:40.686092 7f40ee4f4340       Options.rate_limit_delay_max_milliseconds: 100
2022/02/11-15:32:40.686093 7f40ee4f4340                Options.disable_auto_compactions: 0
2022/02/11-15:32:40.686094 7f40ee4f4340                        Options.compaction_style: kCompactionStyleLevel
2022/02/11-15:32:40.686095 7f40ee4f4340                          Options.compaction_pri: kMinOverlappingRatio
2022/02/11-15:32:40.686096 7f40ee4f4340 Options.compaction_options_universal.size_ratio: 1
2022/02/11-15:32:40.686097 7f40ee4f4340 Options.compaction_options_universal.min_merge_width: 2
2022/02/11-15:32:40.686097 7f40ee4f4340 Options.compaction_options_universal.max_merge_width: 4294967295
2022/02/11-15:32:40.686098 7f40ee4f4340 Options.compaction_options_universal.max_size_amplification_percent: 200
2022/02/11-15:32:40.686099 7f40ee4f4340 Options.compaction_options_universal.compression_size_percent: -1
2022/02/11-15:32:40.686104 7f40ee4f4340 Options.compaction_options_universal.stop_style: kCompactionStopStyleTotalSize
2022/02/11-15:32:40.686104 7f40ee4f4340 Options.compaction_options_fifo.max_table_files_size: 1073741824
2022/02/11-15:32:40.686105 7f40ee4f4340 Options.compaction_options_fifo.allow_compaction: 0
2022/02/11-15:32:40.686110 7f40ee4f4340                   Options.table_properties_collectors: 
2022/02/11-15:32:40.686111 7f40ee4f4340                   Options.inplace_update_support: 0
2022/02/11-15:32:40.686112 7f40ee4f4340                 Options.inplace_update_num_locks: 10000
2022/02/11-15:32:40.686112 7f40ee4f4340               Options.memtable_prefix_bloom_size_ratio: 0.000000
2022/02/11-15:32:40.686113 7f40ee4f4340               Options.memtable_whole_key_filtering: 0
2022/02/11-15:32:40.686114 7f40ee4f4340   Options.memtable_huge_page_size: 0
2022/02/11-15:32:40.686115 7f40ee4f4340                           Options.bloom_locality: 0
2022/02/11-15:32:40.686117 7f40ee4f4340                    Options.max_successive_merges: 0
2022/02/11-15:32:40.686118 7f40ee4f4340                Options.optimize_filters_for_hits: 0
2022/02/11-15:32:40.686119 7f40ee4f4340                Options.paranoid_file_checks: 0
2022/02/11-15:32:40.686119 7f40ee4f4340                Options.force_consistency_checks: 1
2022/02/11-15:32:40.686120 7f40ee4f4340                Options.report_bg_io_stats: 0
2022/02/11-15:32:40.686121 7f40ee4f4340                               Options.ttl: 2592000
2022/02/11-15:32:40.686121 7f40ee4f4340          Options.periodic_compaction_seconds: 0
2022/02/11-15:32:40.686122 7f40ee4f4340                    Options.enable_blob_files: false
2022/02/11-15:32:40.686123 7f40ee4f4340                        Options.min_blob_size: 0
2022/02/11-15:32:40.686124 7f40ee4f4340                       Options.blob_file_size: 268435456
2022/02/11-15:32:40.686124 7f40ee4f4340                Options.blob_compression_type: NoCompression
2022/02/11-15:32:40.686125 7f40ee4f4340       Options.enable_blob_garbage_collection: false
2022/02/11-15:32:40.686126 7f40ee4f4340   Options.blob_garbage_collection_age_cutoff: 0.250000
2022/02/11-15:32:40.686157 7f40ee4f4340 [db/column_family.cc:596] --------------- Options for column family [pending_orders]:
2022/02/11-15:32:40.686159 7f40ee4f4340               Options.comparator: leveldb.BytewiseComparator
2022/02/11-15:32:40.686160 7f40ee4f4340           Options.merge_operator: None
2022/02/11-15:32:40.686161 7f40ee4f4340        Options.compaction_filter: None
2022/02/11-15:32:40.686162 7f40ee4f4340        Options.compaction_filter_factory: None
2022/02/11-15:32:40.686163 7f40ee4f4340  Options.sst_partitioner_factory: None
2022/02/11-15:32:40.686164 7f40ee4f4340         Options.memtable_factory: SkipListFactory
2022/02/11-15:32:40.686164 7f40ee4f4340            Options.table_factory: BlockBasedTable
2022/02/11-15:32:40.686182 7f40ee4f4340            table_factory options:   flush_block_policy_factory: FlushBlockBySizePolicyFactory (0x56248e6c8260)
  cache_index_and_filter_blocks: 0
  cache_index_and_filter_blocks_with_high_priority: 1
  pin_l0_filter_and_index_blocks_in_cache: 0
  pin_top_level_index_and_filter: 1
  index_type: 0
  data_block_index_type: 0
  index_shortening: 1
  data_block_hash_table_util_ratio: 0.750000
  hash_index_allow_collision: 1
  checksum: 1
  no_block_cache: 0
  block_cache: 0x56248e8380a0
  block_cache_name: LRUCache
  block_cache_options:
    capacity : 8388608
    num_shard_bits : 4
    strict_capacity_limit : 0
    memory_allocator : None
    high_pri_pool_ratio: 0.000
  block_cache_compressed: (nil)
  persistent_cache: (nil)
  block_size: 4096
  block_size_deviation: 10
  block_restart_interval: 16
  index_block_restart_interval: 1
  metadata_block_size: 4096
  partition_filters: 0
  use_delta_encoding: 1
  filter_policy: nullptr
  whole_key_filtering: 1
  verify_compression: 0
  read_amp_bytes_per_bit: 0
  format_version: 5
  enable_index_compression: 1
  block_align: 0
2022/02/11-15:32:40.686183 7f40ee4f4340        Options.write_buffer_size: 67108864
2022/02/11-15:32:40.686190 7f40ee4f4340  Options.max_write_buffer_number: 2
2022/02/11-15:32:40.686191 7f40ee4f4340          Options.compression: Snappy
2022/02/11-15:32:40.686192 7f40ee4f4340                  Options.bottommost_compression: Disabled
2022/02/11-15:32:40.686193 7f40ee4f4340       Options.prefix_extractor: nullptr
2022/02/11-15:32:40.686193 7f40ee4f4340   Options.memtable_insert_with_hint_prefix_extractor: nullptr
2022/02/11-15:32:40.686194 7f40ee4f4340             Options.num_levels: 7
2022/02/11-15:32:40.686195 7f40ee4f4340        Options.min_write_buffer_number_to_merge: 1
2022/02/11-15:32:40.686196 7f40ee4f4340     Options.max_write_buffer_number_to_maintain: 0
2022/02/11-15:32:40.686197 7f40ee4f4340     Options.max_write_buffer_size_to_maintain: 0
2022/02/11-15:32:40.686198 7f40ee4f4340            Options.bottommost_compression_opts.window_bits: -14
2022/02/11-15:32:40.686198 7f40ee4f4340                  Options.bottommost_compression_opts.level: 32767
2022/02/11-15:32:40.686199 7f40ee4f4340               Options.bottommost_compression_opts.strategy: 0
2022/02/11-15:32:40.686200 7f40ee4f4340         Options.bottommost_compression_opts.max_dict_bytes: 0
2022/02/11-15:32:40.686201 7f40ee4f4340         Options.bottommost_compression_opts.zstd_max_train_bytes: 0
2022/02/11-15:32:40.686201 7f40ee4f4340         Options.bottommost_compression_opts.parallel_threads: 1
2022/02/11-15:32:40.686202 7f40ee4f4340                  Options.bottommost_compression_opts.enabled: false
2022/02/11-15:32:40.686203 7f40ee4f4340         Options.bottommost_compression_opts.max_dict_buffer_bytes: 0
2022/02/11-15:32:40.686203 7f40ee4f4340            Options.compression_opts.window_bits: -14
2022/02/11-15:32:40.686204 7f40ee4f4340                  Options.compression_opts.level: 32767
2022/02/11-15:32:40.686205 7f40ee4f4340               Options.compression_opts.strategy: 0
2022/02/11-15:32:40.686206 7f40ee4f4340         Options.compression_opts.max_dict_bytes: 0
2022/02/11-15:32:40.686207 7f40ee4f4340         Options.compression_opts.zstd_max_train_bytes: 0
2022/02/11-15:32:40.686207 7f40ee4f4340         Options.compression_opts.parallel_threads: 1
2022/02/11-15:32:40.686208 7f40ee4f4340                  Options.compression_opts.enabled: false
2022/02/11-15:32:40.686209 7f40ee4f4340         Options.compression_opts.max_dict_buffer_bytes: 0
2022/02/11-15:32:40.686210 7f40ee4f4340      Options.level0_file_num_compaction_trigger: 4
2022/02/11-15:32:40.686211 7f40ee4f4340          Options.level0_slowdown_writes_trigger: 20
2022/02/11-15:32:40.686211 7f40ee4f4340              Options.level0_stop_writes_trigger: 36
2022/02/11-15:32:40.686212 7f40ee4f4340                   Options.target_file_size_base: 67108864
2022/02/11-15:32:40.686213 7f40ee4f4340             Options.target_file_size_multiplier: 1
2022/02/11-15:32:40.686213 7f40ee4f4340                Options.max_bytes_for_level_base: 268435456
2022/02/11-15:32:40.686214 7f40ee4f4340 Options.level_compaction_dynamic_level_bytes: 0
2022/02/11-15:32:40.686215 7f40ee4f4340          Options.max_bytes_for_level_multiplier: 10.000000
2022/02/11-15:32:40.686216 7f40ee4f4340 Options.max_bytes_for_level_multiplier_addtl[0]: 1
2022/02/11-15:32:40.686217 7f40ee4f4340 Options.max_bytes_for_level_multiplier_addtl[1]: 1
2022/02/11-15:32:40.686218 7f40ee4f4340 Options.max_bytes_for_level_multiplier_addtl[2]: 1
2022/02/11-15:32:40.686218 7f40ee4f4340 Options.max_bytes_for_level_multiplier_addtl[3]: 1
2022/02/11-15:32:40.686219 7f40ee4f4340 Options.max_bytes_for_level_multiplier_addtl[4]: 1
2022/02/11-15:32:40.686220 7f40ee4f4340 Options.max_bytes_for_level_multiplier_addtl[5]: 1
2022/02/11-15:32:40.686221 7f40ee4f4340 Options.max_bytes_for_level_multiplier_addtl[6]: 1
2022/02/11-15:32:40.686222 7f40ee4f4340       Options.max_sequential_skip_in_iterations: 8
2022/02/11-15:32:40.686222 7f40ee4f4340                    Options.max_compaction_bytes: 1677721600
2022/02/11-15:32:40.686223 7f40ee4f4340                        Options.arena_block_size: 8388608
2022/02/11-15:32:40.686224 7f40ee4f4340   Options.soft_pending_compaction_bytes_limit: 68719476736
2022/02/11-15:32:40.686229 7f40ee4f4340   Options.hard_pending_compaction_bytes_limit: 274877906944
2022/02/11-15:32:40.686230 7f40ee4f4340       Options.rate_limit_delay_max_milliseconds: 100
2022/02/11-15:32:40.686231 7f40ee4f4340                Options.disable_auto_compactions: 0
2022/02/11-15:32:40.686232 7f40ee4f4340                        Options.compaction_style: kCompactionStyleLevel
2022/02/11-15:32:40.686233 7f40ee4f4340                          Options.compaction_pri: kMinOverlappingRatio
2022/02/11-15:32:40.686234 7f40ee4f4340 Options.compaction_options_universal.size_ratio: 1
2022/02/11-15:32:40.686234 7f40ee4f4340 Options.compaction_options_universal.min_merge_width: 2
2022/02/11-15:32:40.686235 7f40ee4f4340 Options.compaction_options_universal.max_merge_width: 4294967295
2022/02/11-15:32:40.686236 7f40ee4f4340 Options.compaction_options_universal.max_size_amplification_percent: 200
2022/02/11-15:32:40.686236 7f40ee4f4340 Options.compaction_options_universal.compression_size_percent: -1
2022/02/11-15:32:40.686237 7f40ee4f4340 Options.compaction_options_universal.stop_style: kCompactionStopStyleTotalSize
2022/02/11-15:32:40.686238 7f40ee4f4340 Options.compaction_options_fifo.max_table_files_size: 1073741824
2022/02/11-15:32:40.686239 7f40ee4f4340 Options.compaction_options_fifo.allow_compaction: 0
2022/02/11-15:32:40.686241 7f40ee4f4340                   Options.table_properties_collectors: 
2022/02/11-15:32:40.686241 7f40ee4f4340                   Options.inplace_update_support: 0
2022/02/11-15:32:40.686242 7f40ee4f4340                 Options.inplace_update_num_locks: 10000
2022/02/11-15:32:40.686243 7f40ee4f4340               Options.memtable_prefix_bloom_size_ratio: 0.000000
2022/02/11-15:32:40.686244 7f40ee4f4340               Options.memtable_whole_key_filtering: 0
2022/02/11-15:32:40.686244 7f40ee4f4340   Options.memtable_huge_page_size: 0
2022/02/11-15:32:40.686245 7f40ee4f4340                           Options.bloom_locality: 0
2022/02/11-15:32:40.686246 7f40ee4f4340                    Options.max_successive_merges: 0
2022/02/11-15:32:40.686246 7f40ee4f4340                Options.optimize_filters_for_hits: 0
2022/02/11-15:32:40.686247 7f40ee4f4340                Options.paranoid_file_checks: 0
2022/02/11-15:32:40.686248 7f40ee4f4340                Options.force_consistency_checks: 1
2022/02/11-15:32:40.686249 7f40ee4f4340                Options.report_bg_io_stats: 0
2022/02/11-15:32:40.686249 7f40ee4f4340                               Options.ttl: 2592000
2022/02/11-15:32:40.686250 7f40ee4f4340          Options.periodic_compaction_seconds: 0
2022/02/11-15:32:40.686251 7f40ee4f4340                    Options.enable_blob_files: false
2022/02/11-15:32:40.686252 7f40ee4f4340                        Options.min_blob_size: 0
2022/02/11-15:32:40.686253 7f40ee4f4340                       Options.blob_file_size: 268435456
2022/02/11-15:32:40.686253 7f40ee4f4340                Options.blob_compression_type: NoCompression
2022/02/11-15:32:40.686254 7f40ee4f4340       Options.enable_blob_garbage_collection: false
2022/02/11-15:32:40.686255 7f40ee4f4340   Options.blob_garbage_collection_age_cutoff: 0.250000
2022/02/11-15:32:40.686287 7f40ee4f4340 [db/column_family.cc:596] --------------- Options for column family [certificates]:
2022/02/11-15:32:40.686288 7f40ee4f4340               Options.comparator: leveldb.BytewiseComparator
2022/02/11-15:32:40.686289 7f40ee4f4340           Options.merge_operator: None
2022/02/11-15:32:40.686290 7f40ee4f4340        Options.compaction_filter: None
2022/02/11-15:32:40.686291 7f40ee4f4340        Options.compaction_filter_factory: None
2022/02/11-15:32:40.686291 7f40ee4f4340  Options.sst_partitioner_factory: None
2022/02/11-15:32:40.686292 7f40ee4f4340         Options.memtable_factory: SkipListFactory
2022/02/11-15:32:40.686293 7f40ee4f4340            Options.table_factory: BlockBasedTable
2022/02/11-15:32:40.686306 7f40ee4f4340            table_factory options:   flush_block_policy_factory: FlushBlockBySizePolicyFactory (0x56248e5b64c0)
  cache_index_and_filter_blocks: 0
  cache_index_and_filter_blocks_with_high_priority: 1
  pin_l0_filter_and_index_blocks_in_cache: 0
  pin_top_level_index_and_filter: 1
  index_type: 0
  data_block_index_type: 0
  index_shortening: 1
  data_block_hash_table_util_ratio: 0.750000
  hash_index_allow_collision: 1
  checksum: 1
  no_block_cache: 0
  block_cache: 0x56248e702450
  block_cache_name: LRUCache
  block_cache_options:
    capacity : 8388608
    num_shard_bits : 4
    strict_capacity_limit : 0
    memory_allocator : None
    high_pri_pool_ratio: 0.000
  block_cache_compressed: (nil)
  persistent_cache: (nil)
  block_size: 4096
  block_size_deviation: 10
  block_restart_interval: 16
  index_block_restart_interval: 1
  metadata_block_size: 4096
  partition_filters: 0
  use_delta_encoding: 1
  filter_policy: nullptr
  whole_key_filtering: 1
  verify_compression: 0
  read_amp_bytes_per_bit: 0
  format_version: 5
  enable_index_compression: 1
  block_align: 0
2022/02/11-15:32:40.686314 7f40ee4f4340        Options.write_buffer_size: 67108864
2022/02/11-15:32:40.686316 7f40ee4f4340  Options.max_write_buffer_number: 2
2022/02/11-15:32:40.686317 7f40ee4f4340          Options.compression: Snappy
2022/02/11-15:32:40.686317 7f40ee4f4340                  Options.bottommost_compression: Disabled
2022/02/11-15:32:40.686318 7f40ee4f4340       Options.prefix_extractor: nullptr
2022/02/11-15:32:40.686319 7f40ee4f4340   Options.memtable_insert_with_hint_prefix_extractor: nullptr
2022/02/11-15:32:40.686320 7f40ee4f4340             Options.num_levels: 7
2022/02/11-15:32:40.686320 7f40ee4f4340        Options.min_write_buffer_number_to_merge: 1
2022/02/11-15:32:40.686321 7f40ee4f4340     Options.max_write_buffer_number_to_maintain: 0
2022/02/11-15:32:40.686322 7f40ee4f4340     Options.max_write_buffer_size_to_maintain: 0
2022/02/11-15:32:40.686323 7f40ee4f4340            Options.bottommost_compression_opts.window_bits: -14
2022/02/11-15:32:40.686323 7f40ee4f4340                  Options.bottommost_compression_opts.level: 32767
2022/02/11-15:32:40.686324 7f40ee4f4340               Options.bottommost_compression_opts.strategy: 0
2022/02/11-15:32:40.686325 7f40ee4f4340         Options.bottommost_compression_opts.max_dict_bytes: 0
2022/02/11-15:32:40.686325 7f40ee4f4340         Options.bottommost_compression_opts.zstd_max_train_bytes: 0
2022/02/11-15:32:40.686326 7f40ee4f4340         Options.bottommost_compression_opts.parallel_threads: 1
2022/02/11-15:32:40.686327 7f40ee4f4340                  Options.bottommost_compression_opts.enabled: false
2022/02/11-15:32:40.686328 7f40ee4f4340         Options.bottommost_compression_opts.max_dict_buffer_bytes: 0
2022/02/11-15:32:40.686328 7f40ee4f4340            Options.compression_opts.window_bits: -14
2022/02/11-15:32:40.686329 7f40ee4f4340                  Options.compression_opts.level: 32767
2022/02/11-15:32:40.686330 7f40ee4f4340               Options.compression_opts.strategy: 0
2022/02/11-15:32:40.686331 7f40ee4f4340         Options.compression_opts.max_dict_bytes: 0
2022/02/11-15:32:40.686332 7f40ee4f4340         Options.compression_opts.zstd_max_train_bytes: 0
2022/02/11-15:32:40.686332 7f40ee4f4340         Options.compression_opts.parallel_threads: 1
2022/02/11-15:32:40.686333 7f40ee4f4340                  Options.compression_opts.enabled: false
2022/02/11-15:32:40.686334 7f40ee4f4340         Options.compression_opts.max_dict_buffer_bytes: 0
2022/02/11-15:32:40.686335 7f40ee4f4340      Options.level0_file_num_compaction_trigger: 4
2022/02/11-15:32:40.686336 7f40ee4f4340          Options.level0_slowdown_writes_trigger: 20
2022/02/11-15:32:40.686336 7f40ee4f4340              Options.level0_stop_writes_trigger: 36
2022/02/11-15:32:40.686337 7f40ee4f4340                   Options.target_file_size_base: 67108864
2022/02/11-15:32:40.686338 7f40ee4f4340             Options.target_file_size_multiplier: 1
2022/02/11-15:32:40.686339 7f40ee4f4340                Options.max_bytes_for_level_base: 268435456
2022/02/11-15:32:40.686340 7f40ee4f4340 Options.level_compaction_dynamic_level_bytes: 0
2022/02/11-15:32:40.686345 7f40ee4f4340          Options.max_bytes_for_level_multiplier: 10.000000
2022/02/11-15:32:40.686347 7f40ee4f4340 Options.max_bytes_for_level_multiplier_addtl[0]: 1
2022/02/11-15:32:40.686348 7f40ee4f4340 Options.max_bytes_for_level_multiplier_addtl[1]: 1
2022/02/11-15:32:40.686348 7f40ee4f4340 Options.max_bytes_for_level_multiplier_addtl[2]: 1
2022/02/11-15:32:40.686349 7f40ee4f4340 Options.max_bytes_for_level_multiplier_addtl[3]: 1
2022/02/11-15:32:40.686350 7f40ee4f4340 Options.max_bytes_for_level_multiplier_addtl[4]: 1
2022/02/11-15:32:40.686351 7f40ee4f4340 Options.max_bytes_for_level_multiplier_addtl[5]: 1
2022/02/11-15:32:40.686352 7f40ee4f4340 Options.max_bytes_for_level_multiplier_addtl[6]: 1
2022/02/11-15:32:40.686353 7f40ee4f4340       Options.max_sequential_skip_in_iterations: 8
2022/02/11-15:32:40.686354 7f40ee4f4340                    Options.max_compaction_bytes: 1677721600
2022/02/11-15:32:40.686354 7f40ee4f4340                        Options.arena_block_size: 8388608
2022/02/11-15:32:40.686355 7f40ee4f4340   Options.soft_pending_compaction_bytes_limit: 68719476736
2022/02/11-15:32:40.686356 7f40ee4f4340   Options.hard_pending_compaction_bytes_limit: 274877906944
2022/02/11-15:32:40.686357 7f40ee4f4340       Options.rate_limit_delay_max_milliseconds: 100
2022/02/11-15:32:40.686358 7f40ee4f4340                Options.disable_auto_compactions: 0
2022/02/11-15:32:40.686359 7f40ee4f4340                        Options.compaction_style: kCompactionStyleLevel
2022/02/11-15:32:40.686360 7f40ee4f4340                          Options.compaction_pri: kMinOverlappingRatio
2022/02/11-15:32:40.686361 7f40ee4f4340 Options.compaction_options_universal.size_ratio: 1
2022/02/11-15:32:40.686362 7f40ee4f4340 Options.compaction_options_universal.min_merge_width: 2
2022/02/11-15:32:40.686363 7f40ee4f4340 Options.compaction_options_universal.max_merge_width: 4294967295
2022/02/11-15:32:40.686364 7f40ee4f4340 Options.compaction_options_universal.max_size_amplification_percent: 200
2022/02/11-15:32:40.686365 7f40ee4f4340 Options.compaction_options_universal.compression_size_percent: -1
2022/02/11-15:32:40.686366 7f40ee4f4340 Options.compaction_options_universal.stop_style: kCompactionStopStyleTotalSize
2022/02/11-15:32:40.686367 7f40ee4f4340 Options.compaction_options_fifo.max_table_files_size: 1073741824
2022/02/11-15:32:40.686367 7f40ee4f4340 Options.compaction_options_fifo.allow_compaction: 0
2022/02/11-15:32:40.686370 7f40ee4f4340                   Options.table_properties_collectors: 
2022/02/11-15:32:40.686370 7f40ee4f4340                   Options.inplace_update_support: 0
2022/02/11-15:32:40.686371 7f40ee4f4340                 Options.inplace_update_num_locks: 10000
2022/02/11-15:32:40.686372 7f40ee4f4340               Options.memtable_prefix_bloom_size_ratio: 0.000000
2022/02/11-15:32:40.686373 7f40ee4f4340               Options.memtable_whole_key_filtering: 0
2022/02/11-15:32:40.686374 7f40ee4f4340   Options.memtable_huge_page_size: 0
2022/02/11-15:32:40.686375 7f40ee4f4340                           Options.bloom_locality: 0
2022/02/11-15:32:40.686376 7f40ee4f4340                    Options.max_successive_merges: 0
2022/02/11-15:32:40.686377 7f40ee4f4340                Options.optimize_filters_for_hits: 0
2022/02/11-15:32:40.686378 7f40ee4f4340                Options.paranoid_file_checks: 0
2022/02/11-15:32:40.686378 7f40ee4f4340                Options.force_consistency_checks: 1
2022/02/11-15:32:40.686379 7f40ee4f4340                Options.report_bg_io_stats: 0
2022/02/11-15:32:40.686380 7f40ee4f4340                               Options.ttl: 2592000
2022/02/11-15:32:40.686381 7f40ee4f4340          Options.periodic_compaction_seconds: 0
2022/02/11-15:32:40.686382 7f40ee4f4340                    Options.enable_blob_files: false
2022/02/11-15:32:40.686382 7f40ee4f4340                        Options.min_blob_size: 0
2022/02/11-15:32:40.686383 7f40ee4f4340                       Options.blob_file_size: 268435456
2022/02/11-15:32:40.686384 7f40ee4f4340                Options.blob_compression_type: NoCompression
2022/02/11-15:32:40.686390 7f40ee4f4340       Options.enable_blob_garbage_collection: false
2022/02/11-15:32:40.686391 7f40ee4f4340   Options.blob_garbage_collection_age_cutoff: 0.250000
2022/02/11-15:32:40.686417 7f40ee4f4340 [db/column_family.cc:596] --------------- Options for column family [object_certs]:
2022/02/11-15:32:40.686418 7f40ee4f4340               Options.comparator: leveldb.BytewiseComparator
2022/02/11-15:32:40.686419 7f40ee4f4340           Options.merge_operator: None
2022/02/11-15:32:40.686420 7f40ee4f4340        Options.compaction_filter: None
2022/02/11-15:32:40.686421 7f40ee4f4340        Options.compaction_filter_factory: None
2022/02/11-15:32:40.686422 7f40ee4f4340  Options.sst_partitioner_factory: None
2022/02/11-15:32:40.686423 7f40ee4f4340         Options.memtable_factory: SkipListFactory
2022/02/11-15:32:40.686424 7f40ee4f4340            Options.table_factory: BlockBasedTable
2022/02/11-15:32:40.686440 7f40ee4f4340            table_factory options:   flush_block_policy_factory: FlushBlockBySizePolicyFactory (0x56248e6c2290)
  cache_index_and_filter_blocks: 0
  cache_index_and_filter_blocks_with_high_priority: 1
  pin_l0_filter_and_index_blocks_in_cache: 0
  pin_top_level_index_and_filter: 1
  index_type: 0
  data_block_index_type: 0
  index_shortening: 1
  data_block_hash_table_util_ratio: 0.750000
  hash_index_allow_collision: 1
  checksum: 1
  no_block_cache: 0
  block_cache: 0x56248e6f84d0
  block_cache_name: LRUCache
  block_cache_options:
    capacity : 8388608
    num_shard_bits : 4
    strict_capacity_limit : 0
    memory_allocator : None
    high_pri_pool_ratio: 0.000
  block_cache_compressed: (nil)
  persistent_cache: (nil)
  block_size: 4096
  block_size_deviation: 10
  block_restart_interval: 16
  index_block_restart_interval: 1
  metadata_block_size: 4096
  partition_filters: 0
  use_delta_encoding: 1
  filter_policy: nullptr
  whole_key_filtering: 1
  verify_compression: 0
  read_amp_bytes_per_bit: 0
  format_version: 5
  enable_index_compression: 1
  block_align: 0
2022/02/11-15:32:40.686441 7f40ee4f4340        Options.write_buffer_size: 67108864
2022/02/11-15:32:40.686442 7f40ee4f4340  Options.max_write_buffer_number: 2
2022/02/11-15:32:40.686443 7f40ee4f4340          Options.compression: Snappy
2022/02/11-15:32:40.686444 7f40ee4f4340                  Options.bottommost_compression: Disabled
2022/02/11-15:32:40.686445 7f40ee4f4340       Options.prefix_extractor: nullptr
2022/02/11-15:32:40.686446 7f40ee4f4340   Options.memtable_insert_with_hint_prefix_extractor: nullptr
2022/02/11-15:32:40.686447 7f40ee4f4340             Options.num_levels: 7
2022/02/11-15:32:40.686447 7f40ee4f4340        Options.min_write_buffer_number_to_merge: 1
2022/02/11-15:32:40.686448 7f40ee4f4340     Options.max_write_buffer_number_to_maintain: 0
2022/02/11-15:32:40.686449 7f40ee4f4340     Options.max_write_buffer_size_to_maintain: 0
2022/02/11-15:32:40.686450 7f40ee4f4340            Options.bottommost_compression_opts.window_bits: -14
