2022/02/11-15:13:57.055553 7f864adfbf40 RocksDB version: 6.20.3
2022/02/11-15:13:57.055590 7f864adfbf40 Git sha 8608d75d85f8e1b3b64b73a4fb6d19baec61ba5c
2022/02/11-15:13:57.055592 7f864adfbf40 Compile date 2021-05-05 20:35:30
2022/02/11-15:13:57.055618 7f864adfbf40 DB SUMMARY
2022/02/11-15:13:57.055619 7f864adfbf40 DB Session ID:  87AS6K5I6VRTJEUWYUNQ
2022/02/11-15:13:57.055632 7f864adfbf40 CURRENT file:  CURRENT
2022/02/11-15:13:57.055633 7f864adfbf40 IDENTITY file:  IDENTITY
2022/02/11-15:13:57.055635 7f864adfbf40 MANIFEST file:  MANIFEST-000027 size: 1265 Bytes
2022/02/11-15:13:57.055636 7f864adfbf40 SST files in ./authorities_db/k#43135968638ccdee0b45575d65fca83bfbbc52850585bf55d32d4be5f0907656 dir, Total Num: 4, files: 000023.sst 000024.sst 000025.sst 000026.sst 
2022/02/11-15:13:57.055636 7f864adfbf40 Write Ahead Log file in ./authorities_db/k#43135968638ccdee0b45575d65fca83bfbbc52850585bf55d32d4be5f0907656: 000028.log size: 18869 ; 
2022/02/11-15:13:57.055637 7f864adfbf40                         Options.error_if_exists: 0
2022/02/11-15:13:57.055638 7f864adfbf40                       Options.create_if_missing: 1
2022/02/11-15:13:57.055638 7f864adfbf40                         Options.paranoid_checks: 1
2022/02/11-15:13:57.055639 7f864adfbf40                               Options.track_and_verify_wals_in_manifest: 0
2022/02/11-15:13:57.055639 7f864adfbf40                                     Options.env: 0x55a2485dc6c0
2022/02/11-15:13:57.055640 7f864adfbf40                                      Options.fs: Posix File System
2022/02/11-15:13:57.055641 7f864adfbf40                                Options.info_log: 0x55a249be3ce0
2022/02/11-15:13:57.055641 7f864adfbf40                Options.max_file_opening_threads: 16
2022/02/11-15:13:57.055642 7f864adfbf40                              Options.statistics: (nil)
2022/02/11-15:13:57.055642 7f864adfbf40                               Options.use_fsync: 0
2022/02/11-15:13:57.055643 7f864adfbf40                       Options.max_log_file_size: 0
2022/02/11-15:13:57.055643 7f864adfbf40                  Options.max_manifest_file_size: 1073741824
2022/02/11-15:13:57.055644 7f864adfbf40                   Options.log_file_time_to_roll: 0
2022/02/11-15:13:57.055644 7f864adfbf40                       Options.keep_log_file_num: 1000
2022/02/11-15:13:57.055645 7f864adfbf40                    Options.recycle_log_file_num: 0
2022/02/11-15:13:57.055645 7f864adfbf40                         Options.allow_fallocate: 1
2022/02/11-15:13:57.055646 7f864adfbf40                        Options.allow_mmap_reads: 0
2022/02/11-15:13:57.055646 7f864adfbf40                       Options.allow_mmap_writes: 0
2022/02/11-15:13:57.055647 7f864adfbf40                        Options.use_direct_reads: 0
2022/02/11-15:13:57.055647 7f864adfbf40                        Options.use_direct_io_for_flush_and_compaction: 0
2022/02/11-15:13:57.055648 7f864adfbf40          Options.create_missing_column_families: 1
2022/02/11-15:13:57.055648 7f864adfbf40                              Options.db_log_dir: 
2022/02/11-15:13:57.055649 7f864adfbf40                                 Options.wal_dir: ./authorities_db/k#43135968638ccdee0b45575d65fca83bfbbc52850585bf55d32d4be5f0907656
2022/02/11-15:13:57.055649 7f864adfbf40                Options.table_cache_numshardbits: 6
2022/02/11-15:13:57.055650 7f864adfbf40                         Options.WAL_ttl_seconds: 0
2022/02/11-15:13:57.055650 7f864adfbf40                       Options.WAL_size_limit_MB: 0
2022/02/11-15:13:57.055651 7f864adfbf40                        Options.max_write_batch_group_size_bytes: 1048576
2022/02/11-15:13:57.055651 7f864adfbf40             Options.manifest_preallocation_size: 4194304
2022/02/11-15:13:57.055652 7f864adfbf40                     Options.is_fd_close_on_exec: 1
2022/02/11-15:13:57.055652 7f864adfbf40                   Options.advise_random_on_open: 1
2022/02/11-15:13:57.055652 7f864adfbf40                    Options.db_write_buffer_size: 0
2022/02/11-15:13:57.055653 7f864adfbf40                    Options.write_buffer_manager: 0x55a249c22390
2022/02/11-15:13:57.055653 7f864adfbf40         Options.access_hint_on_compaction_start: 1
2022/02/11-15:13:57.055671 7f864adfbf40  Options.new_table_reader_for_compaction_inputs: 0
2022/02/11-15:13:57.055672 7f864adfbf40           Options.random_access_max_buffer_size: 1048576
2022/02/11-15:13:57.055673 7f864adfbf40                      Options.use_adaptive_mutex: 0
2022/02/11-15:13:57.055674 7f864adfbf40                            Options.rate_limiter: (nil)
2022/02/11-15:13:57.055674 7f864adfbf40     Options.sst_file_manager.rate_bytes_per_sec: 0
2022/02/11-15:13:57.055675 7f864adfbf40                       Options.wal_recovery_mode: 2
2022/02/11-15:13:57.055675 7f864adfbf40                  Options.enable_thread_tracking: 0
2022/02/11-15:13:57.055676 7f864adfbf40                  Options.enable_pipelined_write: 0
2022/02/11-15:13:57.055676 7f864adfbf40                  Options.unordered_write: 0
2022/02/11-15:13:57.055677 7f864adfbf40         Options.allow_concurrent_memtable_write: 1
2022/02/11-15:13:57.055677 7f864adfbf40      Options.enable_write_thread_adaptive_yield: 1
2022/02/11-15:13:57.055678 7f864adfbf40             Options.write_thread_max_yield_usec: 100
2022/02/11-15:13:57.055678 7f864adfbf40            Options.write_thread_slow_yield_usec: 3
2022/02/11-15:13:57.055679 7f864adfbf40                               Options.row_cache: None
2022/02/11-15:13:57.055679 7f864adfbf40                              Options.wal_filter: None
2022/02/11-15:13:57.055680 7f864adfbf40             Options.avoid_flush_during_recovery: 0
2022/02/11-15:13:57.055680 7f864adfbf40             Options.allow_ingest_behind: 0
2022/02/11-15:13:57.055681 7f864adfbf40             Options.preserve_deletes: 0
2022/02/11-15:13:57.055681 7f864adfbf40             Options.two_write_queues: 0
2022/02/11-15:13:57.055682 7f864adfbf40             Options.manual_wal_flush: 0
2022/02/11-15:13:57.055682 7f864adfbf40             Options.atomic_flush: 0
2022/02/11-15:13:57.055683 7f864adfbf40             Options.avoid_unnecessary_blocking_io: 0
2022/02/11-15:13:57.055683 7f864adfbf40                 Options.persist_stats_to_disk: 0
2022/02/11-15:13:57.055684 7f864adfbf40                 Options.write_dbid_to_manifest: 0
2022/02/11-15:13:57.055684 7f864adfbf40                 Options.log_readahead_size: 0
2022/02/11-15:13:57.055685 7f864adfbf40                 Options.file_checksum_gen_factory: Unknown
2022/02/11-15:13:57.055685 7f864adfbf40                 Options.best_efforts_recovery: 0
2022/02/11-15:13:57.055685 7f864adfbf40                Options.max_bgerror_resume_count: 2147483647
2022/02/11-15:13:57.055686 7f864adfbf40            Options.bgerror_resume_retry_interval: 1000000
2022/02/11-15:13:57.055686 7f864adfbf40             Options.allow_data_in_errors: 0
2022/02/11-15:13:57.055687 7f864adfbf40             Options.db_host_id: __hostname__
2022/02/11-15:13:57.055687 7f864adfbf40             Options.max_background_jobs: 2
2022/02/11-15:13:57.055688 7f864adfbf40             Options.max_background_compactions: -1
2022/02/11-15:13:57.055688 7f864adfbf40             Options.max_subcompactions: 1
2022/02/11-15:13:57.055689 7f864adfbf40             Options.avoid_flush_during_shutdown: 0
2022/02/11-15:13:57.055689 7f864adfbf40           Options.writable_file_max_buffer_size: 1048576
2022/02/11-15:13:57.055690 7f864adfbf40             Options.delayed_write_rate : 16777216
2022/02/11-15:13:57.055690 7f864adfbf40             Options.max_total_wal_size: 0
2022/02/11-15:13:57.055691 7f864adfbf40             Options.delete_obsolete_files_period_micros: 21600000000
2022/02/11-15:13:57.055691 7f864adfbf40                   Options.stats_dump_period_sec: 600
2022/02/11-15:13:57.055692 7f864adfbf40                 Options.stats_persist_period_sec: 600
2022/02/11-15:13:57.055692 7f864adfbf40                 Options.stats_history_buffer_size: 1048576
2022/02/11-15:13:57.055693 7f864adfbf40                          Options.max_open_files: -1
2022/02/11-15:13:57.055693 7f864adfbf40                          Options.bytes_per_sync: 0
2022/02/11-15:13:57.055694 7f864adfbf40                      Options.wal_bytes_per_sync: 0
2022/02/11-15:13:57.055694 7f864adfbf40                   Options.strict_bytes_per_sync: 0
2022/02/11-15:13:57.055710 7f864adfbf40       Options.compaction_readahead_size: 0
2022/02/11-15:13:57.055712 7f864adfbf40                  Options.max_background_flushes: -1
2022/02/11-15:13:57.055713 7f864adfbf40 Compression algorithms supported:
2022/02/11-15:13:57.055713 7f864adfbf40 	kZSTDNotFinalCompression supported: 1
2022/02/11-15:13:57.055715 7f864adfbf40 	kZSTD supported: 1
2022/02/11-15:13:57.055715 7f864adfbf40 	kXpressCompression supported: 0
2022/02/11-15:13:57.055716 7f864adfbf40 	kLZ4HCCompression supported: 1
2022/02/11-15:13:57.055716 7f864adfbf40 	kLZ4Compression supported: 1
2022/02/11-15:13:57.055717 7f864adfbf40 	kBZip2Compression supported: 1
2022/02/11-15:13:57.055717 7f864adfbf40 	kZlibCompression supported: 1
2022/02/11-15:13:57.055718 7f864adfbf40 	kSnappyCompression supported: 1
2022/02/11-15:13:57.055719 7f864adfbf40 Fast CRC32 supported: Not supported on x86
2022/02/11-15:13:57.055741 7f864adfbf40 [db/version_set.cc:4626] Recovering from manifest file: ./authorities_db/k#43135968638ccdee0b45575d65fca83bfbbc52850585bf55d32d4be5f0907656/MANIFEST-000027
2022/02/11-15:13:57.055799 7f864adfbf40 [db/column_family.cc:596] --------------- Options for column family [default]:
2022/02/11-15:13:57.055800 7f864adfbf40               Options.comparator: leveldb.BytewiseComparator
2022/02/11-15:13:57.055801 7f864adfbf40           Options.merge_operator: None
2022/02/11-15:13:57.055802 7f864adfbf40        Options.compaction_filter: None
2022/02/11-15:13:57.055802 7f864adfbf40        Options.compaction_filter_factory: None
2022/02/11-15:13:57.055803 7f864adfbf40  Options.sst_partitioner_factory: None
2022/02/11-15:13:57.055803 7f864adfbf40         Options.memtable_factory: SkipListFactory
2022/02/11-15:13:57.055804 7f864adfbf40            Options.table_factory: BlockBasedTable
2022/02/11-15:13:57.055822 7f864adfbf40            table_factory options:   flush_block_policy_factory: FlushBlockBySizePolicyFactory (0x55a249a56f60)
  cache_index_and_filter_blocks: 0
  cache_index_and_filter_blocks_with_high_priority: 1
  pin_l0_filter_and_index_blocks_in_cache: 0
  pin_top_level_index_and_filter: 1
  index_type: 0
  data_block_index_type: 0
  index_shortening: 1
  data_block_hash_table_util_ratio: 0.750000
  hash_index_allow_collision: 1
  checksum: 1
  no_block_cache: 0
  block_cache: 0x55a249bb1bc0
  block_cache_name: LRUCache
  block_cache_options:
    capacity : 8388608
    num_shard_bits : 4
    strict_capacity_limit : 0
    memory_allocator : None
    high_pri_pool_ratio: 0.000
  block_cache_compressed: (nil)
  persistent_cache: (nil)
  block_size: 4096
  block_size_deviation: 10
  block_restart_interval: 16
  index_block_restart_interval: 1
  metadata_block_size: 4096
  partition_filters: 0
  use_delta_encoding: 1
  filter_policy: nullptr
  whole_key_filtering: 1
  verify_compression: 0
  read_amp_bytes_per_bit: 0
  format_version: 5
  enable_index_compression: 1
  block_align: 0
2022/02/11-15:13:57.055824 7f864adfbf40        Options.write_buffer_size: 67108864
2022/02/11-15:13:57.055825 7f864adfbf40  Options.max_write_buffer_number: 2
2022/02/11-15:13:57.055825 7f864adfbf40          Options.compression: Snappy
2022/02/11-15:13:57.055826 7f864adfbf40                  Options.bottommost_compression: Disabled
2022/02/11-15:13:57.055826 7f864adfbf40       Options.prefix_extractor: nullptr
2022/02/11-15:13:57.055827 7f864adfbf40   Options.memtable_insert_with_hint_prefix_extractor: nullptr
2022/02/11-15:13:57.055827 7f864adfbf40             Options.num_levels: 7
2022/02/11-15:13:57.055828 7f864adfbf40        Options.min_write_buffer_number_to_merge: 1
2022/02/11-15:13:57.055828 7f864adfbf40     Options.max_write_buffer_number_to_maintain: 0
2022/02/11-15:13:57.055829 7f864adfbf40     Options.max_write_buffer_size_to_maintain: 0
2022/02/11-15:13:57.055829 7f864adfbf40            Options.bottommost_compression_opts.window_bits: -14
2022/02/11-15:13:57.055830 7f864adfbf40                  Options.bottommost_compression_opts.level: 32767
2022/02/11-15:13:57.055835 7f864adfbf40               Options.bottommost_compression_opts.strategy: 0
2022/02/11-15:13:57.055836 7f864adfbf40         Options.bottommost_compression_opts.max_dict_bytes: 0
2022/02/11-15:13:57.055837 7f864adfbf40         Options.bottommost_compression_opts.zstd_max_train_bytes: 0
2022/02/11-15:13:57.055837 7f864adfbf40         Options.bottommost_compression_opts.parallel_threads: 1
2022/02/11-15:13:57.055838 7f864adfbf40                  Options.bottommost_compression_opts.enabled: false
2022/02/11-15:13:57.055838 7f864adfbf40         Options.bottommost_compression_opts.max_dict_buffer_bytes: 0
2022/02/11-15:13:57.055839 7f864adfbf40            Options.compression_opts.window_bits: -14
2022/02/11-15:13:57.055839 7f864adfbf40                  Options.compression_opts.level: 32767
2022/02/11-15:13:57.055840 7f864adfbf40               Options.compression_opts.strategy: 0
2022/02/11-15:13:57.055840 7f864adfbf40         Options.compression_opts.max_dict_bytes: 0
2022/02/11-15:13:57.055841 7f864adfbf40         Options.compression_opts.zstd_max_train_bytes: 0
2022/02/11-15:13:57.055841 7f864adfbf40         Options.compression_opts.parallel_threads: 1
2022/02/11-15:13:57.055842 7f864adfbf40                  Options.compression_opts.enabled: false
2022/02/11-15:13:57.055842 7f864adfbf40         Options.compression_opts.max_dict_buffer_bytes: 0
2022/02/11-15:13:57.055842 7f864adfbf40      Options.level0_file_num_compaction_trigger: 4
2022/02/11-15:13:57.055843 7f864adfbf40          Options.level0_slowdown_writes_trigger: 20
2022/02/11-15:13:57.055843 7f864adfbf40              Options.level0_stop_writes_trigger: 36
2022/02/11-15:13:57.055844 7f864adfbf40                   Options.target_file_size_base: 67108864
2022/02/11-15:13:57.055844 7f864adfbf40             Options.target_file_size_multiplier: 1
2022/02/11-15:13:57.055845 7f864adfbf40                Options.max_bytes_for_level_base: 268435456
2022/02/11-15:13:57.055845 7f864adfbf40 Options.level_compaction_dynamic_level_bytes: 0
2022/02/11-15:13:57.055846 7f864adfbf40          Options.max_bytes_for_level_multiplier: 10.000000
2022/02/11-15:13:57.055847 7f864adfbf40 Options.max_bytes_for_level_multiplier_addtl[0]: 1
2022/02/11-15:13:57.055848 7f864adfbf40 Options.max_bytes_for_level_multiplier_addtl[1]: 1
2022/02/11-15:13:57.055848 7f864adfbf40 Options.max_bytes_for_level_multiplier_addtl[2]: 1
2022/02/11-15:13:57.055849 7f864adfbf40 Options.max_bytes_for_level_multiplier_addtl[3]: 1
2022/02/11-15:13:57.055849 7f864adfbf40 Options.max_bytes_for_level_multiplier_addtl[4]: 1
2022/02/11-15:13:57.055850 7f864adfbf40 Options.max_bytes_for_level_multiplier_addtl[5]: 1
2022/02/11-15:13:57.055850 7f864adfbf40 Options.max_bytes_for_level_multiplier_addtl[6]: 1
2022/02/11-15:13:57.055851 7f864adfbf40       Options.max_sequential_skip_in_iterations: 8
2022/02/11-15:13:57.055851 7f864adfbf40                    Options.max_compaction_bytes: 1677721600
2022/02/11-15:13:57.055852 7f864adfbf40                        Options.arena_block_size: 8388608
2022/02/11-15:13:57.055852 7f864adfbf40   Options.soft_pending_compaction_bytes_limit: 68719476736
2022/02/11-15:13:57.055853 7f864adfbf40   Options.hard_pending_compaction_bytes_limit: 274877906944
2022/02/11-15:13:57.055853 7f864adfbf40       Options.rate_limit_delay_max_milliseconds: 100
2022/02/11-15:13:57.055854 7f864adfbf40                Options.disable_auto_compactions: 0
2022/02/11-15:13:57.055855 7f864adfbf40                        Options.compaction_style: kCompactionStyleLevel
2022/02/11-15:13:57.055856 7f864adfbf40                          Options.compaction_pri: kMinOverlappingRatio
2022/02/11-15:13:57.055856 7f864adfbf40 Options.compaction_options_universal.size_ratio: 1
2022/02/11-15:13:57.055857 7f864adfbf40 Options.compaction_options_universal.min_merge_width: 2
2022/02/11-15:13:57.055857 7f864adfbf40 Options.compaction_options_universal.max_merge_width: 4294967295
2022/02/11-15:13:57.055858 7f864adfbf40 Options.compaction_options_universal.max_size_amplification_percent: 200
2022/02/11-15:13:57.055858 7f864adfbf40 Options.compaction_options_universal.compression_size_percent: -1
2022/02/11-15:13:57.055862 7f864adfbf40 Options.compaction_options_universal.stop_style: kCompactionStopStyleTotalSize
2022/02/11-15:13:57.055863 7f864adfbf40 Options.compaction_options_fifo.max_table_files_size: 1073741824
2022/02/11-15:13:57.055863 7f864adfbf40 Options.compaction_options_fifo.allow_compaction: 0
2022/02/11-15:13:57.055869 7f864adfbf40                   Options.table_properties_collectors: 
2022/02/11-15:13:57.055869 7f864adfbf40                   Options.inplace_update_support: 0
2022/02/11-15:13:57.055870 7f864adfbf40                 Options.inplace_update_num_locks: 10000
2022/02/11-15:13:57.055870 7f864adfbf40               Options.memtable_prefix_bloom_size_ratio: 0.000000
2022/02/11-15:13:57.055871 7f864adfbf40               Options.memtable_whole_key_filtering: 0
2022/02/11-15:13:57.055872 7f864adfbf40   Options.memtable_huge_page_size: 0
2022/02/11-15:13:57.055872 7f864adfbf40                           Options.bloom_locality: 0
2022/02/11-15:13:57.055872 7f864adfbf40                    Options.max_successive_merges: 0
2022/02/11-15:13:57.055873 7f864adfbf40                Options.optimize_filters_for_hits: 0
2022/02/11-15:13:57.055873 7f864adfbf40                Options.paranoid_file_checks: 0
2022/02/11-15:13:57.055874 7f864adfbf40                Options.force_consistency_checks: 1
2022/02/11-15:13:57.055874 7f864adfbf40                Options.report_bg_io_stats: 0
2022/02/11-15:13:57.055875 7f864adfbf40                               Options.ttl: 2592000
2022/02/11-15:13:57.055875 7f864adfbf40          Options.periodic_compaction_seconds: 0
2022/02/11-15:13:57.055876 7f864adfbf40                    Options.enable_blob_files: false
2022/02/11-15:13:57.055876 7f864adfbf40                        Options.min_blob_size: 0
2022/02/11-15:13:57.055876 7f864adfbf40                       Options.blob_file_size: 268435456
2022/02/11-15:13:57.055877 7f864adfbf40                Options.blob_compression_type: NoCompression
2022/02/11-15:13:57.055878 7f864adfbf40       Options.enable_blob_garbage_collection: false
2022/02/11-15:13:57.055878 7f864adfbf40   Options.blob_garbage_collection_age_cutoff: 0.250000
2022/02/11-15:13:57.055904 7f864adfbf40 [db/column_family.cc:596] --------------- Options for column family [objects]:
2022/02/11-15:13:57.055905 7f864adfbf40               Options.comparator: leveldb.BytewiseComparator
2022/02/11-15:13:57.055905 7f864adfbf40           Options.merge_operator: None
2022/02/11-15:13:57.055906 7f864adfbf40        Options.compaction_filter: None
2022/02/11-15:13:57.055906 7f864adfbf40        Options.compaction_filter_factory: None
2022/02/11-15:13:57.055907 7f864adfbf40  Options.sst_partitioner_factory: None
2022/02/11-15:13:57.055907 7f864adfbf40         Options.memtable_factory: SkipListFactory
2022/02/11-15:13:57.055908 7f864adfbf40            Options.table_factory: BlockBasedTable
2022/02/11-15:13:57.055917 7f864adfbf40            table_factory options:   flush_block_policy_factory: FlushBlockBySizePolicyFactory (0x55a249b67670)
  cache_index_and_filter_blocks: 0
  cache_index_and_filter_blocks_with_high_priority: 1
  pin_l0_filter_and_index_blocks_in_cache: 0
  pin_top_level_index_and_filter: 1
  index_type: 0
  data_block_index_type: 0
  index_shortening: 1
  data_block_hash_table_util_ratio: 0.750000
  hash_index_allow_collision: 1
  checksum: 1
  no_block_cache: 0
  block_cache: 0x55a249ba7510
  block_cache_name: LRUCache
  block_cache_options:
    capacity : 8388608
    num_shard_bits : 4
    strict_capacity_limit : 0
    memory_allocator : None
    high_pri_pool_ratio: 0.000
  block_cache_compressed: (nil)
  persistent_cache: (nil)
  block_size: 4096
  block_size_deviation: 10
  block_restart_interval: 16
  index_block_restart_interval: 1
  metadata_block_size: 4096
  partition_filters: 0
  use_delta_encoding: 1
  filter_policy: nullptr
  whole_key_filtering: 1
  verify_compression: 0
  read_amp_bytes_per_bit: 0
  format_version: 5
  enable_index_compression: 1
  block_align: 0
2022/02/11-15:13:57.055918 7f864adfbf40        Options.write_buffer_size: 67108864
2022/02/11-15:13:57.055922 7f864adfbf40  Options.max_write_buffer_number: 2
2022/02/11-15:13:57.055922 7f864adfbf40          Options.compression: Snappy
2022/02/11-15:13:57.055923 7f864adfbf40                  Options.bottommost_compression: Disabled
2022/02/11-15:13:57.055923 7f864adfbf40       Options.prefix_extractor: nullptr
2022/02/11-15:13:57.055924 7f864adfbf40   Options.memtable_insert_with_hint_prefix_extractor: nullptr
2022/02/11-15:13:57.055924 7f864adfbf40             Options.num_levels: 7
2022/02/11-15:13:57.055925 7f864adfbf40        Options.min_write_buffer_number_to_merge: 1
2022/02/11-15:13:57.055925 7f864adfbf40     Options.max_write_buffer_number_to_maintain: 0
2022/02/11-15:13:57.055926 7f864adfbf40     Options.max_write_buffer_size_to_maintain: 0
2022/02/11-15:13:57.055926 7f864adfbf40            Options.bottommost_compression_opts.window_bits: -14
2022/02/11-15:13:57.055927 7f864adfbf40                  Options.bottommost_compression_opts.level: 32767
2022/02/11-15:13:57.055927 7f864adfbf40               Options.bottommost_compression_opts.strategy: 0
2022/02/11-15:13:57.055928 7f864adfbf40         Options.bottommost_compression_opts.max_dict_bytes: 0
2022/02/11-15:13:57.055928 7f864adfbf40         Options.bottommost_compression_opts.zstd_max_train_bytes: 0
2022/02/11-15:13:57.055928 7f864adfbf40         Options.bottommost_compression_opts.parallel_threads: 1
2022/02/11-15:13:57.055929 7f864adfbf40                  Options.bottommost_compression_opts.enabled: false
2022/02/11-15:13:57.055929 7f864adfbf40         Options.bottommost_compression_opts.max_dict_buffer_bytes: 0
2022/02/11-15:13:57.055930 7f864adfbf40            Options.compression_opts.window_bits: -14
2022/02/11-15:13:57.055930 7f864adfbf40                  Options.compression_opts.level: 32767
2022/02/11-15:13:57.055931 7f864adfbf40               Options.compression_opts.strategy: 0
2022/02/11-15:13:57.055931 7f864adfbf40         Options.compression_opts.max_dict_bytes: 0
2022/02/11-15:13:57.055932 7f864adfbf40         Options.compression_opts.zstd_max_train_bytes: 0
2022/02/11-15:13:57.055932 7f864adfbf40         Options.compression_opts.parallel_threads: 1
2022/02/11-15:13:57.055933 7f864adfbf40                  Options.compression_opts.enabled: false
2022/02/11-15:13:57.055933 7f864adfbf40         Options.compression_opts.max_dict_buffer_bytes: 0
2022/02/11-15:13:57.055934 7f864adfbf40      Options.level0_file_num_compaction_trigger: 4
2022/02/11-15:13:57.055934 7f864adfbf40          Options.level0_slowdown_writes_trigger: 20
2022/02/11-15:13:57.055935 7f864adfbf40              Options.level0_stop_writes_trigger: 36
2022/02/11-15:13:57.055935 7f864adfbf40                   Options.target_file_size_base: 67108864
2022/02/11-15:13:57.055936 7f864adfbf40             Options.target_file_size_multiplier: 1
2022/02/11-15:13:57.055936 7f864adfbf40                Options.max_bytes_for_level_base: 268435456
2022/02/11-15:13:57.055937 7f864adfbf40 Options.level_compaction_dynamic_level_bytes: 0
2022/02/11-15:13:57.055937 7f864adfbf40          Options.max_bytes_for_level_multiplier: 10.000000
2022/02/11-15:13:57.055938 7f864adfbf40 Options.max_bytes_for_level_multiplier_addtl[0]: 1
2022/02/11-15:13:57.055938 7f864adfbf40 Options.max_bytes_for_level_multiplier_addtl[1]: 1
2022/02/11-15:13:57.055939 7f864adfbf40 Options.max_bytes_for_level_multiplier_addtl[2]: 1
2022/02/11-15:13:57.055939 7f864adfbf40 Options.max_bytes_for_level_multiplier_addtl[3]: 1
2022/02/11-15:13:57.055940 7f864adfbf40 Options.max_bytes_for_level_multiplier_addtl[4]: 1
2022/02/11-15:13:57.055940 7f864adfbf40 Options.max_bytes_for_level_multiplier_addtl[5]: 1
2022/02/11-15:13:57.055941 7f864adfbf40 Options.max_bytes_for_level_multiplier_addtl[6]: 1
2022/02/11-15:13:57.055941 7f864adfbf40       Options.max_sequential_skip_in_iterations: 8
2022/02/11-15:13:57.055942 7f864adfbf40                    Options.max_compaction_bytes: 1677721600
2022/02/11-15:13:57.055942 7f864adfbf40                        Options.arena_block_size: 8388608
2022/02/11-15:13:57.055947 7f864adfbf40   Options.soft_pending_compaction_bytes_limit: 68719476736
2022/02/11-15:13:57.055948 7f864adfbf40   Options.hard_pending_compaction_bytes_limit: 274877906944
2022/02/11-15:13:57.055948 7f864adfbf40       Options.rate_limit_delay_max_milliseconds: 100
2022/02/11-15:13:57.055949 7f864adfbf40                Options.disable_auto_compactions: 0
2022/02/11-15:13:57.055949 7f864adfbf40                        Options.compaction_style: kCompactionStyleLevel
2022/02/11-15:13:57.055950 7f864adfbf40                          Options.compaction_pri: kMinOverlappingRatio
2022/02/11-15:13:57.055950 7f864adfbf40 Options.compaction_options_universal.size_ratio: 1
2022/02/11-15:13:57.055951 7f864adfbf40 Options.compaction_options_universal.min_merge_width: 2
2022/02/11-15:13:57.055951 7f864adfbf40 Options.compaction_options_universal.max_merge_width: 4294967295
2022/02/11-15:13:57.055952 7f864adfbf40 Options.compaction_options_universal.max_size_amplification_percent: 200
2022/02/11-15:13:57.055952 7f864adfbf40 Options.compaction_options_universal.compression_size_percent: -1
2022/02/11-15:13:57.055953 7f864adfbf40 Options.compaction_options_universal.stop_style: kCompactionStopStyleTotalSize
2022/02/11-15:13:57.055953 7f864adfbf40 Options.compaction_options_fifo.max_table_files_size: 1073741824
2022/02/11-15:13:57.055954 7f864adfbf40 Options.compaction_options_fifo.allow_compaction: 0
2022/02/11-15:13:57.055955 7f864adfbf40                   Options.table_properties_collectors: 
2022/02/11-15:13:57.055955 7f864adfbf40                   Options.inplace_update_support: 0
2022/02/11-15:13:57.055956 7f864adfbf40                 Options.inplace_update_num_locks: 10000
2022/02/11-15:13:57.055956 7f864adfbf40               Options.memtable_prefix_bloom_size_ratio: 0.000000
2022/02/11-15:13:57.055957 7f864adfbf40               Options.memtable_whole_key_filtering: 0
2022/02/11-15:13:57.055957 7f864adfbf40   Options.memtable_huge_page_size: 0
2022/02/11-15:13:57.055958 7f864adfbf40                           Options.bloom_locality: 0
2022/02/11-15:13:57.055958 7f864adfbf40                    Options.max_successive_merges: 0
2022/02/11-15:13:57.055959 7f864adfbf40                Options.optimize_filters_for_hits: 0
2022/02/11-15:13:57.055959 7f864adfbf40                Options.paranoid_file_checks: 0
2022/02/11-15:13:57.055959 7f864adfbf40                Options.force_consistency_checks: 1
2022/02/11-15:13:57.055960 7f864adfbf40                Options.report_bg_io_stats: 0
2022/02/11-15:13:57.055960 7f864adfbf40                               Options.ttl: 2592000
2022/02/11-15:13:57.055961 7f864adfbf40          Options.periodic_compaction_seconds: 0
2022/02/11-15:13:57.055961 7f864adfbf40                    Options.enable_blob_files: false
2022/02/11-15:13:57.055962 7f864adfbf40                        Options.min_blob_size: 0
2022/02/11-15:13:57.055962 7f864adfbf40                       Options.blob_file_size: 268435456
2022/02/11-15:13:57.055963 7f864adfbf40                Options.blob_compression_type: NoCompression
2022/02/11-15:13:57.055963 7f864adfbf40       Options.enable_blob_garbage_collection: false
2022/02/11-15:13:57.055964 7f864adfbf40   Options.blob_garbage_collection_age_cutoff: 0.250000
2022/02/11-15:13:57.055975 7f864adfbf40 [db/column_family.cc:596] --------------- Options for column family [owner_index]:
2022/02/11-15:13:57.055976 7f864adfbf40               Options.comparator: leveldb.BytewiseComparator
2022/02/11-15:13:57.055976 7f864adfbf40           Options.merge_operator: None
2022/02/11-15:13:57.055977 7f864adfbf40        Options.compaction_filter: None
2022/02/11-15:13:57.055977 7f864adfbf40        Options.compaction_filter_factory: None
2022/02/11-15:13:57.055978 7f864adfbf40  Options.sst_partitioner_factory: None
2022/02/11-15:13:57.055978 7f864adfbf40         Options.memtable_factory: SkipListFactory
2022/02/11-15:13:57.055978 7f864adfbf40            Options.table_factory: BlockBasedTable
2022/02/11-15:13:57.055985 7f864adfbf40            table_factory options:   flush_block_policy_factory: FlushBlockBySizePolicyFactory (0x55a249bd0050)
  cache_index_and_filter_blocks: 0
  cache_index_and_filter_blocks_with_high_priority: 1
  pin_l0_filter_and_index_blocks_in_cache: 0
  pin_top_level_index_and_filter: 1
  index_type: 0
  data_block_index_type: 0
  index_shortening: 1
  data_block_hash_table_util_ratio: 0.750000
  hash_index_allow_collision: 1
  checksum: 1
  no_block_cache: 0
  block_cache: 0x55a249c10470
  block_cache_name: LRUCache
  block_cache_options:
    capacity : 8388608
    num_shard_bits : 4
    strict_capacity_limit : 0
    memory_allocator : None
    high_pri_pool_ratio: 0.000
  block_cache_compressed: (nil)
  persistent_cache: (nil)
  block_size: 4096
  block_size_deviation: 10
  block_restart_interval: 16
  index_block_restart_interval: 1
  metadata_block_size: 4096
  partition_filters: 0
  use_delta_encoding: 1
  filter_policy: nullptr
  whole_key_filtering: 1
  verify_compression: 0
  read_amp_bytes_per_bit: 0
  format_version: 5
  enable_index_compression: 1
  block_align: 0
2022/02/11-15:13:57.055989 7f864adfbf40        Options.write_buffer_size: 67108864
2022/02/11-15:13:57.055990 7f864adfbf40  Options.max_write_buffer_number: 2
2022/02/11-15:13:57.055990 7f864adfbf40          Options.compression: Snappy
2022/02/11-15:13:57.055991 7f864adfbf40                  Options.bottommost_compression: Disabled
2022/02/11-15:13:57.055991 7f864adfbf40       Options.prefix_extractor: nullptr
2022/02/11-15:13:57.055991 7f864adfbf40   Options.memtable_insert_with_hint_prefix_extractor: nullptr
2022/02/11-15:13:57.055992 7f864adfbf40             Options.num_levels: 7
2022/02/11-15:13:57.055992 7f864adfbf40        Options.min_write_buffer_number_to_merge: 1
2022/02/11-15:13:57.055993 7f864adfbf40     Options.max_write_buffer_number_to_maintain: 0
2022/02/11-15:13:57.055993 7f864adfbf40     Options.max_write_buffer_size_to_maintain: 0
2022/02/11-15:13:57.055994 7f864adfbf40            Options.bottommost_compression_opts.window_bits: -14
2022/02/11-15:13:57.055994 7f864adfbf40                  Options.bottommost_compression_opts.level: 32767
2022/02/11-15:13:57.055995 7f864adfbf40               Options.bottommost_compression_opts.strategy: 0
2022/02/11-15:13:57.055995 7f864adfbf40         Options.bottommost_compression_opts.max_dict_bytes: 0
2022/02/11-15:13:57.055996 7f864adfbf40         Options.bottommost_compression_opts.zstd_max_train_bytes: 0
2022/02/11-15:13:57.055996 7f864adfbf40         Options.bottommost_compression_opts.parallel_threads: 1
2022/02/11-15:13:57.055996 7f864adfbf40                  Options.bottommost_compression_opts.enabled: false
2022/02/11-15:13:57.055997 7f864adfbf40         Options.bottommost_compression_opts.max_dict_buffer_bytes: 0
2022/02/11-15:13:57.055997 7f864adfbf40            Options.compression_opts.window_bits: -14
2022/02/11-15:13:57.055998 7f864adfbf40                  Options.compression_opts.level: 32767
2022/02/11-15:13:57.055998 7f864adfbf40               Options.compression_opts.strategy: 0
2022/02/11-15:13:57.055999 7f864adfbf40         Options.compression_opts.max_dict_bytes: 0
2022/02/11-15:13:57.055999 7f864adfbf40         Options.compression_opts.zstd_max_train_bytes: 0
2022/02/11-15:13:57.056000 7f864adfbf40         Options.compression_opts.parallel_threads: 1
2022/02/11-15:13:57.056000 7f864adfbf40                  Options.compression_opts.enabled: false
2022/02/11-15:13:57.056001 7f864adfbf40         Options.compression_opts.max_dict_buffer_bytes: 0
2022/02/11-15:13:57.056001 7f864adfbf40      Options.level0_file_num_compaction_trigger: 4
2022/02/11-15:13:57.056002 7f864adfbf40          Options.level0_slowdown_writes_trigger: 20
2022/02/11-15:13:57.056002 7f864adfbf40              Options.level0_stop_writes_trigger: 36
2022/02/11-15:13:57.056003 7f864adfbf40                   Options.target_file_size_base: 67108864
2022/02/11-15:13:57.056003 7f864adfbf40             Options.target_file_size_multiplier: 1
2022/02/11-15:13:57.056003 7f864adfbf40                Options.max_bytes_for_level_base: 268435456
2022/02/11-15:13:57.056004 7f864adfbf40 Options.level_compaction_dynamic_level_bytes: 0
2022/02/11-15:13:57.056007 7f864adfbf40          Options.max_bytes_for_level_multiplier: 10.000000
2022/02/11-15:13:57.056008 7f864adfbf40 Options.max_bytes_for_level_multiplier_addtl[0]: 1
2022/02/11-15:13:57.056009 7f864adfbf40 Options.max_bytes_for_level_multiplier_addtl[1]: 1
2022/02/11-15:13:57.056009 7f864adfbf40 Options.max_bytes_for_level_multiplier_addtl[2]: 1
2022/02/11-15:13:57.056010 7f864adfbf40 Options.max_bytes_for_level_multiplier_addtl[3]: 1
2022/02/11-15:13:57.056010 7f864adfbf40 Options.max_bytes_for_level_multiplier_addtl[4]: 1
2022/02/11-15:13:57.056011 7f864adfbf40 Options.max_bytes_for_level_multiplier_addtl[5]: 1
2022/02/11-15:13:57.056011 7f864adfbf40 Options.max_bytes_for_level_multiplier_addtl[6]: 1
2022/02/11-15:13:57.056011 7f864adfbf40       Options.max_sequential_skip_in_iterations: 8
2022/02/11-15:13:57.056012 7f864adfbf40                    Options.max_compaction_bytes: 1677721600
2022/02/11-15:13:57.056012 7f864adfbf40                        Options.arena_block_size: 8388608
2022/02/11-15:13:57.056013 7f864adfbf40   Options.soft_pending_compaction_bytes_limit: 68719476736
2022/02/11-15:13:57.056013 7f864adfbf40   Options.hard_pending_compaction_bytes_limit: 274877906944
2022/02/11-15:13:57.056014 7f864adfbf40       Options.rate_limit_delay_max_milliseconds: 100
2022/02/11-15:13:57.056014 7f864adfbf40                Options.disable_auto_compactions: 0
2022/02/11-15:13:57.056015 7f864adfbf40                        Options.compaction_style: kCompactionStyleLevel
2022/02/11-15:13:57.056015 7f864adfbf40                          Options.compaction_pri: kMinOverlappingRatio
2022/02/11-15:13:57.056016 7f864adfbf40 Options.compaction_options_universal.size_ratio: 1
2022/02/11-15:13:57.056016 7f864adfbf40 Options.compaction_options_universal.min_merge_width: 2
2022/02/11-15:13:57.056017 7f864adfbf40 Options.compaction_options_universal.max_merge_width: 4294967295
2022/02/11-15:13:57.056017 7f864adfbf40 Options.compaction_options_universal.max_size_amplification_percent: 200
2022/02/11-15:13:57.056018 7f864adfbf40 Options.compaction_options_universal.compression_size_percent: -1
2022/02/11-15:13:57.056018 7f864adfbf40 Options.compaction_options_universal.stop_style: kCompactionStopStyleTotalSize
2022/02/11-15:13:57.056019 7f864adfbf40 Options.compaction_options_fifo.max_table_files_size: 1073741824
2022/02/11-15:13:57.056019 7f864adfbf40 Options.compaction_options_fifo.allow_compaction: 0
2022/02/11-15:13:57.056020 7f864adfbf40                   Options.table_properties_collectors: 
2022/02/11-15:13:57.056020 7f864adfbf40                   Options.inplace_update_support: 0
2022/02/11-15:13:57.056021 7f864adfbf40                 Options.inplace_update_num_locks: 10000
2022/02/11-15:13:57.056021 7f864adfbf40               Options.memtable_prefix_bloom_size_ratio: 0.000000
2022/02/11-15:13:57.056022 7f864adfbf40               Options.memtable_whole_key_filtering: 0
2022/02/11-15:13:57.056023 7f864adfbf40   Options.memtable_huge_page_size: 0
2022/02/11-15:13:57.056023 7f864adfbf40                           Options.bloom_locality: 0
2022/02/11-15:13:57.056023 7f864adfbf40                    Options.max_successive_merges: 0
2022/02/11-15:13:57.056024 7f864adfbf40                Options.optimize_filters_for_hits: 0
2022/02/11-15:13:57.056024 7f864adfbf40                Options.paranoid_file_checks: 0
2022/02/11-15:13:57.056025 7f864adfbf40                Options.force_consistency_checks: 1
2022/02/11-15:13:57.056025 7f864adfbf40                Options.report_bg_io_stats: 0
2022/02/11-15:13:57.056026 7f864adfbf40                               Options.ttl: 2592000
2022/02/11-15:13:57.056026 7f864adfbf40          Options.periodic_compaction_seconds: 0
2022/02/11-15:13:57.056027 7f864adfbf40                    Options.enable_blob_files: false
2022/02/11-15:13:57.056027 7f864adfbf40                        Options.min_blob_size: 0
2022/02/11-15:13:57.056028 7f864adfbf40                       Options.blob_file_size: 268435456
2022/02/11-15:13:57.056028 7f864adfbf40                Options.blob_compression_type: NoCompression
2022/02/11-15:13:57.056032 7f864adfbf40       Options.enable_blob_garbage_collection: false
2022/02/11-15:13:57.056032 7f864adfbf40   Options.blob_garbage_collection_age_cutoff: 0.250000
2022/02/11-15:13:57.056045 7f864adfbf40 [db/column_family.cc:596] --------------- Options for column family [order_lock]:
2022/02/11-15:13:57.056045 7f864adfbf40               Options.comparator: leveldb.BytewiseComparator
2022/02/11-15:13:57.056046 7f864adfbf40           Options.merge_operator: None
2022/02/11-15:13:57.056046 7f864adfbf40        Options.compaction_filter: None
2022/02/11-15:13:57.056047 7f864adfbf40        Options.compaction_filter_factory: None
2022/02/11-15:13:57.056047 7f864adfbf40  Options.sst_partitioner_factory: None
2022/02/11-15:13:57.056048 7f864adfbf40         Options.memtable_factory: SkipListFactory
2022/02/11-15:13:57.056048 7f864adfbf40            Options.table_factory: BlockBasedTable
2022/02/11-15:13:57.056058 7f864adfbf40            table_factory options:   flush_block_policy_factory: FlushBlockBySizePolicyFactory (0x55a249bafd30)
  cache_index_and_filter_blocks: 0
  cache_index_and_filter_blocks_with_high_priority: 1
  pin_l0_filter_and_index_blocks_in_cache: 0
  pin_top_level_index_and_filter: 1
  index_type: 0
  data_block_index_type: 0
  index_shortening: 1
  data_block_hash_table_util_ratio: 0.750000
  hash_index_allow_collision: 1
  checksum: 1
  no_block_cache: 0
  block_cache: 0x55a249b8b7b0
  block_cache_name: LRUCache
  block_cache_options:
    capacity : 8388608
    num_shard_bits : 4
    strict_capacity_limit : 0
    memory_allocator : None
    high_pri_pool_ratio: 0.000
  block_cache_compressed: (nil)
  persistent_cache: (nil)
  block_size: 4096
  block_size_deviation: 10
  block_restart_interval: 16
  index_block_restart_interval: 1
  metadata_block_size: 4096
  partition_filters: 0
  use_delta_encoding: 1
  filter_policy: nullptr
  whole_key_filtering: 1
  verify_compression: 0
  read_amp_bytes_per_bit: 0
  format_version: 5
  enable_index_compression: 1
  block_align: 0
2022/02/11-15:13:57.056059 7f864adfbf40        Options.write_buffer_size: 67108864
2022/02/11-15:13:57.056060 7f864adfbf40  Options.max_write_buffer_number: 2
2022/02/11-15:13:57.056060 7f864adfbf40          Options.compression: Snappy
2022/02/11-15:13:57.056061 7f864adfbf40                  Options.bottommost_compression: Disabled
2022/02/11-15:13:57.056061 7f864adfbf40       Options.prefix_extractor: nullptr
2022/02/11-15:13:57.056062 7f864adfbf40   Options.memtable_insert_with_hint_prefix_extractor: nullptr
2022/02/11-15:13:57.056062 7f864adfbf40             Options.num_levels: 7
2022/02/11-15:13:57.056063 7f864adfbf40        Options.min_write_buffer_number_to_merge: 1
2022/02/11-15:13:57.056063 7f864adfbf40     Options.max_write_buffer_number_to_maintain: 0
2022/02/11-15:13:57.056064 7f864adfbf40     Options.max_write_buffer_size_to_maintain: 0
