2022/02/11-15:32:42.747357 7fbcf6989340 RocksDB version: 6.20.3
2022/02/11-15:32:42.747368 7fbcf6989340 Git sha 8608d75d85f8e1b3b64b73a4fb6d19baec61ba5c
2022/02/11-15:32:42.747369 7fbcf6989340 Compile date 2021-05-05 20:35:30
2022/02/11-15:32:42.747397 7fbcf6989340 DB SUMMARY
2022/02/11-15:32:42.747398 7fbcf6989340 DB Session ID:  O3XXM02PHM9UTQNLCD56
2022/02/11-15:32:42.747421 7fbcf6989340 CURRENT file:  CURRENT
2022/02/11-15:32:42.747421 7fbcf6989340 IDENTITY file:  IDENTITY
2022/02/11-15:32:42.747423 7fbcf6989340 MANIFEST file:  MANIFEST-000121 size: 909 Bytes
2022/02/11-15:32:42.747424 7fbcf6989340 SST files in ./client_db/k#a9eff1f7749e371e164b559237dd14d97858afc965262b6e2bebc05594188d1a dir, Total Num: 0, files: 
2022/02/11-15:32:42.747425 7fbcf6989340 Write Ahead Log file in ./client_db/k#a9eff1f7749e371e164b559237dd14d97858afc965262b6e2bebc05594188d1a: 000122.log size: 810 ; 
2022/02/11-15:32:42.747426 7fbcf6989340                         Options.error_if_exists: 0
2022/02/11-15:32:42.747427 7fbcf6989340                       Options.create_if_missing: 1
2022/02/11-15:32:42.747428 7fbcf6989340                         Options.paranoid_checks: 1
2022/02/11-15:32:42.747428 7fbcf6989340                               Options.track_and_verify_wals_in_manifest: 0
2022/02/11-15:32:42.747429 7fbcf6989340                                     Options.env: 0x56382aac9420
2022/02/11-15:32:42.747430 7fbcf6989340                                      Options.fs: Posix File System
2022/02/11-15:32:42.747430 7fbcf6989340                                Options.info_log: 0x56382bd9ceb0
2022/02/11-15:32:42.747431 7fbcf6989340                Options.max_file_opening_threads: 16
2022/02/11-15:32:42.747431 7fbcf6989340                              Options.statistics: (nil)
2022/02/11-15:32:42.747432 7fbcf6989340                               Options.use_fsync: 0
2022/02/11-15:32:42.747433 7fbcf6989340                       Options.max_log_file_size: 0
2022/02/11-15:32:42.747433 7fbcf6989340                  Options.max_manifest_file_size: 1073741824
2022/02/11-15:32:42.747434 7fbcf6989340                   Options.log_file_time_to_roll: 0
2022/02/11-15:32:42.747434 7fbcf6989340                       Options.keep_log_file_num: 1000
2022/02/11-15:32:42.747435 7fbcf6989340                    Options.recycle_log_file_num: 0
2022/02/11-15:32:42.747435 7fbcf6989340                         Options.allow_fallocate: 1
2022/02/11-15:32:42.747435 7fbcf6989340                        Options.allow_mmap_reads: 0
2022/02/11-15:32:42.747436 7fbcf6989340                       Options.allow_mmap_writes: 0
2022/02/11-15:32:42.747436 7fbcf6989340                        Options.use_direct_reads: 0
2022/02/11-15:32:42.747437 7fbcf6989340                        Options.use_direct_io_for_flush_and_compaction: 0
2022/02/11-15:32:42.747437 7fbcf6989340          Options.create_missing_column_families: 1
2022/02/11-15:32:42.747438 7fbcf6989340                              Options.db_log_dir: 
2022/02/11-15:32:42.747438 7fbcf6989340                                 Options.wal_dir: ./client_db/k#a9eff1f7749e371e164b559237dd14d97858afc965262b6e2bebc05594188d1a
2022/02/11-15:32:42.747439 7fbcf6989340                Options.table_cache_numshardbits: 6
2022/02/11-15:32:42.747439 7fbcf6989340                         Options.WAL_ttl_seconds: 0
2022/02/11-15:32:42.747440 7fbcf6989340                       Options.WAL_size_limit_MB: 0
2022/02/11-15:32:42.747440 7fbcf6989340                        Options.max_write_batch_group_size_bytes: 1048576
2022/02/11-15:32:42.747441 7fbcf6989340             Options.manifest_preallocation_size: 4194304
2022/02/11-15:32:42.747441 7fbcf6989340                     Options.is_fd_close_on_exec: 1
2022/02/11-15:32:42.747442 7fbcf6989340                   Options.advise_random_on_open: 1
2022/02/11-15:32:42.747442 7fbcf6989340                    Options.db_write_buffer_size: 0
2022/02/11-15:32:42.747442 7fbcf6989340                    Options.write_buffer_manager: 0x56382bd9be40
2022/02/11-15:32:42.747443 7fbcf6989340         Options.access_hint_on_compaction_start: 1
2022/02/11-15:32:42.747443 7fbcf6989340  Options.new_table_reader_for_compaction_inputs: 0
2022/02/11-15:32:42.747449 7fbcf6989340           Options.random_access_max_buffer_size: 1048576
2022/02/11-15:32:42.747450 7fbcf6989340                      Options.use_adaptive_mutex: 0
2022/02/11-15:32:42.747450 7fbcf6989340                            Options.rate_limiter: (nil)
2022/02/11-15:32:42.747451 7fbcf6989340     Options.sst_file_manager.rate_bytes_per_sec: 0
2022/02/11-15:32:42.747451 7fbcf6989340                       Options.wal_recovery_mode: 2
2022/02/11-15:32:42.747452 7fbcf6989340                  Options.enable_thread_tracking: 0
2022/02/11-15:32:42.747452 7fbcf6989340                  Options.enable_pipelined_write: 0
2022/02/11-15:32:42.747452 7fbcf6989340                  Options.unordered_write: 0
2022/02/11-15:32:42.747453 7fbcf6989340         Options.allow_concurrent_memtable_write: 1
2022/02/11-15:32:42.747453 7fbcf6989340      Options.enable_write_thread_adaptive_yield: 1
2022/02/11-15:32:42.747454 7fbcf6989340             Options.write_thread_max_yield_usec: 100
2022/02/11-15:32:42.747454 7fbcf6989340            Options.write_thread_slow_yield_usec: 3
2022/02/11-15:32:42.747455 7fbcf6989340                               Options.row_cache: None
2022/02/11-15:32:42.747455 7fbcf6989340                              Options.wal_filter: None
2022/02/11-15:32:42.747456 7fbcf6989340             Options.avoid_flush_during_recovery: 0
2022/02/11-15:32:42.747456 7fbcf6989340             Options.allow_ingest_behind: 0
2022/02/11-15:32:42.747457 7fbcf6989340             Options.preserve_deletes: 0
2022/02/11-15:32:42.747457 7fbcf6989340             Options.two_write_queues: 0
2022/02/11-15:32:42.747457 7fbcf6989340             Options.manual_wal_flush: 0
2022/02/11-15:32:42.747458 7fbcf6989340             Options.atomic_flush: 0
2022/02/11-15:32:42.747458 7fbcf6989340             Options.avoid_unnecessary_blocking_io: 0
2022/02/11-15:32:42.747459 7fbcf6989340                 Options.persist_stats_to_disk: 0
2022/02/11-15:32:42.747459 7fbcf6989340                 Options.write_dbid_to_manifest: 0
2022/02/11-15:32:42.747460 7fbcf6989340                 Options.log_readahead_size: 0
2022/02/11-15:32:42.747460 7fbcf6989340                 Options.file_checksum_gen_factory: Unknown
2022/02/11-15:32:42.747461 7fbcf6989340                 Options.best_efforts_recovery: 0
2022/02/11-15:32:42.747461 7fbcf6989340                Options.max_bgerror_resume_count: 2147483647
2022/02/11-15:32:42.747462 7fbcf6989340            Options.bgerror_resume_retry_interval: 1000000
2022/02/11-15:32:42.747462 7fbcf6989340             Options.allow_data_in_errors: 0
2022/02/11-15:32:42.747462 7fbcf6989340             Options.db_host_id: __hostname__
2022/02/11-15:32:42.747463 7fbcf6989340             Options.max_background_jobs: 2
2022/02/11-15:32:42.747463 7fbcf6989340             Options.max_background_compactions: -1
2022/02/11-15:32:42.747464 7fbcf6989340             Options.max_subcompactions: 1
2022/02/11-15:32:42.747464 7fbcf6989340             Options.avoid_flush_during_shutdown: 0
2022/02/11-15:32:42.747465 7fbcf6989340           Options.writable_file_max_buffer_size: 1048576
2022/02/11-15:32:42.747465 7fbcf6989340             Options.delayed_write_rate : 16777216
2022/02/11-15:32:42.747466 7fbcf6989340             Options.max_total_wal_size: 0
2022/02/11-15:32:42.747466 7fbcf6989340             Options.delete_obsolete_files_period_micros: 21600000000
2022/02/11-15:32:42.747467 7fbcf6989340                   Options.stats_dump_period_sec: 600
2022/02/11-15:32:42.747467 7fbcf6989340                 Options.stats_persist_period_sec: 600
2022/02/11-15:32:42.747468 7fbcf6989340                 Options.stats_history_buffer_size: 1048576
2022/02/11-15:32:42.747468 7fbcf6989340                          Options.max_open_files: -1
2022/02/11-15:32:42.747469 7fbcf6989340                          Options.bytes_per_sync: 0
2022/02/11-15:32:42.747469 7fbcf6989340                      Options.wal_bytes_per_sync: 0
2022/02/11-15:32:42.747470 7fbcf6989340                   Options.strict_bytes_per_sync: 0
2022/02/11-15:32:42.747473 7fbcf6989340       Options.compaction_readahead_size: 0
2022/02/11-15:32:42.747474 7fbcf6989340                  Options.max_background_flushes: -1
2022/02/11-15:32:42.747474 7fbcf6989340 Compression algorithms supported:
2022/02/11-15:32:42.747475 7fbcf6989340 	kZSTDNotFinalCompression supported: 1
2022/02/11-15:32:42.747476 7fbcf6989340 	kZSTD supported: 1
2022/02/11-15:32:42.747476 7fbcf6989340 	kXpressCompression supported: 0
2022/02/11-15:32:42.747477 7fbcf6989340 	kLZ4HCCompression supported: 1
2022/02/11-15:32:42.747477 7fbcf6989340 	kLZ4Compression supported: 1
2022/02/11-15:32:42.747478 7fbcf6989340 	kBZip2Compression supported: 1
2022/02/11-15:32:42.747478 7fbcf6989340 	kZlibCompression supported: 1
2022/02/11-15:32:42.747479 7fbcf6989340 	kSnappyCompression supported: 1
2022/02/11-15:32:42.747480 7fbcf6989340 Fast CRC32 supported: Not supported on x86
2022/02/11-15:32:42.747516 7fbcf6989340 [db/version_set.cc:4626] Recovering from manifest file: ./client_db/k#a9eff1f7749e371e164b559237dd14d97858afc965262b6e2bebc05594188d1a/MANIFEST-000121
2022/02/11-15:32:42.747635 7fbcf6989340 [db/column_family.cc:596] --------------- Options for column family [default]:
2022/02/11-15:32:42.747637 7fbcf6989340               Options.comparator: leveldb.BytewiseComparator
2022/02/11-15:32:42.747638 7fbcf6989340           Options.merge_operator: None
2022/02/11-15:32:42.747639 7fbcf6989340        Options.compaction_filter: None
2022/02/11-15:32:42.747639 7fbcf6989340        Options.compaction_filter_factory: None
2022/02/11-15:32:42.747639 7fbcf6989340  Options.sst_partitioner_factory: None
2022/02/11-15:32:42.747640 7fbcf6989340         Options.memtable_factory: SkipListFactory
2022/02/11-15:32:42.747641 7fbcf6989340            Options.table_factory: BlockBasedTable
2022/02/11-15:32:42.747655 7fbcf6989340            table_factory options:   flush_block_policy_factory: FlushBlockBySizePolicyFactory (0x56382be30da0)
  cache_index_and_filter_blocks: 0
  cache_index_and_filter_blocks_with_high_priority: 1
  pin_l0_filter_and_index_blocks_in_cache: 0
  pin_top_level_index_and_filter: 1
  index_type: 0
  data_block_index_type: 0
  index_shortening: 1
  data_block_hash_table_util_ratio: 0.750000
  hash_index_allow_collision: 1
  checksum: 1
  no_block_cache: 0
  block_cache: 0x56382be28c70
  block_cache_name: LRUCache
  block_cache_options:
    capacity : 8388608
    num_shard_bits : 4
    strict_capacity_limit : 0
    memory_allocator : None
    high_pri_pool_ratio: 0.000
  block_cache_compressed: (nil)
  persistent_cache: (nil)
  block_size: 4096
  block_size_deviation: 10
  block_restart_interval: 16
  index_block_restart_interval: 1
  metadata_block_size: 4096
  partition_filters: 0
  use_delta_encoding: 1
  filter_policy: nullptr
  whole_key_filtering: 1
  verify_compression: 0
  read_amp_bytes_per_bit: 0
  format_version: 5
  enable_index_compression: 1
  block_align: 0
2022/02/11-15:32:42.747656 7fbcf6989340        Options.write_buffer_size: 67108864
2022/02/11-15:32:42.747656 7fbcf6989340  Options.max_write_buffer_number: 2
2022/02/11-15:32:42.747657 7fbcf6989340          Options.compression: Snappy
2022/02/11-15:32:42.747657 7fbcf6989340                  Options.bottommost_compression: Disabled
2022/02/11-15:32:42.747658 7fbcf6989340       Options.prefix_extractor: nullptr
2022/02/11-15:32:42.747658 7fbcf6989340   Options.memtable_insert_with_hint_prefix_extractor: nullptr
2022/02/11-15:32:42.747659 7fbcf6989340             Options.num_levels: 7
2022/02/11-15:32:42.747659 7fbcf6989340        Options.min_write_buffer_number_to_merge: 1
2022/02/11-15:32:42.747660 7fbcf6989340     Options.max_write_buffer_number_to_maintain: 0
2022/02/11-15:32:42.747660 7fbcf6989340     Options.max_write_buffer_size_to_maintain: 0
2022/02/11-15:32:42.747661 7fbcf6989340            Options.bottommost_compression_opts.window_bits: -14
2022/02/11-15:32:42.747661 7fbcf6989340                  Options.bottommost_compression_opts.level: 32767
2022/02/11-15:32:42.747662 7fbcf6989340               Options.bottommost_compression_opts.strategy: 0
2022/02/11-15:32:42.747685 7fbcf6989340         Options.bottommost_compression_opts.max_dict_bytes: 0
2022/02/11-15:32:42.747685 7fbcf6989340         Options.bottommost_compression_opts.zstd_max_train_bytes: 0
2022/02/11-15:32:42.747686 7fbcf6989340         Options.bottommost_compression_opts.parallel_threads: 1
2022/02/11-15:32:42.747686 7fbcf6989340                  Options.bottommost_compression_opts.enabled: false
2022/02/11-15:32:42.747687 7fbcf6989340         Options.bottommost_compression_opts.max_dict_buffer_bytes: 0
2022/02/11-15:32:42.747687 7fbcf6989340            Options.compression_opts.window_bits: -14
2022/02/11-15:32:42.747688 7fbcf6989340                  Options.compression_opts.level: 32767
2022/02/11-15:32:42.747688 7fbcf6989340               Options.compression_opts.strategy: 0
2022/02/11-15:32:42.747689 7fbcf6989340         Options.compression_opts.max_dict_bytes: 0
2022/02/11-15:32:42.747689 7fbcf6989340         Options.compression_opts.zstd_max_train_bytes: 0
2022/02/11-15:32:42.747690 7fbcf6989340         Options.compression_opts.parallel_threads: 1
2022/02/11-15:32:42.747690 7fbcf6989340                  Options.compression_opts.enabled: false
2022/02/11-15:32:42.747690 7fbcf6989340         Options.compression_opts.max_dict_buffer_bytes: 0
2022/02/11-15:32:42.747691 7fbcf6989340      Options.level0_file_num_compaction_trigger: 4
2022/02/11-15:32:42.747691 7fbcf6989340          Options.level0_slowdown_writes_trigger: 20
2022/02/11-15:32:42.747692 7fbcf6989340              Options.level0_stop_writes_trigger: 36
2022/02/11-15:32:42.747692 7fbcf6989340                   Options.target_file_size_base: 67108864
2022/02/11-15:32:42.747693 7fbcf6989340             Options.target_file_size_multiplier: 1
2022/02/11-15:32:42.747693 7fbcf6989340                Options.max_bytes_for_level_base: 268435456
2022/02/11-15:32:42.747694 7fbcf6989340 Options.level_compaction_dynamic_level_bytes: 0
2022/02/11-15:32:42.747694 7fbcf6989340          Options.max_bytes_for_level_multiplier: 10.000000
2022/02/11-15:32:42.747695 7fbcf6989340 Options.max_bytes_for_level_multiplier_addtl[0]: 1
2022/02/11-15:32:42.747696 7fbcf6989340 Options.max_bytes_for_level_multiplier_addtl[1]: 1
2022/02/11-15:32:42.747697 7fbcf6989340 Options.max_bytes_for_level_multiplier_addtl[2]: 1
2022/02/11-15:32:42.747697 7fbcf6989340 Options.max_bytes_for_level_multiplier_addtl[3]: 1
2022/02/11-15:32:42.747697 7fbcf6989340 Options.max_bytes_for_level_multiplier_addtl[4]: 1
2022/02/11-15:32:42.747698 7fbcf6989340 Options.max_bytes_for_level_multiplier_addtl[5]: 1
2022/02/11-15:32:42.747698 7fbcf6989340 Options.max_bytes_for_level_multiplier_addtl[6]: 1
2022/02/11-15:32:42.747699 7fbcf6989340       Options.max_sequential_skip_in_iterations: 8
2022/02/11-15:32:42.747699 7fbcf6989340                    Options.max_compaction_bytes: 1677721600
2022/02/11-15:32:42.747700 7fbcf6989340                        Options.arena_block_size: 8388608
2022/02/11-15:32:42.747700 7fbcf6989340   Options.soft_pending_compaction_bytes_limit: 68719476736
2022/02/11-15:32:42.747701 7fbcf6989340   Options.hard_pending_compaction_bytes_limit: 274877906944
2022/02/11-15:32:42.747701 7fbcf6989340       Options.rate_limit_delay_max_milliseconds: 100
2022/02/11-15:32:42.747702 7fbcf6989340                Options.disable_auto_compactions: 0
2022/02/11-15:32:42.747703 7fbcf6989340                        Options.compaction_style: kCompactionStyleLevel
2022/02/11-15:32:42.747704 7fbcf6989340                          Options.compaction_pri: kMinOverlappingRatio
2022/02/11-15:32:42.747704 7fbcf6989340 Options.compaction_options_universal.size_ratio: 1
2022/02/11-15:32:42.747705 7fbcf6989340 Options.compaction_options_universal.min_merge_width: 2
2022/02/11-15:32:42.747705 7fbcf6989340 Options.compaction_options_universal.max_merge_width: 4294967295
2022/02/11-15:32:42.747706 7fbcf6989340 Options.compaction_options_universal.max_size_amplification_percent: 200
2022/02/11-15:32:42.747706 7fbcf6989340 Options.compaction_options_universal.compression_size_percent: -1
2022/02/11-15:32:42.747710 7fbcf6989340 Options.compaction_options_universal.stop_style: kCompactionStopStyleTotalSize
2022/02/11-15:32:42.747710 7fbcf6989340 Options.compaction_options_fifo.max_table_files_size: 1073741824
2022/02/11-15:32:42.747711 7fbcf6989340 Options.compaction_options_fifo.allow_compaction: 0
2022/02/11-15:32:42.747717 7fbcf6989340                   Options.table_properties_collectors: 
2022/02/11-15:32:42.747718 7fbcf6989340                   Options.inplace_update_support: 0
2022/02/11-15:32:42.747718 7fbcf6989340                 Options.inplace_update_num_locks: 10000
2022/02/11-15:32:42.747719 7fbcf6989340               Options.memtable_prefix_bloom_size_ratio: 0.000000
2022/02/11-15:32:42.747719 7fbcf6989340               Options.memtable_whole_key_filtering: 0
2022/02/11-15:32:42.747720 7fbcf6989340   Options.memtable_huge_page_size: 0
2022/02/11-15:32:42.747720 7fbcf6989340                           Options.bloom_locality: 0
2022/02/11-15:32:42.747721 7fbcf6989340                    Options.max_successive_merges: 0
2022/02/11-15:32:42.747721 7fbcf6989340                Options.optimize_filters_for_hits: 0
2022/02/11-15:32:42.747722 7fbcf6989340                Options.paranoid_file_checks: 0
2022/02/11-15:32:42.747722 7fbcf6989340                Options.force_consistency_checks: 1
2022/02/11-15:32:42.747722 7fbcf6989340                Options.report_bg_io_stats: 0
2022/02/11-15:32:42.747723 7fbcf6989340                               Options.ttl: 2592000
2022/02/11-15:32:42.747723 7fbcf6989340          Options.periodic_compaction_seconds: 0
2022/02/11-15:32:42.747724 7fbcf6989340                    Options.enable_blob_files: false
2022/02/11-15:32:42.747724 7fbcf6989340                        Options.min_blob_size: 0
2022/02/11-15:32:42.747725 7fbcf6989340                       Options.blob_file_size: 268435456
2022/02/11-15:32:42.747725 7fbcf6989340                Options.blob_compression_type: NoCompression
2022/02/11-15:32:42.747726 7fbcf6989340       Options.enable_blob_garbage_collection: false
2022/02/11-15:32:42.747726 7fbcf6989340   Options.blob_garbage_collection_age_cutoff: 0.250000
2022/02/11-15:32:42.747753 7fbcf6989340 [db/column_family.cc:596] --------------- Options for column family [pending_orders]:
2022/02/11-15:32:42.747754 7fbcf6989340               Options.comparator: leveldb.BytewiseComparator
2022/02/11-15:32:42.747754 7fbcf6989340           Options.merge_operator: None
2022/02/11-15:32:42.747755 7fbcf6989340        Options.compaction_filter: None
2022/02/11-15:32:42.747755 7fbcf6989340        Options.compaction_filter_factory: None
2022/02/11-15:32:42.747756 7fbcf6989340  Options.sst_partitioner_factory: None
2022/02/11-15:32:42.747756 7fbcf6989340         Options.memtable_factory: SkipListFactory
2022/02/11-15:32:42.747757 7fbcf6989340            Options.table_factory: BlockBasedTable
2022/02/11-15:32:42.747767 7fbcf6989340            table_factory options:   flush_block_policy_factory: FlushBlockBySizePolicyFactory (0x56382bc22e90)
  cache_index_and_filter_blocks: 0
  cache_index_and_filter_blocks_with_high_priority: 1
  pin_l0_filter_and_index_blocks_in_cache: 0
  pin_top_level_index_and_filter: 1
  index_type: 0
  data_block_index_type: 0
  index_shortening: 1
  data_block_hash_table_util_ratio: 0.750000
  hash_index_allow_collision: 1
  checksum: 1
  no_block_cache: 0
  block_cache: 0x56382bd94a60
  block_cache_name: LRUCache
  block_cache_options:
    capacity : 8388608
    num_shard_bits : 4
    strict_capacity_limit : 0
    memory_allocator : None
    high_pri_pool_ratio: 0.000
  block_cache_compressed: (nil)
  persistent_cache: (nil)
  block_size: 4096
  block_size_deviation: 10
  block_restart_interval: 16
  index_block_restart_interval: 1
  metadata_block_size: 4096
  partition_filters: 0
  use_delta_encoding: 1
  filter_policy: nullptr
  whole_key_filtering: 1
  verify_compression: 0
  read_amp_bytes_per_bit: 0
  format_version: 5
  enable_index_compression: 1
  block_align: 0
2022/02/11-15:32:42.747784 7fbcf6989340        Options.write_buffer_size: 67108864
2022/02/11-15:32:42.747788 7fbcf6989340  Options.max_write_buffer_number: 2
2022/02/11-15:32:42.747789 7fbcf6989340          Options.compression: Snappy
2022/02/11-15:32:42.747789 7fbcf6989340                  Options.bottommost_compression: Disabled
2022/02/11-15:32:42.747790 7fbcf6989340       Options.prefix_extractor: nullptr
2022/02/11-15:32:42.747790 7fbcf6989340   Options.memtable_insert_with_hint_prefix_extractor: nullptr
2022/02/11-15:32:42.747791 7fbcf6989340             Options.num_levels: 7
2022/02/11-15:32:42.747791 7fbcf6989340        Options.min_write_buffer_number_to_merge: 1
2022/02/11-15:32:42.747791 7fbcf6989340     Options.max_write_buffer_number_to_maintain: 0
2022/02/11-15:32:42.747792 7fbcf6989340     Options.max_write_buffer_size_to_maintain: 0
2022/02/11-15:32:42.747792 7fbcf6989340            Options.bottommost_compression_opts.window_bits: -14
2022/02/11-15:32:42.747793 7fbcf6989340                  Options.bottommost_compression_opts.level: 32767
2022/02/11-15:32:42.747793 7fbcf6989340               Options.bottommost_compression_opts.strategy: 0
2022/02/11-15:32:42.747794 7fbcf6989340         Options.bottommost_compression_opts.max_dict_bytes: 0
2022/02/11-15:32:42.747794 7fbcf6989340         Options.bottommost_compression_opts.zstd_max_train_bytes: 0
2022/02/11-15:32:42.747795 7fbcf6989340         Options.bottommost_compression_opts.parallel_threads: 1
2022/02/11-15:32:42.747795 7fbcf6989340                  Options.bottommost_compression_opts.enabled: false
2022/02/11-15:32:42.747796 7fbcf6989340         Options.bottommost_compression_opts.max_dict_buffer_bytes: 0
2022/02/11-15:32:42.747796 7fbcf6989340            Options.compression_opts.window_bits: -14
2022/02/11-15:32:42.747797 7fbcf6989340                  Options.compression_opts.level: 32767
2022/02/11-15:32:42.747797 7fbcf6989340               Options.compression_opts.strategy: 0
2022/02/11-15:32:42.747797 7fbcf6989340         Options.compression_opts.max_dict_bytes: 0
2022/02/11-15:32:42.747798 7fbcf6989340         Options.compression_opts.zstd_max_train_bytes: 0
2022/02/11-15:32:42.747798 7fbcf6989340         Options.compression_opts.parallel_threads: 1
2022/02/11-15:32:42.747799 7fbcf6989340                  Options.compression_opts.enabled: false
2022/02/11-15:32:42.747799 7fbcf6989340         Options.compression_opts.max_dict_buffer_bytes: 0
2022/02/11-15:32:42.747800 7fbcf6989340      Options.level0_file_num_compaction_trigger: 4
2022/02/11-15:32:42.747800 7fbcf6989340          Options.level0_slowdown_writes_trigger: 20
2022/02/11-15:32:42.747801 7fbcf6989340              Options.level0_stop_writes_trigger: 36
2022/02/11-15:32:42.747801 7fbcf6989340                   Options.target_file_size_base: 67108864
2022/02/11-15:32:42.747801 7fbcf6989340             Options.target_file_size_multiplier: 1
2022/02/11-15:32:42.747802 7fbcf6989340                Options.max_bytes_for_level_base: 268435456
2022/02/11-15:32:42.747802 7fbcf6989340 Options.level_compaction_dynamic_level_bytes: 0
2022/02/11-15:32:42.747803 7fbcf6989340          Options.max_bytes_for_level_multiplier: 10.000000
2022/02/11-15:32:42.747804 7fbcf6989340 Options.max_bytes_for_level_multiplier_addtl[0]: 1
2022/02/11-15:32:42.747804 7fbcf6989340 Options.max_bytes_for_level_multiplier_addtl[1]: 1
2022/02/11-15:32:42.747805 7fbcf6989340 Options.max_bytes_for_level_multiplier_addtl[2]: 1
2022/02/11-15:32:42.747805 7fbcf6989340 Options.max_bytes_for_level_multiplier_addtl[3]: 1
2022/02/11-15:32:42.747806 7fbcf6989340 Options.max_bytes_for_level_multiplier_addtl[4]: 1
2022/02/11-15:32:42.747806 7fbcf6989340 Options.max_bytes_for_level_multiplier_addtl[5]: 1
2022/02/11-15:32:42.747807 7fbcf6989340 Options.max_bytes_for_level_multiplier_addtl[6]: 1
2022/02/11-15:32:42.747807 7fbcf6989340       Options.max_sequential_skip_in_iterations: 8
2022/02/11-15:32:42.747807 7fbcf6989340                    Options.max_compaction_bytes: 1677721600
2022/02/11-15:32:42.747808 7fbcf6989340                        Options.arena_block_size: 8388608
2022/02/11-15:32:42.747808 7fbcf6989340   Options.soft_pending_compaction_bytes_limit: 68719476736
2022/02/11-15:32:42.747811 7fbcf6989340   Options.hard_pending_compaction_bytes_limit: 274877906944
2022/02/11-15:32:42.747812 7fbcf6989340       Options.rate_limit_delay_max_milliseconds: 100
2022/02/11-15:32:42.747812 7fbcf6989340                Options.disable_auto_compactions: 0
2022/02/11-15:32:42.747813 7fbcf6989340                        Options.compaction_style: kCompactionStyleLevel
2022/02/11-15:32:42.747813 7fbcf6989340                          Options.compaction_pri: kMinOverlappingRatio
2022/02/11-15:32:42.747814 7fbcf6989340 Options.compaction_options_universal.size_ratio: 1
2022/02/11-15:32:42.747814 7fbcf6989340 Options.compaction_options_universal.min_merge_width: 2
2022/02/11-15:32:42.747815 7fbcf6989340 Options.compaction_options_universal.max_merge_width: 4294967295
2022/02/11-15:32:42.747815 7fbcf6989340 Options.compaction_options_universal.max_size_amplification_percent: 200
2022/02/11-15:32:42.747816 7fbcf6989340 Options.compaction_options_universal.compression_size_percent: -1
2022/02/11-15:32:42.747816 7fbcf6989340 Options.compaction_options_universal.stop_style: kCompactionStopStyleTotalSize
2022/02/11-15:32:42.747817 7fbcf6989340 Options.compaction_options_fifo.max_table_files_size: 1073741824
2022/02/11-15:32:42.747817 7fbcf6989340 Options.compaction_options_fifo.allow_compaction: 0
2022/02/11-15:32:42.747818 7fbcf6989340                   Options.table_properties_collectors: 
2022/02/11-15:32:42.747819 7fbcf6989340                   Options.inplace_update_support: 0
2022/02/11-15:32:42.747819 7fbcf6989340                 Options.inplace_update_num_locks: 10000
2022/02/11-15:32:42.747819 7fbcf6989340               Options.memtable_prefix_bloom_size_ratio: 0.000000
2022/02/11-15:32:42.747820 7fbcf6989340               Options.memtable_whole_key_filtering: 0
2022/02/11-15:32:42.747821 7fbcf6989340   Options.memtable_huge_page_size: 0
2022/02/11-15:32:42.747821 7fbcf6989340                           Options.bloom_locality: 0
2022/02/11-15:32:42.747821 7fbcf6989340                    Options.max_successive_merges: 0
2022/02/11-15:32:42.747822 7fbcf6989340                Options.optimize_filters_for_hits: 0
2022/02/11-15:32:42.747822 7fbcf6989340                Options.paranoid_file_checks: 0
2022/02/11-15:32:42.747823 7fbcf6989340                Options.force_consistency_checks: 1
2022/02/11-15:32:42.747823 7fbcf6989340                Options.report_bg_io_stats: 0
2022/02/11-15:32:42.747824 7fbcf6989340                               Options.ttl: 2592000
2022/02/11-15:32:42.747824 7fbcf6989340          Options.periodic_compaction_seconds: 0
2022/02/11-15:32:42.747825 7fbcf6989340                    Options.enable_blob_files: false
2022/02/11-15:32:42.747825 7fbcf6989340                        Options.min_blob_size: 0
2022/02/11-15:32:42.747825 7fbcf6989340                       Options.blob_file_size: 268435456
2022/02/11-15:32:42.747826 7fbcf6989340                Options.blob_compression_type: NoCompression
2022/02/11-15:32:42.747826 7fbcf6989340       Options.enable_blob_garbage_collection: false
2022/02/11-15:32:42.747827 7fbcf6989340   Options.blob_garbage_collection_age_cutoff: 0.250000
2022/02/11-15:32:42.747844 7fbcf6989340 [db/column_family.cc:596] --------------- Options for column family [certificates]:
2022/02/11-15:32:42.747845 7fbcf6989340               Options.comparator: leveldb.BytewiseComparator
2022/02/11-15:32:42.747846 7fbcf6989340           Options.merge_operator: None
2022/02/11-15:32:42.747846 7fbcf6989340        Options.compaction_filter: None
2022/02/11-15:32:42.747846 7fbcf6989340        Options.compaction_filter_factory: None
2022/02/11-15:32:42.747847 7fbcf6989340  Options.sst_partitioner_factory: None
2022/02/11-15:32:42.747847 7fbcf6989340         Options.memtable_factory: SkipListFactory
2022/02/11-15:32:42.747848 7fbcf6989340            Options.table_factory: BlockBasedTable
2022/02/11-15:32:42.747858 7fbcf6989340            table_factory options:   flush_block_policy_factory: FlushBlockBySizePolicyFactory (0x56382bcb3dc0)
  cache_index_and_filter_blocks: 0
  cache_index_and_filter_blocks_with_high_priority: 1
  pin_l0_filter_and_index_blocks_in_cache: 0
  pin_top_level_index_and_filter: 1
  index_type: 0
  data_block_index_type: 0
  index_shortening: 1
  data_block_hash_table_util_ratio: 0.750000
  hash_index_allow_collision: 1
  checksum: 1
  no_block_cache: 0
  block_cache: 0x56382be23df0
  block_cache_name: LRUCache
  block_cache_options:
    capacity : 8388608
    num_shard_bits : 4
    strict_capacity_limit : 0
    memory_allocator : None
    high_pri_pool_ratio: 0.000
  block_cache_compressed: (nil)
  persistent_cache: (nil)
  block_size: 4096
  block_size_deviation: 10
  block_restart_interval: 16
  index_block_restart_interval: 1
  metadata_block_size: 4096
  partition_filters: 0
  use_delta_encoding: 1
  filter_policy: nullptr
  whole_key_filtering: 1
  verify_compression: 0
  read_amp_bytes_per_bit: 0
  format_version: 5
  enable_index_compression: 1
  block_align: 0
2022/02/11-15:32:42.747864 7fbcf6989340        Options.write_buffer_size: 67108864
2022/02/11-15:32:42.747864 7fbcf6989340  Options.max_write_buffer_number: 2
2022/02/11-15:32:42.747865 7fbcf6989340          Options.compression: Snappy
2022/02/11-15:32:42.747865 7fbcf6989340                  Options.bottommost_compression: Disabled
2022/02/11-15:32:42.747866 7fbcf6989340       Options.prefix_extractor: nullptr
2022/02/11-15:32:42.747866 7fbcf6989340   Options.memtable_insert_with_hint_prefix_extractor: nullptr
2022/02/11-15:32:42.747867 7fbcf6989340             Options.num_levels: 7
2022/02/11-15:32:42.747867 7fbcf6989340        Options.min_write_buffer_number_to_merge: 1
2022/02/11-15:32:42.747868 7fbcf6989340     Options.max_write_buffer_number_to_maintain: 0
2022/02/11-15:32:42.747868 7fbcf6989340     Options.max_write_buffer_size_to_maintain: 0
2022/02/11-15:32:42.747869 7fbcf6989340            Options.bottommost_compression_opts.window_bits: -14
2022/02/11-15:32:42.747869 7fbcf6989340                  Options.bottommost_compression_opts.level: 32767
2022/02/11-15:32:42.747869 7fbcf6989340               Options.bottommost_compression_opts.strategy: 0
2022/02/11-15:32:42.747870 7fbcf6989340         Options.bottommost_compression_opts.max_dict_bytes: 0
2022/02/11-15:32:42.747870 7fbcf6989340         Options.bottommost_compression_opts.zstd_max_train_bytes: 0
2022/02/11-15:32:42.747871 7fbcf6989340         Options.bottommost_compression_opts.parallel_threads: 1
2022/02/11-15:32:42.747871 7fbcf6989340                  Options.bottommost_compression_opts.enabled: false
2022/02/11-15:32:42.747872 7fbcf6989340         Options.bottommost_compression_opts.max_dict_buffer_bytes: 0
2022/02/11-15:32:42.747872 7fbcf6989340            Options.compression_opts.window_bits: -14
2022/02/11-15:32:42.747873 7fbcf6989340                  Options.compression_opts.level: 32767
2022/02/11-15:32:42.747873 7fbcf6989340               Options.compression_opts.strategy: 0
2022/02/11-15:32:42.747874 7fbcf6989340         Options.compression_opts.max_dict_bytes: 0
2022/02/11-15:32:42.747874 7fbcf6989340         Options.compression_opts.zstd_max_train_bytes: 0
2022/02/11-15:32:42.747874 7fbcf6989340         Options.compression_opts.parallel_threads: 1
2022/02/11-15:32:42.747875 7fbcf6989340                  Options.compression_opts.enabled: false
2022/02/11-15:32:42.747875 7fbcf6989340         Options.compression_opts.max_dict_buffer_bytes: 0
2022/02/11-15:32:42.747876 7fbcf6989340      Options.level0_file_num_compaction_trigger: 4
2022/02/11-15:32:42.747876 7fbcf6989340          Options.level0_slowdown_writes_trigger: 20
2022/02/11-15:32:42.747877 7fbcf6989340              Options.level0_stop_writes_trigger: 36
2022/02/11-15:32:42.747877 7fbcf6989340                   Options.target_file_size_base: 67108864
2022/02/11-15:32:42.747878 7fbcf6989340             Options.target_file_size_multiplier: 1
2022/02/11-15:32:42.747878 7fbcf6989340                Options.max_bytes_for_level_base: 268435456
2022/02/11-15:32:42.747879 7fbcf6989340 Options.level_compaction_dynamic_level_bytes: 0
2022/02/11-15:32:42.747907 7fbcf6989340          Options.max_bytes_for_level_multiplier: 10.000000
2022/02/11-15:32:42.747909 7fbcf6989340 Options.max_bytes_for_level_multiplier_addtl[0]: 1
2022/02/11-15:32:42.747910 7fbcf6989340 Options.max_bytes_for_level_multiplier_addtl[1]: 1
2022/02/11-15:32:42.747910 7fbcf6989340 Options.max_bytes_for_level_multiplier_addtl[2]: 1
2022/02/11-15:32:42.747911 7fbcf6989340 Options.max_bytes_for_level_multiplier_addtl[3]: 1
2022/02/11-15:32:42.747911 7fbcf6989340 Options.max_bytes_for_level_multiplier_addtl[4]: 1
2022/02/11-15:32:42.747912 7fbcf6989340 Options.max_bytes_for_level_multiplier_addtl[5]: 1
2022/02/11-15:32:42.747912 7fbcf6989340 Options.max_bytes_for_level_multiplier_addtl[6]: 1
2022/02/11-15:32:42.747913 7fbcf6989340       Options.max_sequential_skip_in_iterations: 8
2022/02/11-15:32:42.747913 7fbcf6989340                    Options.max_compaction_bytes: 1677721600
2022/02/11-15:32:42.747914 7fbcf6989340                        Options.arena_block_size: 8388608
2022/02/11-15:32:42.747914 7fbcf6989340   Options.soft_pending_compaction_bytes_limit: 68719476736
2022/02/11-15:32:42.747915 7fbcf6989340   Options.hard_pending_compaction_bytes_limit: 274877906944
2022/02/11-15:32:42.747915 7fbcf6989340       Options.rate_limit_delay_max_milliseconds: 100
2022/02/11-15:32:42.747916 7fbcf6989340                Options.disable_auto_compactions: 0
2022/02/11-15:32:42.747917 7fbcf6989340                        Options.compaction_style: kCompactionStyleLevel
2022/02/11-15:32:42.747917 7fbcf6989340                          Options.compaction_pri: kMinOverlappingRatio
2022/02/11-15:32:42.747918 7fbcf6989340 Options.compaction_options_universal.size_ratio: 1
2022/02/11-15:32:42.747918 7fbcf6989340 Options.compaction_options_universal.min_merge_width: 2
2022/02/11-15:32:42.747918 7fbcf6989340 Options.compaction_options_universal.max_merge_width: 4294967295
2022/02/11-15:32:42.747919 7fbcf6989340 Options.compaction_options_universal.max_size_amplification_percent: 200
2022/02/11-15:32:42.747919 7fbcf6989340 Options.compaction_options_universal.compression_size_percent: -1
2022/02/11-15:32:42.747920 7fbcf6989340 Options.compaction_options_universal.stop_style: kCompactionStopStyleTotalSize
2022/02/11-15:32:42.747920 7fbcf6989340 Options.compaction_options_fifo.max_table_files_size: 1073741824
2022/02/11-15:32:42.747921 7fbcf6989340 Options.compaction_options_fifo.allow_compaction: 0
2022/02/11-15:32:42.747922 7fbcf6989340                   Options.table_properties_collectors: 
2022/02/11-15:32:42.747923 7fbcf6989340                   Options.inplace_update_support: 0
2022/02/11-15:32:42.747923 7fbcf6989340                 Options.inplace_update_num_locks: 10000
2022/02/11-15:32:42.747924 7fbcf6989340               Options.memtable_prefix_bloom_size_ratio: 0.000000
2022/02/11-15:32:42.747924 7fbcf6989340               Options.memtable_whole_key_filtering: 0
2022/02/11-15:32:42.747925 7fbcf6989340   Options.memtable_huge_page_size: 0
2022/02/11-15:32:42.747925 7fbcf6989340                           Options.bloom_locality: 0
2022/02/11-15:32:42.747926 7fbcf6989340                    Options.max_successive_merges: 0
2022/02/11-15:32:42.747926 7fbcf6989340                Options.optimize_filters_for_hits: 0
2022/02/11-15:32:42.747927 7fbcf6989340                Options.paranoid_file_checks: 0
2022/02/11-15:32:42.747927 7fbcf6989340                Options.force_consistency_checks: 1
2022/02/11-15:32:42.747927 7fbcf6989340                Options.report_bg_io_stats: 0
2022/02/11-15:32:42.747928 7fbcf6989340                               Options.ttl: 2592000
2022/02/11-15:32:42.747928 7fbcf6989340          Options.periodic_compaction_seconds: 0
2022/02/11-15:32:42.747929 7fbcf6989340                    Options.enable_blob_files: false
2022/02/11-15:32:42.747929 7fbcf6989340                        Options.min_blob_size: 0
2022/02/11-15:32:42.747930 7fbcf6989340                       Options.blob_file_size: 268435456
2022/02/11-15:32:42.747930 7fbcf6989340                Options.blob_compression_type: NoCompression
2022/02/11-15:32:42.747946 7fbcf6989340       Options.enable_blob_garbage_collection: false
2022/02/11-15:32:42.747948 7fbcf6989340   Options.blob_garbage_collection_age_cutoff: 0.250000
2022/02/11-15:32:42.747995 7fbcf6989340 [db/column_family.cc:596] --------------- Options for column family [object_certs]:
2022/02/11-15:32:42.747996 7fbcf6989340               Options.comparator: leveldb.BytewiseComparator
2022/02/11-15:32:42.747997 7fbcf6989340           Options.merge_operator: None
2022/02/11-15:32:42.747998 7fbcf6989340        Options.compaction_filter: None
2022/02/11-15:32:42.747998 7fbcf6989340        Options.compaction_filter_factory: None
2022/02/11-15:32:42.747999 7fbcf6989340  Options.sst_partitioner_factory: None
2022/02/11-15:32:42.747999 7fbcf6989340         Options.memtable_factory: SkipListFactory
2022/02/11-15:32:42.748000 7fbcf6989340            Options.table_factory: BlockBasedTable
2022/02/11-15:32:42.748033 7fbcf6989340            table_factory options:   flush_block_policy_factory: FlushBlockBySizePolicyFactory (0x56382bcb7830)
  cache_index_and_filter_blocks: 0
  cache_index_and_filter_blocks_with_high_priority: 1
  pin_l0_filter_and_index_blocks_in_cache: 0
  pin_top_level_index_and_filter: 1
  index_type: 0
  data_block_index_type: 0
  index_shortening: 1
  data_block_hash_table_util_ratio: 0.750000
  hash_index_allow_collision: 1
  checksum: 1
  no_block_cache: 0
  block_cache: 0x56382bda11e0
  block_cache_name: LRUCache
  block_cache_options:
    capacity : 8388608
    num_shard_bits : 4
    strict_capacity_limit : 0
    memory_allocator : None
    high_pri_pool_ratio: 0.000
  block_cache_compressed: (nil)
  persistent_cache: (nil)
  block_size: 4096
  block_size_deviation: 10
  block_restart_interval: 16
  index_block_restart_interval: 1
  metadata_block_size: 4096
  partition_filters: 0
  use_delta_encoding: 1
  filter_policy: nullptr
  whole_key_filtering: 1
  verify_compression: 0
  read_amp_bytes_per_bit: 0
  format_version: 5
  enable_index_compression: 1
  block_align: 0
2022/02/11-15:32:42.748034 7fbcf6989340        Options.write_buffer_size: 67108864
2022/02/11-15:32:42.748035 7fbcf6989340  Options.max_write_buffer_number: 2
2022/02/11-15:32:42.748036 7fbcf6989340          Options.compression: Snappy
2022/02/11-15:32:42.748036 7fbcf6989340                  Options.bottommost_compression: Disabled
2022/02/11-15:32:42.748037 7fbcf6989340       Options.prefix_extractor: nullptr
2022/02/11-15:32:42.748037 7fbcf6989340   Options.memtable_insert_with_hint_prefix_extractor: nullptr
2022/02/11-15:32:42.748038 7fbcf6989340             Options.num_levels: 7
2022/02/11-15:32:42.748038 7fbcf6989340        Options.min_write_buffer_number_to_merge: 1
2022/02/11-15:32:42.748039 7fbcf6989340     Options.max_write_buffer_number_to_maintain: 0
2022/02/11-15:32:42.748039 7fbcf6989340     Options.max_write_buffer_size_to_maintain: 0
2022/02/11-15:32:42.748040 7fbcf6989340            Options.bottommost_compression_opts.window_bits: -14
