2022/02/11-15:51:22.141095 7fcf56d78340 RocksDB version: 6.20.3
2022/02/11-15:51:22.141110 7fcf56d78340 Git sha 8608d75d85f8e1b3b64b73a4fb6d19baec61ba5c
2022/02/11-15:51:22.141111 7fcf56d78340 Compile date 2021-05-05 20:35:30
2022/02/11-15:51:22.141138 7fcf56d78340 DB SUMMARY
2022/02/11-15:51:22.141138 7fcf56d78340 DB Session ID:  P6UO986CYEPEIX5ULL7A
2022/02/11-15:51:22.141160 7fcf56d78340 CURRENT file:  CURRENT
2022/02/11-15:51:22.141161 7fcf56d78340 IDENTITY file:  IDENTITY
2022/02/11-15:51:22.141163 7fcf56d78340 MANIFEST file:  MANIFEST-000256 size: 951 Bytes
2022/02/11-15:51:22.141164 7fcf56d78340 SST files in ./client_db/k#a9eff1f7749e371e164b559237dd14d97858afc965262b6e2bebc05594188d1a dir, Total Num: 0, files: 
2022/02/11-15:51:22.141165 7fcf56d78340 Write Ahead Log file in ./client_db/k#a9eff1f7749e371e164b559237dd14d97858afc965262b6e2bebc05594188d1a: 000257.log size: 810 ; 
2022/02/11-15:51:22.141166 7fcf56d78340                         Options.error_if_exists: 0
2022/02/11-15:51:22.141167 7fcf56d78340                       Options.create_if_missing: 1
2022/02/11-15:51:22.141167 7fcf56d78340                         Options.paranoid_checks: 1
2022/02/11-15:51:22.141168 7fcf56d78340                               Options.track_and_verify_wals_in_manifest: 0
2022/02/11-15:51:22.141169 7fcf56d78340                                     Options.env: 0x561d55bcc420
2022/02/11-15:51:22.141170 7fcf56d78340                                      Options.fs: Posix File System
2022/02/11-15:51:22.141170 7fcf56d78340                                Options.info_log: 0x561d57a02280
2022/02/11-15:51:22.141171 7fcf56d78340                Options.max_file_opening_threads: 16
2022/02/11-15:51:22.141171 7fcf56d78340                              Options.statistics: (nil)
2022/02/11-15:51:22.141172 7fcf56d78340                               Options.use_fsync: 0
2022/02/11-15:51:22.141173 7fcf56d78340                       Options.max_log_file_size: 0
2022/02/11-15:51:22.141173 7fcf56d78340                  Options.max_manifest_file_size: 1073741824
2022/02/11-15:51:22.141174 7fcf56d78340                   Options.log_file_time_to_roll: 0
2022/02/11-15:51:22.141174 7fcf56d78340                       Options.keep_log_file_num: 1000
2022/02/11-15:51:22.141175 7fcf56d78340                    Options.recycle_log_file_num: 0
2022/02/11-15:51:22.141175 7fcf56d78340                         Options.allow_fallocate: 1
2022/02/11-15:51:22.141176 7fcf56d78340                        Options.allow_mmap_reads: 0
2022/02/11-15:51:22.141176 7fcf56d78340                       Options.allow_mmap_writes: 0
2022/02/11-15:51:22.141177 7fcf56d78340                        Options.use_direct_reads: 0
2022/02/11-15:51:22.141177 7fcf56d78340                        Options.use_direct_io_for_flush_and_compaction: 0
2022/02/11-15:51:22.141178 7fcf56d78340          Options.create_missing_column_families: 1
2022/02/11-15:51:22.141178 7fcf56d78340                              Options.db_log_dir: 
2022/02/11-15:51:22.141179 7fcf56d78340                                 Options.wal_dir: ./client_db/k#a9eff1f7749e371e164b559237dd14d97858afc965262b6e2bebc05594188d1a
2022/02/11-15:51:22.141179 7fcf56d78340                Options.table_cache_numshardbits: 6
2022/02/11-15:51:22.141180 7fcf56d78340                         Options.WAL_ttl_seconds: 0
2022/02/11-15:51:22.141180 7fcf56d78340                       Options.WAL_size_limit_MB: 0
2022/02/11-15:51:22.141181 7fcf56d78340                        Options.max_write_batch_group_size_bytes: 1048576
2022/02/11-15:51:22.141181 7fcf56d78340             Options.manifest_preallocation_size: 4194304
2022/02/11-15:51:22.141182 7fcf56d78340                     Options.is_fd_close_on_exec: 1
2022/02/11-15:51:22.141183 7fcf56d78340                   Options.advise_random_on_open: 1
2022/02/11-15:51:22.141183 7fcf56d78340                    Options.db_write_buffer_size: 0
2022/02/11-15:51:22.141184 7fcf56d78340                    Options.write_buffer_manager: 0x561d579f6ad0
2022/02/11-15:51:22.141184 7fcf56d78340         Options.access_hint_on_compaction_start: 1
2022/02/11-15:51:22.141185 7fcf56d78340  Options.new_table_reader_for_compaction_inputs: 0
2022/02/11-15:51:22.141190 7fcf56d78340           Options.random_access_max_buffer_size: 1048576
2022/02/11-15:51:22.141191 7fcf56d78340                      Options.use_adaptive_mutex: 0
2022/02/11-15:51:22.141191 7fcf56d78340                            Options.rate_limiter: (nil)
2022/02/11-15:51:22.141192 7fcf56d78340     Options.sst_file_manager.rate_bytes_per_sec: 0
2022/02/11-15:51:22.141193 7fcf56d78340                       Options.wal_recovery_mode: 2
2022/02/11-15:51:22.141193 7fcf56d78340                  Options.enable_thread_tracking: 0
2022/02/11-15:51:22.141194 7fcf56d78340                  Options.enable_pipelined_write: 0
2022/02/11-15:51:22.141194 7fcf56d78340                  Options.unordered_write: 0
2022/02/11-15:51:22.141195 7fcf56d78340         Options.allow_concurrent_memtable_write: 1
2022/02/11-15:51:22.141195 7fcf56d78340      Options.enable_write_thread_adaptive_yield: 1
2022/02/11-15:51:22.141196 7fcf56d78340             Options.write_thread_max_yield_usec: 100
2022/02/11-15:51:22.141197 7fcf56d78340            Options.write_thread_slow_yield_usec: 3
2022/02/11-15:51:22.141197 7fcf56d78340                               Options.row_cache: None
2022/02/11-15:51:22.141198 7fcf56d78340                              Options.wal_filter: None
2022/02/11-15:51:22.141198 7fcf56d78340             Options.avoid_flush_during_recovery: 0
2022/02/11-15:51:22.141199 7fcf56d78340             Options.allow_ingest_behind: 0
2022/02/11-15:51:22.141199 7fcf56d78340             Options.preserve_deletes: 0
2022/02/11-15:51:22.141200 7fcf56d78340             Options.two_write_queues: 0
2022/02/11-15:51:22.141200 7fcf56d78340             Options.manual_wal_flush: 0
2022/02/11-15:51:22.141201 7fcf56d78340             Options.atomic_flush: 0
2022/02/11-15:51:22.141201 7fcf56d78340             Options.avoid_unnecessary_blocking_io: 0
2022/02/11-15:51:22.141202 7fcf56d78340                 Options.persist_stats_to_disk: 0
2022/02/11-15:51:22.141202 7fcf56d78340                 Options.write_dbid_to_manifest: 0
2022/02/11-15:51:22.141203 7fcf56d78340                 Options.log_readahead_size: 0
2022/02/11-15:51:22.141203 7fcf56d78340                 Options.file_checksum_gen_factory: Unknown
2022/02/11-15:51:22.141204 7fcf56d78340                 Options.best_efforts_recovery: 0
2022/02/11-15:51:22.141204 7fcf56d78340                Options.max_bgerror_resume_count: 2147483647
2022/02/11-15:51:22.141205 7fcf56d78340            Options.bgerror_resume_retry_interval: 1000000
2022/02/11-15:51:22.141205 7fcf56d78340             Options.allow_data_in_errors: 0
2022/02/11-15:51:22.141206 7fcf56d78340             Options.db_host_id: __hostname__
2022/02/11-15:51:22.141206 7fcf56d78340             Options.max_background_jobs: 2
2022/02/11-15:51:22.141207 7fcf56d78340             Options.max_background_compactions: -1
2022/02/11-15:51:22.141207 7fcf56d78340             Options.max_subcompactions: 1
2022/02/11-15:51:22.141208 7fcf56d78340             Options.avoid_flush_during_shutdown: 0
2022/02/11-15:51:22.141209 7fcf56d78340           Options.writable_file_max_buffer_size: 1048576
2022/02/11-15:51:22.141209 7fcf56d78340             Options.delayed_write_rate : 16777216
2022/02/11-15:51:22.141210 7fcf56d78340             Options.max_total_wal_size: 0
2022/02/11-15:51:22.141210 7fcf56d78340             Options.delete_obsolete_files_period_micros: 21600000000
2022/02/11-15:51:22.141211 7fcf56d78340                   Options.stats_dump_period_sec: 600
2022/02/11-15:51:22.141211 7fcf56d78340                 Options.stats_persist_period_sec: 600
2022/02/11-15:51:22.141212 7fcf56d78340                 Options.stats_history_buffer_size: 1048576
2022/02/11-15:51:22.141213 7fcf56d78340                          Options.max_open_files: -1
2022/02/11-15:51:22.141213 7fcf56d78340                          Options.bytes_per_sync: 0
2022/02/11-15:51:22.141214 7fcf56d78340                      Options.wal_bytes_per_sync: 0
2022/02/11-15:51:22.141214 7fcf56d78340                   Options.strict_bytes_per_sync: 0
2022/02/11-15:51:22.141217 7fcf56d78340       Options.compaction_readahead_size: 0
2022/02/11-15:51:22.141218 7fcf56d78340                  Options.max_background_flushes: -1
2022/02/11-15:51:22.141219 7fcf56d78340 Compression algorithms supported:
2022/02/11-15:51:22.141220 7fcf56d78340 	kZSTDNotFinalCompression supported: 1
2022/02/11-15:51:22.141221 7fcf56d78340 	kZSTD supported: 1
2022/02/11-15:51:22.141221 7fcf56d78340 	kXpressCompression supported: 0
2022/02/11-15:51:22.141222 7fcf56d78340 	kLZ4HCCompression supported: 1
2022/02/11-15:51:22.141222 7fcf56d78340 	kLZ4Compression supported: 1
2022/02/11-15:51:22.141223 7fcf56d78340 	kBZip2Compression supported: 1
2022/02/11-15:51:22.141224 7fcf56d78340 	kZlibCompression supported: 1
2022/02/11-15:51:22.141224 7fcf56d78340 	kSnappyCompression supported: 1
2022/02/11-15:51:22.141225 7fcf56d78340 Fast CRC32 supported: Not supported on x86
2022/02/11-15:51:22.141252 7fcf56d78340 [db/version_set.cc:4626] Recovering from manifest file: ./client_db/k#a9eff1f7749e371e164b559237dd14d97858afc965262b6e2bebc05594188d1a/MANIFEST-000256
2022/02/11-15:51:22.141341 7fcf56d78340 [db/column_family.cc:596] --------------- Options for column family [default]:
2022/02/11-15:51:22.141343 7fcf56d78340               Options.comparator: leveldb.BytewiseComparator
2022/02/11-15:51:22.141344 7fcf56d78340           Options.merge_operator: None
2022/02/11-15:51:22.141344 7fcf56d78340        Options.compaction_filter: None
2022/02/11-15:51:22.141345 7fcf56d78340        Options.compaction_filter_factory: None
2022/02/11-15:51:22.141345 7fcf56d78340  Options.sst_partitioner_factory: None
2022/02/11-15:51:22.141346 7fcf56d78340         Options.memtable_factory: SkipListFactory
2022/02/11-15:51:22.141347 7fcf56d78340            Options.table_factory: BlockBasedTable
2022/02/11-15:51:22.141365 7fcf56d78340            table_factory options:   flush_block_policy_factory: FlushBlockBySizePolicyFactory (0x561d57a080e0)
  cache_index_and_filter_blocks: 0
  cache_index_and_filter_blocks_with_high_priority: 1
  pin_l0_filter_and_index_blocks_in_cache: 0
  pin_top_level_index_and_filter: 1
  index_type: 0
  data_block_index_type: 0
  index_shortening: 1
  data_block_hash_table_util_ratio: 0.750000
  hash_index_allow_collision: 1
  checksum: 1
  no_block_cache: 0
  block_cache: 0x561d579428c0
  block_cache_name: LRUCache
  block_cache_options:
    capacity : 8388608
    num_shard_bits : 4
    strict_capacity_limit : 0
    memory_allocator : None
    high_pri_pool_ratio: 0.000
  block_cache_compressed: (nil)
  persistent_cache: (nil)
  block_size: 4096
  block_size_deviation: 10
  block_restart_interval: 16
  index_block_restart_interval: 1
  metadata_block_size: 4096
  partition_filters: 0
  use_delta_encoding: 1
  filter_policy: nullptr
  whole_key_filtering: 1
  verify_compression: 0
  read_amp_bytes_per_bit: 0
  format_version: 5
  enable_index_compression: 1
  block_align: 0
2022/02/11-15:51:22.141366 7fcf56d78340        Options.write_buffer_size: 67108864
2022/02/11-15:51:22.141367 7fcf56d78340  Options.max_write_buffer_number: 2
2022/02/11-15:51:22.141367 7fcf56d78340          Options.compression: Snappy
2022/02/11-15:51:22.141368 7fcf56d78340                  Options.bottommost_compression: Disabled
2022/02/11-15:51:22.141369 7fcf56d78340       Options.prefix_extractor: nullptr
2022/02/11-15:51:22.141369 7fcf56d78340   Options.memtable_insert_with_hint_prefix_extractor: nullptr
2022/02/11-15:51:22.141370 7fcf56d78340             Options.num_levels: 7
2022/02/11-15:51:22.141370 7fcf56d78340        Options.min_write_buffer_number_to_merge: 1
2022/02/11-15:51:22.141371 7fcf56d78340     Options.max_write_buffer_number_to_maintain: 0
2022/02/11-15:51:22.141371 7fcf56d78340     Options.max_write_buffer_size_to_maintain: 0
2022/02/11-15:51:22.141372 7fcf56d78340            Options.bottommost_compression_opts.window_bits: -14
2022/02/11-15:51:22.141372 7fcf56d78340                  Options.bottommost_compression_opts.level: 32767
2022/02/11-15:51:22.141373 7fcf56d78340               Options.bottommost_compression_opts.strategy: 0
2022/02/11-15:51:22.141378 7fcf56d78340         Options.bottommost_compression_opts.max_dict_bytes: 0
2022/02/11-15:51:22.141378 7fcf56d78340         Options.bottommost_compression_opts.zstd_max_train_bytes: 0
2022/02/11-15:51:22.141379 7fcf56d78340         Options.bottommost_compression_opts.parallel_threads: 1
2022/02/11-15:51:22.141379 7fcf56d78340                  Options.bottommost_compression_opts.enabled: false
2022/02/11-15:51:22.141380 7fcf56d78340         Options.bottommost_compression_opts.max_dict_buffer_bytes: 0
2022/02/11-15:51:22.141380 7fcf56d78340            Options.compression_opts.window_bits: -14
2022/02/11-15:51:22.141381 7fcf56d78340                  Options.compression_opts.level: 32767
2022/02/11-15:51:22.141381 7fcf56d78340               Options.compression_opts.strategy: 0
2022/02/11-15:51:22.141382 7fcf56d78340         Options.compression_opts.max_dict_bytes: 0
2022/02/11-15:51:22.141382 7fcf56d78340         Options.compression_opts.zstd_max_train_bytes: 0
2022/02/11-15:51:22.141383 7fcf56d78340         Options.compression_opts.parallel_threads: 1
2022/02/11-15:51:22.141383 7fcf56d78340                  Options.compression_opts.enabled: false
2022/02/11-15:51:22.141384 7fcf56d78340         Options.compression_opts.max_dict_buffer_bytes: 0
2022/02/11-15:51:22.141384 7fcf56d78340      Options.level0_file_num_compaction_trigger: 4
2022/02/11-15:51:22.141385 7fcf56d78340          Options.level0_slowdown_writes_trigger: 20
2022/02/11-15:51:22.141385 7fcf56d78340              Options.level0_stop_writes_trigger: 36
2022/02/11-15:51:22.141386 7fcf56d78340                   Options.target_file_size_base: 67108864
2022/02/11-15:51:22.141386 7fcf56d78340             Options.target_file_size_multiplier: 1
2022/02/11-15:51:22.141387 7fcf56d78340                Options.max_bytes_for_level_base: 268435456
2022/02/11-15:51:22.141387 7fcf56d78340 Options.level_compaction_dynamic_level_bytes: 0
2022/02/11-15:51:22.141388 7fcf56d78340          Options.max_bytes_for_level_multiplier: 10.000000
2022/02/11-15:51:22.141389 7fcf56d78340 Options.max_bytes_for_level_multiplier_addtl[0]: 1
2022/02/11-15:51:22.141390 7fcf56d78340 Options.max_bytes_for_level_multiplier_addtl[1]: 1
2022/02/11-15:51:22.141391 7fcf56d78340 Options.max_bytes_for_level_multiplier_addtl[2]: 1
2022/02/11-15:51:22.141391 7fcf56d78340 Options.max_bytes_for_level_multiplier_addtl[3]: 1
2022/02/11-15:51:22.141392 7fcf56d78340 Options.max_bytes_for_level_multiplier_addtl[4]: 1
2022/02/11-15:51:22.141392 7fcf56d78340 Options.max_bytes_for_level_multiplier_addtl[5]: 1
2022/02/11-15:51:22.141393 7fcf56d78340 Options.max_bytes_for_level_multiplier_addtl[6]: 1
2022/02/11-15:51:22.141393 7fcf56d78340       Options.max_sequential_skip_in_iterations: 8
2022/02/11-15:51:22.141394 7fcf56d78340                    Options.max_compaction_bytes: 1677721600
2022/02/11-15:51:22.141394 7fcf56d78340                        Options.arena_block_size: 8388608
2022/02/11-15:51:22.141395 7fcf56d78340   Options.soft_pending_compaction_bytes_limit: 68719476736
2022/02/11-15:51:22.141395 7fcf56d78340   Options.hard_pending_compaction_bytes_limit: 274877906944
2022/02/11-15:51:22.141396 7fcf56d78340       Options.rate_limit_delay_max_milliseconds: 100
2022/02/11-15:51:22.141396 7fcf56d78340                Options.disable_auto_compactions: 0
2022/02/11-15:51:22.141397 7fcf56d78340                        Options.compaction_style: kCompactionStyleLevel
2022/02/11-15:51:22.141398 7fcf56d78340                          Options.compaction_pri: kMinOverlappingRatio
2022/02/11-15:51:22.141399 7fcf56d78340 Options.compaction_options_universal.size_ratio: 1
2022/02/11-15:51:22.141400 7fcf56d78340 Options.compaction_options_universal.min_merge_width: 2
2022/02/11-15:51:22.141400 7fcf56d78340 Options.compaction_options_universal.max_merge_width: 4294967295
2022/02/11-15:51:22.141401 7fcf56d78340 Options.compaction_options_universal.max_size_amplification_percent: 200
2022/02/11-15:51:22.141401 7fcf56d78340 Options.compaction_options_universal.compression_size_percent: -1
2022/02/11-15:51:22.141405 7fcf56d78340 Options.compaction_options_universal.stop_style: kCompactionStopStyleTotalSize
2022/02/11-15:51:22.141405 7fcf56d78340 Options.compaction_options_fifo.max_table_files_size: 1073741824
2022/02/11-15:51:22.141406 7fcf56d78340 Options.compaction_options_fifo.allow_compaction: 0
2022/02/11-15:51:22.141413 7fcf56d78340                   Options.table_properties_collectors: 
2022/02/11-15:51:22.141414 7fcf56d78340                   Options.inplace_update_support: 0
2022/02/11-15:51:22.141414 7fcf56d78340                 Options.inplace_update_num_locks: 10000
2022/02/11-15:51:22.141415 7fcf56d78340               Options.memtable_prefix_bloom_size_ratio: 0.000000
2022/02/11-15:51:22.141416 7fcf56d78340               Options.memtable_whole_key_filtering: 0
2022/02/11-15:51:22.141416 7fcf56d78340   Options.memtable_huge_page_size: 0
2022/02/11-15:51:22.141417 7fcf56d78340                           Options.bloom_locality: 0
2022/02/11-15:51:22.141417 7fcf56d78340                    Options.max_successive_merges: 0
2022/02/11-15:51:22.141418 7fcf56d78340                Options.optimize_filters_for_hits: 0
2022/02/11-15:51:22.141418 7fcf56d78340                Options.paranoid_file_checks: 0
2022/02/11-15:51:22.141419 7fcf56d78340                Options.force_consistency_checks: 1
2022/02/11-15:51:22.141419 7fcf56d78340                Options.report_bg_io_stats: 0
2022/02/11-15:51:22.141420 7fcf56d78340                               Options.ttl: 2592000
2022/02/11-15:51:22.141420 7fcf56d78340          Options.periodic_compaction_seconds: 0
2022/02/11-15:51:22.141421 7fcf56d78340                    Options.enable_blob_files: false
2022/02/11-15:51:22.141421 7fcf56d78340                        Options.min_blob_size: 0
2022/02/11-15:51:22.141422 7fcf56d78340                       Options.blob_file_size: 268435456
2022/02/11-15:51:22.141422 7fcf56d78340                Options.blob_compression_type: NoCompression
2022/02/11-15:51:22.141423 7fcf56d78340       Options.enable_blob_garbage_collection: false
2022/02/11-15:51:22.141423 7fcf56d78340   Options.blob_garbage_collection_age_cutoff: 0.250000
2022/02/11-15:51:22.141447 7fcf56d78340 [db/column_family.cc:596] --------------- Options for column family [pending_orders]:
2022/02/11-15:51:22.141448 7fcf56d78340               Options.comparator: leveldb.BytewiseComparator
2022/02/11-15:51:22.141449 7fcf56d78340           Options.merge_operator: None
2022/02/11-15:51:22.141449 7fcf56d78340        Options.compaction_filter: None
2022/02/11-15:51:22.141450 7fcf56d78340        Options.compaction_filter_factory: None
2022/02/11-15:51:22.141450 7fcf56d78340  Options.sst_partitioner_factory: None
2022/02/11-15:51:22.141451 7fcf56d78340         Options.memtable_factory: SkipListFactory
2022/02/11-15:51:22.141451 7fcf56d78340            Options.table_factory: BlockBasedTable
2022/02/11-15:51:22.141464 7fcf56d78340            table_factory options:   flush_block_policy_factory: FlushBlockBySizePolicyFactory (0x561d579e2090)
  cache_index_and_filter_blocks: 0
  cache_index_and_filter_blocks_with_high_priority: 1
  pin_l0_filter_and_index_blocks_in_cache: 0
  pin_top_level_index_and_filter: 1
  index_type: 0
  data_block_index_type: 0
  index_shortening: 1
  data_block_hash_table_util_ratio: 0.750000
  hash_index_allow_collision: 1
  checksum: 1
  no_block_cache: 0
  block_cache: 0x561d57913dd0
  block_cache_name: LRUCache
  block_cache_options:
    capacity : 8388608
    num_shard_bits : 4
    strict_capacity_limit : 0
    memory_allocator : None
    high_pri_pool_ratio: 0.000
  block_cache_compressed: (nil)
  persistent_cache: (nil)
  block_size: 4096
  block_size_deviation: 10
  block_restart_interval: 16
  index_block_restart_interval: 1
  metadata_block_size: 4096
  partition_filters: 0
  use_delta_encoding: 1
  filter_policy: nullptr
  whole_key_filtering: 1
  verify_compression: 0
  read_amp_bytes_per_bit: 0
  format_version: 5
  enable_index_compression: 1
  block_align: 0
2022/02/11-15:51:22.141465 7fcf56d78340        Options.write_buffer_size: 67108864
2022/02/11-15:51:22.141469 7fcf56d78340  Options.max_write_buffer_number: 2
2022/02/11-15:51:22.141469 7fcf56d78340          Options.compression: Snappy
2022/02/11-15:51:22.141470 7fcf56d78340                  Options.bottommost_compression: Disabled
2022/02/11-15:51:22.141470 7fcf56d78340       Options.prefix_extractor: nullptr
2022/02/11-15:51:22.141471 7fcf56d78340   Options.memtable_insert_with_hint_prefix_extractor: nullptr
2022/02/11-15:51:22.141471 7fcf56d78340             Options.num_levels: 7
2022/02/11-15:51:22.141472 7fcf56d78340        Options.min_write_buffer_number_to_merge: 1
2022/02/11-15:51:22.141472 7fcf56d78340     Options.max_write_buffer_number_to_maintain: 0
2022/02/11-15:51:22.141473 7fcf56d78340     Options.max_write_buffer_size_to_maintain: 0
2022/02/11-15:51:22.141473 7fcf56d78340            Options.bottommost_compression_opts.window_bits: -14
2022/02/11-15:51:22.141474 7fcf56d78340                  Options.bottommost_compression_opts.level: 32767
2022/02/11-15:51:22.141474 7fcf56d78340               Options.bottommost_compression_opts.strategy: 0
2022/02/11-15:51:22.141475 7fcf56d78340         Options.bottommost_compression_opts.max_dict_bytes: 0
2022/02/11-15:51:22.141475 7fcf56d78340         Options.bottommost_compression_opts.zstd_max_train_bytes: 0
2022/02/11-15:51:22.141476 7fcf56d78340         Options.bottommost_compression_opts.parallel_threads: 1
2022/02/11-15:51:22.141476 7fcf56d78340                  Options.bottommost_compression_opts.enabled: false
2022/02/11-15:51:22.141477 7fcf56d78340         Options.bottommost_compression_opts.max_dict_buffer_bytes: 0
2022/02/11-15:51:22.141477 7fcf56d78340            Options.compression_opts.window_bits: -14
2022/02/11-15:51:22.141478 7fcf56d78340                  Options.compression_opts.level: 32767
2022/02/11-15:51:22.141478 7fcf56d78340               Options.compression_opts.strategy: 0
2022/02/11-15:51:22.141479 7fcf56d78340         Options.compression_opts.max_dict_bytes: 0
2022/02/11-15:51:22.141479 7fcf56d78340         Options.compression_opts.zstd_max_train_bytes: 0
2022/02/11-15:51:22.141480 7fcf56d78340         Options.compression_opts.parallel_threads: 1
2022/02/11-15:51:22.141480 7fcf56d78340                  Options.compression_opts.enabled: false
2022/02/11-15:51:22.141481 7fcf56d78340         Options.compression_opts.max_dict_buffer_bytes: 0
2022/02/11-15:51:22.141481 7fcf56d78340      Options.level0_file_num_compaction_trigger: 4
2022/02/11-15:51:22.141482 7fcf56d78340          Options.level0_slowdown_writes_trigger: 20
2022/02/11-15:51:22.141482 7fcf56d78340              Options.level0_stop_writes_trigger: 36
2022/02/11-15:51:22.141483 7fcf56d78340                   Options.target_file_size_base: 67108864
2022/02/11-15:51:22.141483 7fcf56d78340             Options.target_file_size_multiplier: 1
2022/02/11-15:51:22.141484 7fcf56d78340                Options.max_bytes_for_level_base: 268435456
2022/02/11-15:51:22.141484 7fcf56d78340 Options.level_compaction_dynamic_level_bytes: 0
2022/02/11-15:51:22.141484 7fcf56d78340          Options.max_bytes_for_level_multiplier: 10.000000
2022/02/11-15:51:22.141485 7fcf56d78340 Options.max_bytes_for_level_multiplier_addtl[0]: 1
2022/02/11-15:51:22.141486 7fcf56d78340 Options.max_bytes_for_level_multiplier_addtl[1]: 1
2022/02/11-15:51:22.141486 7fcf56d78340 Options.max_bytes_for_level_multiplier_addtl[2]: 1
2022/02/11-15:51:22.141487 7fcf56d78340 Options.max_bytes_for_level_multiplier_addtl[3]: 1
2022/02/11-15:51:22.141487 7fcf56d78340 Options.max_bytes_for_level_multiplier_addtl[4]: 1
2022/02/11-15:51:22.141488 7fcf56d78340 Options.max_bytes_for_level_multiplier_addtl[5]: 1
2022/02/11-15:51:22.141488 7fcf56d78340 Options.max_bytes_for_level_multiplier_addtl[6]: 1
2022/02/11-15:51:22.141489 7fcf56d78340       Options.max_sequential_skip_in_iterations: 8
2022/02/11-15:51:22.141489 7fcf56d78340                    Options.max_compaction_bytes: 1677721600
2022/02/11-15:51:22.141490 7fcf56d78340                        Options.arena_block_size: 8388608
2022/02/11-15:51:22.141490 7fcf56d78340   Options.soft_pending_compaction_bytes_limit: 68719476736
2022/02/11-15:51:22.141493 7fcf56d78340   Options.hard_pending_compaction_bytes_limit: 274877906944
2022/02/11-15:51:22.141494 7fcf56d78340       Options.rate_limit_delay_max_milliseconds: 100
2022/02/11-15:51:22.141495 7fcf56d78340                Options.disable_auto_compactions: 0
2022/02/11-15:51:22.141495 7fcf56d78340                        Options.compaction_style: kCompactionStyleLevel
2022/02/11-15:51:22.141496 7fcf56d78340                          Options.compaction_pri: kMinOverlappingRatio
2022/02/11-15:51:22.141496 7fcf56d78340 Options.compaction_options_universal.size_ratio: 1
2022/02/11-15:51:22.141497 7fcf56d78340 Options.compaction_options_universal.min_merge_width: 2
2022/02/11-15:51:22.141497 7fcf56d78340 Options.compaction_options_universal.max_merge_width: 4294967295
2022/02/11-15:51:22.141498 7fcf56d78340 Options.compaction_options_universal.max_size_amplification_percent: 200
2022/02/11-15:51:22.141498 7fcf56d78340 Options.compaction_options_universal.compression_size_percent: -1
2022/02/11-15:51:22.141499 7fcf56d78340 Options.compaction_options_universal.stop_style: kCompactionStopStyleTotalSize
2022/02/11-15:51:22.141499 7fcf56d78340 Options.compaction_options_fifo.max_table_files_size: 1073741824
2022/02/11-15:51:22.141500 7fcf56d78340 Options.compaction_options_fifo.allow_compaction: 0
2022/02/11-15:51:22.141501 7fcf56d78340                   Options.table_properties_collectors: 
2022/02/11-15:51:22.141501 7fcf56d78340                   Options.inplace_update_support: 0
2022/02/11-15:51:22.141502 7fcf56d78340                 Options.inplace_update_num_locks: 10000
2022/02/11-15:51:22.141502 7fcf56d78340               Options.memtable_prefix_bloom_size_ratio: 0.000000
2022/02/11-15:51:22.141503 7fcf56d78340               Options.memtable_whole_key_filtering: 0
2022/02/11-15:51:22.141504 7fcf56d78340   Options.memtable_huge_page_size: 0
2022/02/11-15:51:22.141504 7fcf56d78340                           Options.bloom_locality: 0
2022/02/11-15:51:22.141505 7fcf56d78340                    Options.max_successive_merges: 0
2022/02/11-15:51:22.141505 7fcf56d78340                Options.optimize_filters_for_hits: 0
2022/02/11-15:51:22.141506 7fcf56d78340                Options.paranoid_file_checks: 0
2022/02/11-15:51:22.141506 7fcf56d78340                Options.force_consistency_checks: 1
2022/02/11-15:51:22.141506 7fcf56d78340                Options.report_bg_io_stats: 0
2022/02/11-15:51:22.141507 7fcf56d78340                               Options.ttl: 2592000
2022/02/11-15:51:22.141508 7fcf56d78340          Options.periodic_compaction_seconds: 0
2022/02/11-15:51:22.141508 7fcf56d78340                    Options.enable_blob_files: false
2022/02/11-15:51:22.141509 7fcf56d78340                        Options.min_blob_size: 0
2022/02/11-15:51:22.141509 7fcf56d78340                       Options.blob_file_size: 268435456
2022/02/11-15:51:22.141510 7fcf56d78340                Options.blob_compression_type: NoCompression
2022/02/11-15:51:22.141510 7fcf56d78340       Options.enable_blob_garbage_collection: false
2022/02/11-15:51:22.141511 7fcf56d78340   Options.blob_garbage_collection_age_cutoff: 0.250000
2022/02/11-15:51:22.141541 7fcf56d78340 [db/column_family.cc:596] --------------- Options for column family [certificates]:
2022/02/11-15:51:22.141543 7fcf56d78340               Options.comparator: leveldb.BytewiseComparator
2022/02/11-15:51:22.141543 7fcf56d78340           Options.merge_operator: None
2022/02/11-15:51:22.141544 7fcf56d78340        Options.compaction_filter: None
2022/02/11-15:51:22.141545 7fcf56d78340        Options.compaction_filter_factory: None
2022/02/11-15:51:22.141545 7fcf56d78340  Options.sst_partitioner_factory: None
2022/02/11-15:51:22.141546 7fcf56d78340         Options.memtable_factory: SkipListFactory
2022/02/11-15:51:22.141546 7fcf56d78340            Options.table_factory: BlockBasedTable
2022/02/11-15:51:22.141556 7fcf56d78340            table_factory options:   flush_block_policy_factory: FlushBlockBySizePolicyFactory (0x561d5798e650)
  cache_index_and_filter_blocks: 0
  cache_index_and_filter_blocks_with_high_priority: 1
  pin_l0_filter_and_index_blocks_in_cache: 0
  pin_top_level_index_and_filter: 1
  index_type: 0
  data_block_index_type: 0
  index_shortening: 1
  data_block_hash_table_util_ratio: 0.750000
  hash_index_allow_collision: 1
  checksum: 1
  no_block_cache: 0
  block_cache: 0x561d57a19d70
  block_cache_name: LRUCache
  block_cache_options:
    capacity : 8388608
    num_shard_bits : 4
    strict_capacity_limit : 0
    memory_allocator : None
    high_pri_pool_ratio: 0.000
  block_cache_compressed: (nil)
  persistent_cache: (nil)
  block_size: 4096
  block_size_deviation: 10
  block_restart_interval: 16
  index_block_restart_interval: 1
  metadata_block_size: 4096
  partition_filters: 0
  use_delta_encoding: 1
  filter_policy: nullptr
  whole_key_filtering: 1
  verify_compression: 0
  read_amp_bytes_per_bit: 0
  format_version: 5
  enable_index_compression: 1
  block_align: 0
2022/02/11-15:51:22.141563 7fcf56d78340        Options.write_buffer_size: 67108864
2022/02/11-15:51:22.141563 7fcf56d78340  Options.max_write_buffer_number: 2
2022/02/11-15:51:22.141564 7fcf56d78340          Options.compression: Snappy
2022/02/11-15:51:22.141564 7fcf56d78340                  Options.bottommost_compression: Disabled
2022/02/11-15:51:22.141565 7fcf56d78340       Options.prefix_extractor: nullptr
2022/02/11-15:51:22.141565 7fcf56d78340   Options.memtable_insert_with_hint_prefix_extractor: nullptr
2022/02/11-15:51:22.141566 7fcf56d78340             Options.num_levels: 7
2022/02/11-15:51:22.141566 7fcf56d78340        Options.min_write_buffer_number_to_merge: 1
2022/02/11-15:51:22.141567 7fcf56d78340     Options.max_write_buffer_number_to_maintain: 0
2022/02/11-15:51:22.141567 7fcf56d78340     Options.max_write_buffer_size_to_maintain: 0
2022/02/11-15:51:22.141568 7fcf56d78340            Options.bottommost_compression_opts.window_bits: -14
2022/02/11-15:51:22.141568 7fcf56d78340                  Options.bottommost_compression_opts.level: 32767
2022/02/11-15:51:22.141569 7fcf56d78340               Options.bottommost_compression_opts.strategy: 0
2022/02/11-15:51:22.141569 7fcf56d78340         Options.bottommost_compression_opts.max_dict_bytes: 0
2022/02/11-15:51:22.141570 7fcf56d78340         Options.bottommost_compression_opts.zstd_max_train_bytes: 0
2022/02/11-15:51:22.141570 7fcf56d78340         Options.bottommost_compression_opts.parallel_threads: 1
2022/02/11-15:51:22.141571 7fcf56d78340                  Options.bottommost_compression_opts.enabled: false
2022/02/11-15:51:22.141571 7fcf56d78340         Options.bottommost_compression_opts.max_dict_buffer_bytes: 0
2022/02/11-15:51:22.141572 7fcf56d78340            Options.compression_opts.window_bits: -14
2022/02/11-15:51:22.141572 7fcf56d78340                  Options.compression_opts.level: 32767
2022/02/11-15:51:22.141573 7fcf56d78340               Options.compression_opts.strategy: 0
2022/02/11-15:51:22.141573 7fcf56d78340         Options.compression_opts.max_dict_bytes: 0
2022/02/11-15:51:22.141574 7fcf56d78340         Options.compression_opts.zstd_max_train_bytes: 0
2022/02/11-15:51:22.141574 7fcf56d78340         Options.compression_opts.parallel_threads: 1
2022/02/11-15:51:22.141575 7fcf56d78340                  Options.compression_opts.enabled: false
2022/02/11-15:51:22.141575 7fcf56d78340         Options.compression_opts.max_dict_buffer_bytes: 0
2022/02/11-15:51:22.141576 7fcf56d78340      Options.level0_file_num_compaction_trigger: 4
2022/02/11-15:51:22.141576 7fcf56d78340          Options.level0_slowdown_writes_trigger: 20
2022/02/11-15:51:22.141577 7fcf56d78340              Options.level0_stop_writes_trigger: 36
2022/02/11-15:51:22.141577 7fcf56d78340                   Options.target_file_size_base: 67108864
2022/02/11-15:51:22.141578 7fcf56d78340             Options.target_file_size_multiplier: 1
2022/02/11-15:51:22.141578 7fcf56d78340                Options.max_bytes_for_level_base: 268435456
2022/02/11-15:51:22.141579 7fcf56d78340 Options.level_compaction_dynamic_level_bytes: 0
2022/02/11-15:51:22.141582 7fcf56d78340          Options.max_bytes_for_level_multiplier: 10.000000
2022/02/11-15:51:22.141583 7fcf56d78340 Options.max_bytes_for_level_multiplier_addtl[0]: 1
2022/02/11-15:51:22.141583 7fcf56d78340 Options.max_bytes_for_level_multiplier_addtl[1]: 1
2022/02/11-15:51:22.141584 7fcf56d78340 Options.max_bytes_for_level_multiplier_addtl[2]: 1
2022/02/11-15:51:22.141584 7fcf56d78340 Options.max_bytes_for_level_multiplier_addtl[3]: 1
2022/02/11-15:51:22.141585 7fcf56d78340 Options.max_bytes_for_level_multiplier_addtl[4]: 1
2022/02/11-15:51:22.141585 7fcf56d78340 Options.max_bytes_for_level_multiplier_addtl[5]: 1
2022/02/11-15:51:22.141586 7fcf56d78340 Options.max_bytes_for_level_multiplier_addtl[6]: 1
2022/02/11-15:51:22.141586 7fcf56d78340       Options.max_sequential_skip_in_iterations: 8
2022/02/11-15:51:22.141587 7fcf56d78340                    Options.max_compaction_bytes: 1677721600
2022/02/11-15:51:22.141587 7fcf56d78340                        Options.arena_block_size: 8388608
2022/02/11-15:51:22.141588 7fcf56d78340   Options.soft_pending_compaction_bytes_limit: 68719476736
2022/02/11-15:51:22.141588 7fcf56d78340   Options.hard_pending_compaction_bytes_limit: 274877906944
2022/02/11-15:51:22.141589 7fcf56d78340       Options.rate_limit_delay_max_milliseconds: 100
2022/02/11-15:51:22.141589 7fcf56d78340                Options.disable_auto_compactions: 0
2022/02/11-15:51:22.141590 7fcf56d78340                        Options.compaction_style: kCompactionStyleLevel
2022/02/11-15:51:22.141590 7fcf56d78340                          Options.compaction_pri: kMinOverlappingRatio
2022/02/11-15:51:22.141591 7fcf56d78340 Options.compaction_options_universal.size_ratio: 1
2022/02/11-15:51:22.141592 7fcf56d78340 Options.compaction_options_universal.min_merge_width: 2
2022/02/11-15:51:22.141592 7fcf56d78340 Options.compaction_options_universal.max_merge_width: 4294967295
2022/02/11-15:51:22.141593 7fcf56d78340 Options.compaction_options_universal.max_size_amplification_percent: 200
2022/02/11-15:51:22.141593 7fcf56d78340 Options.compaction_options_universal.compression_size_percent: -1
2022/02/11-15:51:22.141594 7fcf56d78340 Options.compaction_options_universal.stop_style: kCompactionStopStyleTotalSize
2022/02/11-15:51:22.141594 7fcf56d78340 Options.compaction_options_fifo.max_table_files_size: 1073741824
2022/02/11-15:51:22.141595 7fcf56d78340 Options.compaction_options_fifo.allow_compaction: 0
2022/02/11-15:51:22.141596 7fcf56d78340                   Options.table_properties_collectors: 
2022/02/11-15:51:22.141597 7fcf56d78340                   Options.inplace_update_support: 0
2022/02/11-15:51:22.141597 7fcf56d78340                 Options.inplace_update_num_locks: 10000
2022/02/11-15:51:22.141598 7fcf56d78340               Options.memtable_prefix_bloom_size_ratio: 0.000000
2022/02/11-15:51:22.141598 7fcf56d78340               Options.memtable_whole_key_filtering: 0
2022/02/11-15:51:22.141599 7fcf56d78340   Options.memtable_huge_page_size: 0
2022/02/11-15:51:22.141599 7fcf56d78340                           Options.bloom_locality: 0
2022/02/11-15:51:22.141600 7fcf56d78340                    Options.max_successive_merges: 0
2022/02/11-15:51:22.141600 7fcf56d78340                Options.optimize_filters_for_hits: 0
2022/02/11-15:51:22.141601 7fcf56d78340                Options.paranoid_file_checks: 0
2022/02/11-15:51:22.141601 7fcf56d78340                Options.force_consistency_checks: 1
2022/02/11-15:51:22.141601 7fcf56d78340                Options.report_bg_io_stats: 0
2022/02/11-15:51:22.141602 7fcf56d78340                               Options.ttl: 2592000
2022/02/11-15:51:22.141602 7fcf56d78340          Options.periodic_compaction_seconds: 0
2022/02/11-15:51:22.141603 7fcf56d78340                    Options.enable_blob_files: false
2022/02/11-15:51:22.141603 7fcf56d78340                        Options.min_blob_size: 0
2022/02/11-15:51:22.141604 7fcf56d78340                       Options.blob_file_size: 268435456
2022/02/11-15:51:22.141604 7fcf56d78340                Options.blob_compression_type: NoCompression
2022/02/11-15:51:22.141609 7fcf56d78340       Options.enable_blob_garbage_collection: false
2022/02/11-15:51:22.141610 7fcf56d78340   Options.blob_garbage_collection_age_cutoff: 0.250000
2022/02/11-15:51:22.141627 7fcf56d78340 [db/column_family.cc:596] --------------- Options for column family [object_certs]:
2022/02/11-15:51:22.141628 7fcf56d78340               Options.comparator: leveldb.BytewiseComparator
2022/02/11-15:51:22.141628 7fcf56d78340           Options.merge_operator: None
2022/02/11-15:51:22.141629 7fcf56d78340        Options.compaction_filter: None
2022/02/11-15:51:22.141629 7fcf56d78340        Options.compaction_filter_factory: None
2022/02/11-15:51:22.141630 7fcf56d78340  Options.sst_partitioner_factory: None
2022/02/11-15:51:22.141630 7fcf56d78340         Options.memtable_factory: SkipListFactory
2022/02/11-15:51:22.141631 7fcf56d78340            Options.table_factory: BlockBasedTable
2022/02/11-15:51:22.141640 7fcf56d78340            table_factory options:   flush_block_policy_factory: FlushBlockBySizePolicyFactory (0x561d57988530)
  cache_index_and_filter_blocks: 0
  cache_index_and_filter_blocks_with_high_priority: 1
  pin_l0_filter_and_index_blocks_in_cache: 0
  pin_top_level_index_and_filter: 1
  index_type: 0
  data_block_index_type: 0
  index_shortening: 1
  data_block_hash_table_util_ratio: 0.750000
  hash_index_allow_collision: 1
  checksum: 1
  no_block_cache: 0
  block_cache: 0x561d57a4a560
  block_cache_name: LRUCache
  block_cache_options:
    capacity : 8388608
    num_shard_bits : 4
    strict_capacity_limit : 0
    memory_allocator : None
    high_pri_pool_ratio: 0.000
  block_cache_compressed: (nil)
  persistent_cache: (nil)
  block_size: 4096
  block_size_deviation: 10
  block_restart_interval: 16
  index_block_restart_interval: 1
  metadata_block_size: 4096
  partition_filters: 0
  use_delta_encoding: 1
  filter_policy: nullptr
  whole_key_filtering: 1
  verify_compression: 0
  read_amp_bytes_per_bit: 0
  format_version: 5
  enable_index_compression: 1
  block_align: 0
2022/02/11-15:51:22.141640 7fcf56d78340        Options.write_buffer_size: 67108864
2022/02/11-15:51:22.141641 7fcf56d78340  Options.max_write_buffer_number: 2
2022/02/11-15:51:22.141642 7fcf56d78340          Options.compression: Snappy
2022/02/11-15:51:22.141642 7fcf56d78340                  Options.bottommost_compression: Disabled
2022/02/11-15:51:22.141642 7fcf56d78340       Options.prefix_extractor: nullptr
2022/02/11-15:51:22.141643 7fcf56d78340   Options.memtable_insert_with_hint_prefix_extractor: nullptr
2022/02/11-15:51:22.141643 7fcf56d78340             Options.num_levels: 7
2022/02/11-15:51:22.141644 7fcf56d78340        Options.min_write_buffer_number_to_merge: 1
2022/02/11-15:51:22.141644 7fcf56d78340     Options.max_write_buffer_number_to_maintain: 0
2022/02/11-15:51:22.141645 7fcf56d78340     Options.max_write_buffer_size_to_maintain: 0
2022/02/11-15:51:22.141645 7fcf56d78340            Options.bottommost_compression_opts.window_bits: -14
