2022/02/11-15:32:40.057323 7feacc4dd340 RocksDB version: 6.20.3
2022/02/11-15:32:40.057336 7feacc4dd340 Git sha 8608d75d85f8e1b3b64b73a4fb6d19baec61ba5c
2022/02/11-15:32:40.057337 7feacc4dd340 Compile date 2021-05-05 20:35:30
2022/02/11-15:32:40.057364 7feacc4dd340 DB SUMMARY
2022/02/11-15:32:40.057365 7feacc4dd340 DB Session ID:  CKVHCXR5WT13HRHDMT56
2022/02/11-15:32:40.057379 7feacc4dd340 CURRENT file:  CURRENT
2022/02/11-15:32:40.057380 7feacc4dd340 IDENTITY file:  IDENTITY
2022/02/11-15:32:40.057382 7feacc4dd340 MANIFEST file:  MANIFEST-000076 size: 907 Bytes
2022/02/11-15:32:40.057383 7feacc4dd340 SST files in ./client_db/k#a9eff1f7749e371e164b559237dd14d97858afc965262b6e2bebc05594188d1a dir, Total Num: 0, files: 
2022/02/11-15:32:40.057384 7feacc4dd340 Write Ahead Log file in ./client_db/k#a9eff1f7749e371e164b559237dd14d97858afc965262b6e2bebc05594188d1a: 000077.log size: 810 ; 
2022/02/11-15:32:40.057386 7feacc4dd340                         Options.error_if_exists: 0
2022/02/11-15:32:40.057387 7feacc4dd340                       Options.create_if_missing: 1
2022/02/11-15:32:40.057387 7feacc4dd340                         Options.paranoid_checks: 1
2022/02/11-15:32:40.057388 7feacc4dd340                               Options.track_and_verify_wals_in_manifest: 0
2022/02/11-15:32:40.057389 7feacc4dd340                                     Options.env: 0x5639e2dfa420
2022/02/11-15:32:40.057390 7feacc4dd340                                      Options.fs: Posix File System
2022/02/11-15:32:40.057390 7feacc4dd340                                Options.info_log: 0x5639e38e9c70
2022/02/11-15:32:40.057391 7feacc4dd340                Options.max_file_opening_threads: 16
2022/02/11-15:32:40.057392 7feacc4dd340                              Options.statistics: (nil)
2022/02/11-15:32:40.057393 7feacc4dd340                               Options.use_fsync: 0
2022/02/11-15:32:40.057393 7feacc4dd340                       Options.max_log_file_size: 0
2022/02/11-15:32:40.057394 7feacc4dd340                  Options.max_manifest_file_size: 1073741824
2022/02/11-15:32:40.057395 7feacc4dd340                   Options.log_file_time_to_roll: 0
2022/02/11-15:32:40.057396 7feacc4dd340                       Options.keep_log_file_num: 1000
2022/02/11-15:32:40.057396 7feacc4dd340                    Options.recycle_log_file_num: 0
2022/02/11-15:32:40.057397 7feacc4dd340                         Options.allow_fallocate: 1
2022/02/11-15:32:40.057398 7feacc4dd340                        Options.allow_mmap_reads: 0
2022/02/11-15:32:40.057398 7feacc4dd340                       Options.allow_mmap_writes: 0
2022/02/11-15:32:40.057399 7feacc4dd340                        Options.use_direct_reads: 0
2022/02/11-15:32:40.057399 7feacc4dd340                        Options.use_direct_io_for_flush_and_compaction: 0
2022/02/11-15:32:40.057400 7feacc4dd340          Options.create_missing_column_families: 1
2022/02/11-15:32:40.057401 7feacc4dd340                              Options.db_log_dir: 
2022/02/11-15:32:40.057401 7feacc4dd340                                 Options.wal_dir: ./client_db/k#a9eff1f7749e371e164b559237dd14d97858afc965262b6e2bebc05594188d1a
2022/02/11-15:32:40.057402 7feacc4dd340                Options.table_cache_numshardbits: 6
2022/02/11-15:32:40.057403 7feacc4dd340                         Options.WAL_ttl_seconds: 0
2022/02/11-15:32:40.057403 7feacc4dd340                       Options.WAL_size_limit_MB: 0
2022/02/11-15:32:40.057404 7feacc4dd340                        Options.max_write_batch_group_size_bytes: 1048576
2022/02/11-15:32:40.057405 7feacc4dd340             Options.manifest_preallocation_size: 4194304
2022/02/11-15:32:40.057405 7feacc4dd340                     Options.is_fd_close_on_exec: 1
2022/02/11-15:32:40.057406 7feacc4dd340                   Options.advise_random_on_open: 1
2022/02/11-15:32:40.057407 7feacc4dd340                    Options.db_write_buffer_size: 0
2022/02/11-15:32:40.057407 7feacc4dd340                    Options.write_buffer_manager: 0x5639e37ce370
2022/02/11-15:32:40.057408 7feacc4dd340         Options.access_hint_on_compaction_start: 1
2022/02/11-15:32:40.057409 7feacc4dd340  Options.new_table_reader_for_compaction_inputs: 0
2022/02/11-15:32:40.057414 7feacc4dd340           Options.random_access_max_buffer_size: 1048576
2022/02/11-15:32:40.057415 7feacc4dd340                      Options.use_adaptive_mutex: 0
2022/02/11-15:32:40.057416 7feacc4dd340                            Options.rate_limiter: (nil)
2022/02/11-15:32:40.057416 7feacc4dd340     Options.sst_file_manager.rate_bytes_per_sec: 0
2022/02/11-15:32:40.057417 7feacc4dd340                       Options.wal_recovery_mode: 2
2022/02/11-15:32:40.057418 7feacc4dd340                  Options.enable_thread_tracking: 0
2022/02/11-15:32:40.057418 7feacc4dd340                  Options.enable_pipelined_write: 0
2022/02/11-15:32:40.057419 7feacc4dd340                  Options.unordered_write: 0
2022/02/11-15:32:40.057420 7feacc4dd340         Options.allow_concurrent_memtable_write: 1
2022/02/11-15:32:40.057420 7feacc4dd340      Options.enable_write_thread_adaptive_yield: 1
2022/02/11-15:32:40.057421 7feacc4dd340             Options.write_thread_max_yield_usec: 100
2022/02/11-15:32:40.057422 7feacc4dd340            Options.write_thread_slow_yield_usec: 3
2022/02/11-15:32:40.057422 7feacc4dd340                               Options.row_cache: None
2022/02/11-15:32:40.057423 7feacc4dd340                              Options.wal_filter: None
2022/02/11-15:32:40.057423 7feacc4dd340             Options.avoid_flush_during_recovery: 0
2022/02/11-15:32:40.057424 7feacc4dd340             Options.allow_ingest_behind: 0
2022/02/11-15:32:40.057425 7feacc4dd340             Options.preserve_deletes: 0
2022/02/11-15:32:40.057425 7feacc4dd340             Options.two_write_queues: 0
2022/02/11-15:32:40.057426 7feacc4dd340             Options.manual_wal_flush: 0
2022/02/11-15:32:40.057426 7feacc4dd340             Options.atomic_flush: 0
2022/02/11-15:32:40.057427 7feacc4dd340             Options.avoid_unnecessary_blocking_io: 0
2022/02/11-15:32:40.057428 7feacc4dd340                 Options.persist_stats_to_disk: 0
2022/02/11-15:32:40.057428 7feacc4dd340                 Options.write_dbid_to_manifest: 0
2022/02/11-15:32:40.057429 7feacc4dd340                 Options.log_readahead_size: 0
2022/02/11-15:32:40.057430 7feacc4dd340                 Options.file_checksum_gen_factory: Unknown
2022/02/11-15:32:40.057430 7feacc4dd340                 Options.best_efforts_recovery: 0
2022/02/11-15:32:40.057431 7feacc4dd340                Options.max_bgerror_resume_count: 2147483647
2022/02/11-15:32:40.057432 7feacc4dd340            Options.bgerror_resume_retry_interval: 1000000
2022/02/11-15:32:40.057432 7feacc4dd340             Options.allow_data_in_errors: 0
2022/02/11-15:32:40.057433 7feacc4dd340             Options.db_host_id: __hostname__
2022/02/11-15:32:40.057433 7feacc4dd340             Options.max_background_jobs: 2
2022/02/11-15:32:40.057434 7feacc4dd340             Options.max_background_compactions: -1
2022/02/11-15:32:40.057435 7feacc4dd340             Options.max_subcompactions: 1
2022/02/11-15:32:40.057435 7feacc4dd340             Options.avoid_flush_during_shutdown: 0
2022/02/11-15:32:40.057436 7feacc4dd340           Options.writable_file_max_buffer_size: 1048576
2022/02/11-15:32:40.057437 7feacc4dd340             Options.delayed_write_rate : 16777216
2022/02/11-15:32:40.057437 7feacc4dd340             Options.max_total_wal_size: 0
2022/02/11-15:32:40.057438 7feacc4dd340             Options.delete_obsolete_files_period_micros: 21600000000
2022/02/11-15:32:40.057439 7feacc4dd340                   Options.stats_dump_period_sec: 600
2022/02/11-15:32:40.057439 7feacc4dd340                 Options.stats_persist_period_sec: 600
2022/02/11-15:32:40.057440 7feacc4dd340                 Options.stats_history_buffer_size: 1048576
2022/02/11-15:32:40.057441 7feacc4dd340                          Options.max_open_files: -1
2022/02/11-15:32:40.057441 7feacc4dd340                          Options.bytes_per_sync: 0
2022/02/11-15:32:40.057442 7feacc4dd340                      Options.wal_bytes_per_sync: 0
2022/02/11-15:32:40.057443 7feacc4dd340                   Options.strict_bytes_per_sync: 0
2022/02/11-15:32:40.057446 7feacc4dd340       Options.compaction_readahead_size: 0
2022/02/11-15:32:40.057447 7feacc4dd340                  Options.max_background_flushes: -1
2022/02/11-15:32:40.057448 7feacc4dd340 Compression algorithms supported:
2022/02/11-15:32:40.057449 7feacc4dd340 	kZSTDNotFinalCompression supported: 1
2022/02/11-15:32:40.057450 7feacc4dd340 	kZSTD supported: 1
2022/02/11-15:32:40.057450 7feacc4dd340 	kXpressCompression supported: 0
2022/02/11-15:32:40.057451 7feacc4dd340 	kLZ4HCCompression supported: 1
2022/02/11-15:32:40.057452 7feacc4dd340 	kLZ4Compression supported: 1
2022/02/11-15:32:40.057452 7feacc4dd340 	kBZip2Compression supported: 1
2022/02/11-15:32:40.057453 7feacc4dd340 	kZlibCompression supported: 1
2022/02/11-15:32:40.057454 7feacc4dd340 	kSnappyCompression supported: 1
2022/02/11-15:32:40.057455 7feacc4dd340 Fast CRC32 supported: Not supported on x86
2022/02/11-15:32:40.057477 7feacc4dd340 [db/version_set.cc:4626] Recovering from manifest file: ./client_db/k#a9eff1f7749e371e164b559237dd14d97858afc965262b6e2bebc05594188d1a/MANIFEST-000076
2022/02/11-15:32:40.057596 7feacc4dd340 [db/column_family.cc:596] --------------- Options for column family [default]:
2022/02/11-15:32:40.057599 7feacc4dd340               Options.comparator: leveldb.BytewiseComparator
2022/02/11-15:32:40.057600 7feacc4dd340           Options.merge_operator: None
2022/02/11-15:32:40.057600 7feacc4dd340        Options.compaction_filter: None
2022/02/11-15:32:40.057601 7feacc4dd340        Options.compaction_filter_factory: None
2022/02/11-15:32:40.057602 7feacc4dd340  Options.sst_partitioner_factory: None
2022/02/11-15:32:40.057602 7feacc4dd340         Options.memtable_factory: SkipListFactory
2022/02/11-15:32:40.057603 7feacc4dd340            Options.table_factory: BlockBasedTable
2022/02/11-15:32:40.057622 7feacc4dd340            table_factory options:   flush_block_policy_factory: FlushBlockBySizePolicyFactory (0x5639e386d8f0)
  cache_index_and_filter_blocks: 0
  cache_index_and_filter_blocks_with_high_priority: 1
  pin_l0_filter_and_index_blocks_in_cache: 0
  pin_top_level_index_and_filter: 1
  index_type: 0
  data_block_index_type: 0
  index_shortening: 1
  data_block_hash_table_util_ratio: 0.750000
  hash_index_allow_collision: 1
  checksum: 1
  no_block_cache: 0
  block_cache: 0x5639e39e29c0
  block_cache_name: LRUCache
  block_cache_options:
    capacity : 8388608
    num_shard_bits : 4
    strict_capacity_limit : 0
    memory_allocator : None
    high_pri_pool_ratio: 0.000
  block_cache_compressed: (nil)
  persistent_cache: (nil)
  block_size: 4096
  block_size_deviation: 10
  block_restart_interval: 16
  index_block_restart_interval: 1
  metadata_block_size: 4096
  partition_filters: 0
  use_delta_encoding: 1
  filter_policy: nullptr
  whole_key_filtering: 1
  verify_compression: 0
  read_amp_bytes_per_bit: 0
  format_version: 5
  enable_index_compression: 1
  block_align: 0
2022/02/11-15:32:40.057623 7feacc4dd340        Options.write_buffer_size: 67108864
2022/02/11-15:32:40.057624 7feacc4dd340  Options.max_write_buffer_number: 2
2022/02/11-15:32:40.057624 7feacc4dd340          Options.compression: Snappy
2022/02/11-15:32:40.057625 7feacc4dd340                  Options.bottommost_compression: Disabled
2022/02/11-15:32:40.057626 7feacc4dd340       Options.prefix_extractor: nullptr
2022/02/11-15:32:40.057626 7feacc4dd340   Options.memtable_insert_with_hint_prefix_extractor: nullptr
2022/02/11-15:32:40.057627 7feacc4dd340             Options.num_levels: 7
2022/02/11-15:32:40.057627 7feacc4dd340        Options.min_write_buffer_number_to_merge: 1
2022/02/11-15:32:40.057628 7feacc4dd340     Options.max_write_buffer_number_to_maintain: 0
2022/02/11-15:32:40.057628 7feacc4dd340     Options.max_write_buffer_size_to_maintain: 0
2022/02/11-15:32:40.057629 7feacc4dd340            Options.bottommost_compression_opts.window_bits: -14
2022/02/11-15:32:40.057630 7feacc4dd340                  Options.bottommost_compression_opts.level: 32767
2022/02/11-15:32:40.057630 7feacc4dd340               Options.bottommost_compression_opts.strategy: 0
2022/02/11-15:32:40.057638 7feacc4dd340         Options.bottommost_compression_opts.max_dict_bytes: 0
2022/02/11-15:32:40.057639 7feacc4dd340         Options.bottommost_compression_opts.zstd_max_train_bytes: 0
2022/02/11-15:32:40.057640 7feacc4dd340         Options.bottommost_compression_opts.parallel_threads: 1
2022/02/11-15:32:40.057640 7feacc4dd340                  Options.bottommost_compression_opts.enabled: false
2022/02/11-15:32:40.057641 7feacc4dd340         Options.bottommost_compression_opts.max_dict_buffer_bytes: 0
2022/02/11-15:32:40.057641 7feacc4dd340            Options.compression_opts.window_bits: -14
2022/02/11-15:32:40.057642 7feacc4dd340                  Options.compression_opts.level: 32767
2022/02/11-15:32:40.057643 7feacc4dd340               Options.compression_opts.strategy: 0
2022/02/11-15:32:40.057643 7feacc4dd340         Options.compression_opts.max_dict_bytes: 0
2022/02/11-15:32:40.057644 7feacc4dd340         Options.compression_opts.zstd_max_train_bytes: 0
2022/02/11-15:32:40.057644 7feacc4dd340         Options.compression_opts.parallel_threads: 1
2022/02/11-15:32:40.057645 7feacc4dd340                  Options.compression_opts.enabled: false
2022/02/11-15:32:40.057645 7feacc4dd340         Options.compression_opts.max_dict_buffer_bytes: 0
2022/02/11-15:32:40.057646 7feacc4dd340      Options.level0_file_num_compaction_trigger: 4
2022/02/11-15:32:40.057646 7feacc4dd340          Options.level0_slowdown_writes_trigger: 20
2022/02/11-15:32:40.057647 7feacc4dd340              Options.level0_stop_writes_trigger: 36
2022/02/11-15:32:40.057648 7feacc4dd340                   Options.target_file_size_base: 67108864
2022/02/11-15:32:40.057648 7feacc4dd340             Options.target_file_size_multiplier: 1
2022/02/11-15:32:40.057649 7feacc4dd340                Options.max_bytes_for_level_base: 268435456
2022/02/11-15:32:40.057649 7feacc4dd340 Options.level_compaction_dynamic_level_bytes: 0
2022/02/11-15:32:40.057650 7feacc4dd340          Options.max_bytes_for_level_multiplier: 10.000000
2022/02/11-15:32:40.057652 7feacc4dd340 Options.max_bytes_for_level_multiplier_addtl[0]: 1
2022/02/11-15:32:40.057654 7feacc4dd340 Options.max_bytes_for_level_multiplier_addtl[1]: 1
2022/02/11-15:32:40.057655 7feacc4dd340 Options.max_bytes_for_level_multiplier_addtl[2]: 1
2022/02/11-15:32:40.057656 7feacc4dd340 Options.max_bytes_for_level_multiplier_addtl[3]: 1
2022/02/11-15:32:40.057657 7feacc4dd340 Options.max_bytes_for_level_multiplier_addtl[4]: 1
2022/02/11-15:32:40.057658 7feacc4dd340 Options.max_bytes_for_level_multiplier_addtl[5]: 1
2022/02/11-15:32:40.057659 7feacc4dd340 Options.max_bytes_for_level_multiplier_addtl[6]: 1
2022/02/11-15:32:40.057660 7feacc4dd340       Options.max_sequential_skip_in_iterations: 8
2022/02/11-15:32:40.057661 7feacc4dd340                    Options.max_compaction_bytes: 1677721600
2022/02/11-15:32:40.057662 7feacc4dd340                        Options.arena_block_size: 8388608
2022/02/11-15:32:40.057663 7feacc4dd340   Options.soft_pending_compaction_bytes_limit: 68719476736
2022/02/11-15:32:40.057663 7feacc4dd340   Options.hard_pending_compaction_bytes_limit: 274877906944
2022/02/11-15:32:40.057664 7feacc4dd340       Options.rate_limit_delay_max_milliseconds: 100
2022/02/11-15:32:40.057665 7feacc4dd340                Options.disable_auto_compactions: 0
2022/02/11-15:32:40.057667 7feacc4dd340                        Options.compaction_style: kCompactionStyleLevel
2022/02/11-15:32:40.057668 7feacc4dd340                          Options.compaction_pri: kMinOverlappingRatio
2022/02/11-15:32:40.057669 7feacc4dd340 Options.compaction_options_universal.size_ratio: 1
2022/02/11-15:32:40.057670 7feacc4dd340 Options.compaction_options_universal.min_merge_width: 2
2022/02/11-15:32:40.057670 7feacc4dd340 Options.compaction_options_universal.max_merge_width: 4294967295
2022/02/11-15:32:40.057671 7feacc4dd340 Options.compaction_options_universal.max_size_amplification_percent: 200
2022/02/11-15:32:40.057672 7feacc4dd340 Options.compaction_options_universal.compression_size_percent: -1
2022/02/11-15:32:40.057681 7feacc4dd340 Options.compaction_options_universal.stop_style: kCompactionStopStyleTotalSize
2022/02/11-15:32:40.057682 7feacc4dd340 Options.compaction_options_fifo.max_table_files_size: 1073741824
2022/02/11-15:32:40.057683 7feacc4dd340 Options.compaction_options_fifo.allow_compaction: 0
2022/02/11-15:32:40.057690 7feacc4dd340                   Options.table_properties_collectors: 
2022/02/11-15:32:40.057691 7feacc4dd340                   Options.inplace_update_support: 0
2022/02/11-15:32:40.057692 7feacc4dd340                 Options.inplace_update_num_locks: 10000
2022/02/11-15:32:40.057693 7feacc4dd340               Options.memtable_prefix_bloom_size_ratio: 0.000000
2022/02/11-15:32:40.057694 7feacc4dd340               Options.memtable_whole_key_filtering: 0
2022/02/11-15:32:40.057696 7feacc4dd340   Options.memtable_huge_page_size: 0
2022/02/11-15:32:40.057696 7feacc4dd340                           Options.bloom_locality: 0
2022/02/11-15:32:40.057697 7feacc4dd340                    Options.max_successive_merges: 0
2022/02/11-15:32:40.057698 7feacc4dd340                Options.optimize_filters_for_hits: 0
2022/02/11-15:32:40.057699 7feacc4dd340                Options.paranoid_file_checks: 0
2022/02/11-15:32:40.057699 7feacc4dd340                Options.force_consistency_checks: 1
2022/02/11-15:32:40.057700 7feacc4dd340                Options.report_bg_io_stats: 0
2022/02/11-15:32:40.057700 7feacc4dd340                               Options.ttl: 2592000
2022/02/11-15:32:40.057701 7feacc4dd340          Options.periodic_compaction_seconds: 0
2022/02/11-15:32:40.057701 7feacc4dd340                    Options.enable_blob_files: false
2022/02/11-15:32:40.057702 7feacc4dd340                        Options.min_blob_size: 0
2022/02/11-15:32:40.057702 7feacc4dd340                       Options.blob_file_size: 268435456
2022/02/11-15:32:40.057703 7feacc4dd340                Options.blob_compression_type: NoCompression
2022/02/11-15:32:40.057703 7feacc4dd340       Options.enable_blob_garbage_collection: false
2022/02/11-15:32:40.057704 7feacc4dd340   Options.blob_garbage_collection_age_cutoff: 0.250000
2022/02/11-15:32:40.057735 7feacc4dd340 [db/column_family.cc:596] --------------- Options for column family [pending_orders]:
2022/02/11-15:32:40.057736 7feacc4dd340               Options.comparator: leveldb.BytewiseComparator
2022/02/11-15:32:40.057736 7feacc4dd340           Options.merge_operator: None
2022/02/11-15:32:40.057737 7feacc4dd340        Options.compaction_filter: None
2022/02/11-15:32:40.057737 7feacc4dd340        Options.compaction_filter_factory: None
2022/02/11-15:32:40.057738 7feacc4dd340  Options.sst_partitioner_factory: None
2022/02/11-15:32:40.057738 7feacc4dd340         Options.memtable_factory: SkipListFactory
2022/02/11-15:32:40.057738 7feacc4dd340            Options.table_factory: BlockBasedTable
2022/02/11-15:32:40.057749 7feacc4dd340            table_factory options:   flush_block_policy_factory: FlushBlockBySizePolicyFactory (0x5639e37c9740)
  cache_index_and_filter_blocks: 0
  cache_index_and_filter_blocks_with_high_priority: 1
  pin_l0_filter_and_index_blocks_in_cache: 0
  pin_top_level_index_and_filter: 1
  index_type: 0
  data_block_index_type: 0
  index_shortening: 1
  data_block_hash_table_util_ratio: 0.750000
  hash_index_allow_collision: 1
  checksum: 1
  no_block_cache: 0
  block_cache: 0x5639e39ddde0
  block_cache_name: LRUCache
  block_cache_options:
    capacity : 8388608
    num_shard_bits : 4
    strict_capacity_limit : 0
    memory_allocator : None
    high_pri_pool_ratio: 0.000
  block_cache_compressed: (nil)
  persistent_cache: (nil)
  block_size: 4096
  block_size_deviation: 10
  block_restart_interval: 16
  index_block_restart_interval: 1
  metadata_block_size: 4096
  partition_filters: 0
  use_delta_encoding: 1
  filter_policy: nullptr
  whole_key_filtering: 1
  verify_compression: 0
  read_amp_bytes_per_bit: 0
  format_version: 5
  enable_index_compression: 1
  block_align: 0
2022/02/11-15:32:40.057750 7feacc4dd340        Options.write_buffer_size: 67108864
2022/02/11-15:32:40.057754 7feacc4dd340  Options.max_write_buffer_number: 2
2022/02/11-15:32:40.057755 7feacc4dd340          Options.compression: Snappy
2022/02/11-15:32:40.057755 7feacc4dd340                  Options.bottommost_compression: Disabled
2022/02/11-15:32:40.057756 7feacc4dd340       Options.prefix_extractor: nullptr
2022/02/11-15:32:40.057756 7feacc4dd340   Options.memtable_insert_with_hint_prefix_extractor: nullptr
2022/02/11-15:32:40.057757 7feacc4dd340             Options.num_levels: 7
2022/02/11-15:32:40.057757 7feacc4dd340        Options.min_write_buffer_number_to_merge: 1
2022/02/11-15:32:40.057758 7feacc4dd340     Options.max_write_buffer_number_to_maintain: 0
2022/02/11-15:32:40.057758 7feacc4dd340     Options.max_write_buffer_size_to_maintain: 0
2022/02/11-15:32:40.057759 7feacc4dd340            Options.bottommost_compression_opts.window_bits: -14
2022/02/11-15:32:40.057759 7feacc4dd340                  Options.bottommost_compression_opts.level: 32767
2022/02/11-15:32:40.057760 7feacc4dd340               Options.bottommost_compression_opts.strategy: 0
2022/02/11-15:32:40.057760 7feacc4dd340         Options.bottommost_compression_opts.max_dict_bytes: 0
2022/02/11-15:32:40.057761 7feacc4dd340         Options.bottommost_compression_opts.zstd_max_train_bytes: 0
2022/02/11-15:32:40.057761 7feacc4dd340         Options.bottommost_compression_opts.parallel_threads: 1
2022/02/11-15:32:40.057761 7feacc4dd340                  Options.bottommost_compression_opts.enabled: false
2022/02/11-15:32:40.057762 7feacc4dd340         Options.bottommost_compression_opts.max_dict_buffer_bytes: 0
2022/02/11-15:32:40.057762 7feacc4dd340            Options.compression_opts.window_bits: -14
2022/02/11-15:32:40.057763 7feacc4dd340                  Options.compression_opts.level: 32767
2022/02/11-15:32:40.057763 7feacc4dd340               Options.compression_opts.strategy: 0
2022/02/11-15:32:40.057764 7feacc4dd340         Options.compression_opts.max_dict_bytes: 0
2022/02/11-15:32:40.057764 7feacc4dd340         Options.compression_opts.zstd_max_train_bytes: 0
2022/02/11-15:32:40.057765 7feacc4dd340         Options.compression_opts.parallel_threads: 1
2022/02/11-15:32:40.057765 7feacc4dd340                  Options.compression_opts.enabled: false
2022/02/11-15:32:40.057766 7feacc4dd340         Options.compression_opts.max_dict_buffer_bytes: 0
2022/02/11-15:32:40.057766 7feacc4dd340      Options.level0_file_num_compaction_trigger: 4
2022/02/11-15:32:40.057767 7feacc4dd340          Options.level0_slowdown_writes_trigger: 20
2022/02/11-15:32:40.057767 7feacc4dd340              Options.level0_stop_writes_trigger: 36
2022/02/11-15:32:40.057768 7feacc4dd340                   Options.target_file_size_base: 67108864
2022/02/11-15:32:40.057768 7feacc4dd340             Options.target_file_size_multiplier: 1
2022/02/11-15:32:40.057769 7feacc4dd340                Options.max_bytes_for_level_base: 268435456
2022/02/11-15:32:40.057769 7feacc4dd340 Options.level_compaction_dynamic_level_bytes: 0
2022/02/11-15:32:40.057770 7feacc4dd340          Options.max_bytes_for_level_multiplier: 10.000000
2022/02/11-15:32:40.057770 7feacc4dd340 Options.max_bytes_for_level_multiplier_addtl[0]: 1
2022/02/11-15:32:40.057771 7feacc4dd340 Options.max_bytes_for_level_multiplier_addtl[1]: 1
2022/02/11-15:32:40.057771 7feacc4dd340 Options.max_bytes_for_level_multiplier_addtl[2]: 1
2022/02/11-15:32:40.057772 7feacc4dd340 Options.max_bytes_for_level_multiplier_addtl[3]: 1
2022/02/11-15:32:40.057772 7feacc4dd340 Options.max_bytes_for_level_multiplier_addtl[4]: 1
2022/02/11-15:32:40.057773 7feacc4dd340 Options.max_bytes_for_level_multiplier_addtl[5]: 1
2022/02/11-15:32:40.057773 7feacc4dd340 Options.max_bytes_for_level_multiplier_addtl[6]: 1
2022/02/11-15:32:40.057774 7feacc4dd340       Options.max_sequential_skip_in_iterations: 8
2022/02/11-15:32:40.057774 7feacc4dd340                    Options.max_compaction_bytes: 1677721600
2022/02/11-15:32:40.057775 7feacc4dd340                        Options.arena_block_size: 8388608
2022/02/11-15:32:40.057775 7feacc4dd340   Options.soft_pending_compaction_bytes_limit: 68719476736
2022/02/11-15:32:40.057778 7feacc4dd340   Options.hard_pending_compaction_bytes_limit: 274877906944
2022/02/11-15:32:40.057779 7feacc4dd340       Options.rate_limit_delay_max_milliseconds: 100
2022/02/11-15:32:40.057779 7feacc4dd340                Options.disable_auto_compactions: 0
2022/02/11-15:32:40.057780 7feacc4dd340                        Options.compaction_style: kCompactionStyleLevel
2022/02/11-15:32:40.057781 7feacc4dd340                          Options.compaction_pri: kMinOverlappingRatio
2022/02/11-15:32:40.057781 7feacc4dd340 Options.compaction_options_universal.size_ratio: 1
2022/02/11-15:32:40.057782 7feacc4dd340 Options.compaction_options_universal.min_merge_width: 2
2022/02/11-15:32:40.057782 7feacc4dd340 Options.compaction_options_universal.max_merge_width: 4294967295
2022/02/11-15:32:40.057783 7feacc4dd340 Options.compaction_options_universal.max_size_amplification_percent: 200
2022/02/11-15:32:40.057783 7feacc4dd340 Options.compaction_options_universal.compression_size_percent: -1
2022/02/11-15:32:40.057784 7feacc4dd340 Options.compaction_options_universal.stop_style: kCompactionStopStyleTotalSize
2022/02/11-15:32:40.057784 7feacc4dd340 Options.compaction_options_fifo.max_table_files_size: 1073741824
2022/02/11-15:32:40.057785 7feacc4dd340 Options.compaction_options_fifo.allow_compaction: 0
2022/02/11-15:32:40.057786 7feacc4dd340                   Options.table_properties_collectors: 
2022/02/11-15:32:40.057786 7feacc4dd340                   Options.inplace_update_support: 0
2022/02/11-15:32:40.057787 7feacc4dd340                 Options.inplace_update_num_locks: 10000
2022/02/11-15:32:40.057787 7feacc4dd340               Options.memtable_prefix_bloom_size_ratio: 0.000000
2022/02/11-15:32:40.057788 7feacc4dd340               Options.memtable_whole_key_filtering: 0
2022/02/11-15:32:40.057788 7feacc4dd340   Options.memtable_huge_page_size: 0
2022/02/11-15:32:40.057789 7feacc4dd340                           Options.bloom_locality: 0
2022/02/11-15:32:40.057789 7feacc4dd340                    Options.max_successive_merges: 0
2022/02/11-15:32:40.057790 7feacc4dd340                Options.optimize_filters_for_hits: 0
2022/02/11-15:32:40.057790 7feacc4dd340                Options.paranoid_file_checks: 0
2022/02/11-15:32:40.057791 7feacc4dd340                Options.force_consistency_checks: 1
2022/02/11-15:32:40.057791 7feacc4dd340                Options.report_bg_io_stats: 0
2022/02/11-15:32:40.057792 7feacc4dd340                               Options.ttl: 2592000
2022/02/11-15:32:40.057792 7feacc4dd340          Options.periodic_compaction_seconds: 0
2022/02/11-15:32:40.057793 7feacc4dd340                    Options.enable_blob_files: false
2022/02/11-15:32:40.057793 7feacc4dd340                        Options.min_blob_size: 0
2022/02/11-15:32:40.057794 7feacc4dd340                       Options.blob_file_size: 268435456
2022/02/11-15:32:40.057794 7feacc4dd340                Options.blob_compression_type: NoCompression
2022/02/11-15:32:40.057795 7feacc4dd340       Options.enable_blob_garbage_collection: false
2022/02/11-15:32:40.057795 7feacc4dd340   Options.blob_garbage_collection_age_cutoff: 0.250000
2022/02/11-15:32:40.057810 7feacc4dd340 [db/column_family.cc:596] --------------- Options for column family [certificates]:
2022/02/11-15:32:40.057811 7feacc4dd340               Options.comparator: leveldb.BytewiseComparator
2022/02/11-15:32:40.057812 7feacc4dd340           Options.merge_operator: None
2022/02/11-15:32:40.057812 7feacc4dd340        Options.compaction_filter: None
2022/02/11-15:32:40.057812 7feacc4dd340        Options.compaction_filter_factory: None
2022/02/11-15:32:40.057813 7feacc4dd340  Options.sst_partitioner_factory: None
2022/02/11-15:32:40.057813 7feacc4dd340         Options.memtable_factory: SkipListFactory
2022/02/11-15:32:40.057814 7feacc4dd340            Options.table_factory: BlockBasedTable
2022/02/11-15:32:40.057822 7feacc4dd340            table_factory options:   flush_block_policy_factory: FlushBlockBySizePolicyFactory (0x5639e37c6aa0)
  cache_index_and_filter_blocks: 0
  cache_index_and_filter_blocks_with_high_priority: 1
  pin_l0_filter_and_index_blocks_in_cache: 0
  pin_top_level_index_and_filter: 1
  index_type: 0
  data_block_index_type: 0
  index_shortening: 1
  data_block_hash_table_util_ratio: 0.750000
  hash_index_allow_collision: 1
  checksum: 1
  no_block_cache: 0
  block_cache: 0x5639e3904180
  block_cache_name: LRUCache
  block_cache_options:
    capacity : 8388608
    num_shard_bits : 4
    strict_capacity_limit : 0
    memory_allocator : None
    high_pri_pool_ratio: 0.000
  block_cache_compressed: (nil)
  persistent_cache: (nil)
  block_size: 4096
  block_size_deviation: 10
  block_restart_interval: 16
  index_block_restart_interval: 1
  metadata_block_size: 4096
  partition_filters: 0
  use_delta_encoding: 1
  filter_policy: nullptr
  whole_key_filtering: 1
  verify_compression: 0
  read_amp_bytes_per_bit: 0
  format_version: 5
  enable_index_compression: 1
  block_align: 0
2022/02/11-15:32:40.057826 7feacc4dd340        Options.write_buffer_size: 67108864
2022/02/11-15:32:40.057827 7feacc4dd340  Options.max_write_buffer_number: 2
2022/02/11-15:32:40.057827 7feacc4dd340          Options.compression: Snappy
2022/02/11-15:32:40.057828 7feacc4dd340                  Options.bottommost_compression: Disabled
2022/02/11-15:32:40.057828 7feacc4dd340       Options.prefix_extractor: nullptr
2022/02/11-15:32:40.057829 7feacc4dd340   Options.memtable_insert_with_hint_prefix_extractor: nullptr
2022/02/11-15:32:40.057829 7feacc4dd340             Options.num_levels: 7
2022/02/11-15:32:40.057830 7feacc4dd340        Options.min_write_buffer_number_to_merge: 1
2022/02/11-15:32:40.057830 7feacc4dd340     Options.max_write_buffer_number_to_maintain: 0
2022/02/11-15:32:40.057830 7feacc4dd340     Options.max_write_buffer_size_to_maintain: 0
2022/02/11-15:32:40.057831 7feacc4dd340            Options.bottommost_compression_opts.window_bits: -14
2022/02/11-15:32:40.057831 7feacc4dd340                  Options.bottommost_compression_opts.level: 32767
2022/02/11-15:32:40.057832 7feacc4dd340               Options.bottommost_compression_opts.strategy: 0
2022/02/11-15:32:40.057832 7feacc4dd340         Options.bottommost_compression_opts.max_dict_bytes: 0
2022/02/11-15:32:40.057833 7feacc4dd340         Options.bottommost_compression_opts.zstd_max_train_bytes: 0
2022/02/11-15:32:40.057833 7feacc4dd340         Options.bottommost_compression_opts.parallel_threads: 1
2022/02/11-15:32:40.057834 7feacc4dd340                  Options.bottommost_compression_opts.enabled: false
2022/02/11-15:32:40.057834 7feacc4dd340         Options.bottommost_compression_opts.max_dict_buffer_bytes: 0
2022/02/11-15:32:40.057835 7feacc4dd340            Options.compression_opts.window_bits: -14
2022/02/11-15:32:40.057835 7feacc4dd340                  Options.compression_opts.level: 32767
2022/02/11-15:32:40.057836 7feacc4dd340               Options.compression_opts.strategy: 0
2022/02/11-15:32:40.057836 7feacc4dd340         Options.compression_opts.max_dict_bytes: 0
2022/02/11-15:32:40.057837 7feacc4dd340         Options.compression_opts.zstd_max_train_bytes: 0
2022/02/11-15:32:40.057837 7feacc4dd340         Options.compression_opts.parallel_threads: 1
2022/02/11-15:32:40.057838 7feacc4dd340                  Options.compression_opts.enabled: false
2022/02/11-15:32:40.057838 7feacc4dd340         Options.compression_opts.max_dict_buffer_bytes: 0
2022/02/11-15:32:40.057838 7feacc4dd340      Options.level0_file_num_compaction_trigger: 4
2022/02/11-15:32:40.057839 7feacc4dd340          Options.level0_slowdown_writes_trigger: 20
2022/02/11-15:32:40.057839 7feacc4dd340              Options.level0_stop_writes_trigger: 36
2022/02/11-15:32:40.057840 7feacc4dd340                   Options.target_file_size_base: 67108864
2022/02/11-15:32:40.057840 7feacc4dd340             Options.target_file_size_multiplier: 1
2022/02/11-15:32:40.057841 7feacc4dd340                Options.max_bytes_for_level_base: 268435456
2022/02/11-15:32:40.057841 7feacc4dd340 Options.level_compaction_dynamic_level_bytes: 0
2022/02/11-15:32:40.057845 7feacc4dd340          Options.max_bytes_for_level_multiplier: 10.000000
2022/02/11-15:32:40.057846 7feacc4dd340 Options.max_bytes_for_level_multiplier_addtl[0]: 1
2022/02/11-15:32:40.057847 7feacc4dd340 Options.max_bytes_for_level_multiplier_addtl[1]: 1
2022/02/11-15:32:40.057847 7feacc4dd340 Options.max_bytes_for_level_multiplier_addtl[2]: 1
2022/02/11-15:32:40.057848 7feacc4dd340 Options.max_bytes_for_level_multiplier_addtl[3]: 1
2022/02/11-15:32:40.057848 7feacc4dd340 Options.max_bytes_for_level_multiplier_addtl[4]: 1
2022/02/11-15:32:40.057849 7feacc4dd340 Options.max_bytes_for_level_multiplier_addtl[5]: 1
2022/02/11-15:32:40.057849 7feacc4dd340 Options.max_bytes_for_level_multiplier_addtl[6]: 1
2022/02/11-15:32:40.057850 7feacc4dd340       Options.max_sequential_skip_in_iterations: 8
2022/02/11-15:32:40.057850 7feacc4dd340                    Options.max_compaction_bytes: 1677721600
2022/02/11-15:32:40.057851 7feacc4dd340                        Options.arena_block_size: 8388608
2022/02/11-15:32:40.057851 7feacc4dd340   Options.soft_pending_compaction_bytes_limit: 68719476736
2022/02/11-15:32:40.057851 7feacc4dd340   Options.hard_pending_compaction_bytes_limit: 274877906944
2022/02/11-15:32:40.057852 7feacc4dd340       Options.rate_limit_delay_max_milliseconds: 100
2022/02/11-15:32:40.057852 7feacc4dd340                Options.disable_auto_compactions: 0
2022/02/11-15:32:40.057853 7feacc4dd340                        Options.compaction_style: kCompactionStyleLevel
2022/02/11-15:32:40.057853 7feacc4dd340                          Options.compaction_pri: kMinOverlappingRatio
2022/02/11-15:32:40.057854 7feacc4dd340 Options.compaction_options_universal.size_ratio: 1
2022/02/11-15:32:40.057854 7feacc4dd340 Options.compaction_options_universal.min_merge_width: 2
2022/02/11-15:32:40.057855 7feacc4dd340 Options.compaction_options_universal.max_merge_width: 4294967295
2022/02/11-15:32:40.057855 7feacc4dd340 Options.compaction_options_universal.max_size_amplification_percent: 200
2022/02/11-15:32:40.057856 7feacc4dd340 Options.compaction_options_universal.compression_size_percent: -1
2022/02/11-15:32:40.057856 7feacc4dd340 Options.compaction_options_universal.stop_style: kCompactionStopStyleTotalSize
2022/02/11-15:32:40.057857 7feacc4dd340 Options.compaction_options_fifo.max_table_files_size: 1073741824
2022/02/11-15:32:40.057857 7feacc4dd340 Options.compaction_options_fifo.allow_compaction: 0
2022/02/11-15:32:40.057858 7feacc4dd340                   Options.table_properties_collectors: 
2022/02/11-15:32:40.057859 7feacc4dd340                   Options.inplace_update_support: 0
2022/02/11-15:32:40.057859 7feacc4dd340                 Options.inplace_update_num_locks: 10000
2022/02/11-15:32:40.057860 7feacc4dd340               Options.memtable_prefix_bloom_size_ratio: 0.000000
2022/02/11-15:32:40.057860 7feacc4dd340               Options.memtable_whole_key_filtering: 0
2022/02/11-15:32:40.057861 7feacc4dd340   Options.memtable_huge_page_size: 0
2022/02/11-15:32:40.057861 7feacc4dd340                           Options.bloom_locality: 0
2022/02/11-15:32:40.057862 7feacc4dd340                    Options.max_successive_merges: 0
2022/02/11-15:32:40.057862 7feacc4dd340                Options.optimize_filters_for_hits: 0
2022/02/11-15:32:40.057863 7feacc4dd340                Options.paranoid_file_checks: 0
2022/02/11-15:32:40.057863 7feacc4dd340                Options.force_consistency_checks: 1
2022/02/11-15:32:40.057864 7feacc4dd340                Options.report_bg_io_stats: 0
2022/02/11-15:32:40.057864 7feacc4dd340                               Options.ttl: 2592000
2022/02/11-15:32:40.057865 7feacc4dd340          Options.periodic_compaction_seconds: 0
2022/02/11-15:32:40.057865 7feacc4dd340                    Options.enable_blob_files: false
2022/02/11-15:32:40.057866 7feacc4dd340                        Options.min_blob_size: 0
2022/02/11-15:32:40.057866 7feacc4dd340                       Options.blob_file_size: 268435456
2022/02/11-15:32:40.057867 7feacc4dd340                Options.blob_compression_type: NoCompression
2022/02/11-15:32:40.057870 7feacc4dd340       Options.enable_blob_garbage_collection: false
2022/02/11-15:32:40.057870 7feacc4dd340   Options.blob_garbage_collection_age_cutoff: 0.250000
2022/02/11-15:32:40.057890 7feacc4dd340 [db/column_family.cc:596] --------------- Options for column family [object_certs]:
2022/02/11-15:32:40.057891 7feacc4dd340               Options.comparator: leveldb.BytewiseComparator
2022/02/11-15:32:40.057891 7feacc4dd340           Options.merge_operator: None
2022/02/11-15:32:40.057892 7feacc4dd340        Options.compaction_filter: None
2022/02/11-15:32:40.057892 7feacc4dd340        Options.compaction_filter_factory: None
2022/02/11-15:32:40.057893 7feacc4dd340  Options.sst_partitioner_factory: None
2022/02/11-15:32:40.057893 7feacc4dd340         Options.memtable_factory: SkipListFactory
2022/02/11-15:32:40.057894 7feacc4dd340            Options.table_factory: BlockBasedTable
2022/02/11-15:32:40.057902 7feacc4dd340            table_factory options:   flush_block_policy_factory: FlushBlockBySizePolicyFactory (0x5639e38ac800)
  cache_index_and_filter_blocks: 0
  cache_index_and_filter_blocks_with_high_priority: 1
  pin_l0_filter_and_index_blocks_in_cache: 0
  pin_top_level_index_and_filter: 1
  index_type: 0
  data_block_index_type: 0
  index_shortening: 1
  data_block_hash_table_util_ratio: 0.750000
  hash_index_allow_collision: 1
  checksum: 1
  no_block_cache: 0
  block_cache: 0x5639e386dfd0
  block_cache_name: LRUCache
  block_cache_options:
    capacity : 8388608
    num_shard_bits : 4
    strict_capacity_limit : 0
    memory_allocator : None
    high_pri_pool_ratio: 0.000
  block_cache_compressed: (nil)
  persistent_cache: (nil)
  block_size: 4096
  block_size_deviation: 10
  block_restart_interval: 16
  index_block_restart_interval: 1
  metadata_block_size: 4096
  partition_filters: 0
  use_delta_encoding: 1
  filter_policy: nullptr
  whole_key_filtering: 1
  verify_compression: 0
  read_amp_bytes_per_bit: 0
  format_version: 5
  enable_index_compression: 1
  block_align: 0
2022/02/11-15:32:40.057903 7feacc4dd340        Options.write_buffer_size: 67108864
2022/02/11-15:32:40.057903 7feacc4dd340  Options.max_write_buffer_number: 2
2022/02/11-15:32:40.057904 7feacc4dd340          Options.compression: Snappy
2022/02/11-15:32:40.057904 7feacc4dd340                  Options.bottommost_compression: Disabled
2022/02/11-15:32:40.057905 7feacc4dd340       Options.prefix_extractor: nullptr
2022/02/11-15:32:40.057905 7feacc4dd340   Options.memtable_insert_with_hint_prefix_extractor: nullptr
2022/02/11-15:32:40.057906 7feacc4dd340             Options.num_levels: 7
2022/02/11-15:32:40.057906 7feacc4dd340        Options.min_write_buffer_number_to_merge: 1
2022/02/11-15:32:40.057907 7feacc4dd340     Options.max_write_buffer_number_to_maintain: 0
2022/02/11-15:32:40.057907 7feacc4dd340     Options.max_write_buffer_size_to_maintain: 0
2022/02/11-15:32:40.057908 7feacc4dd340            Options.bottommost_compression_opts.window_bits: -14
