2022/02/11-15:32:40.822823 7f40ee4f4340 RocksDB version: 6.20.3
2022/02/11-15:32:40.822851 7f40ee4f4340 Git sha 8608d75d85f8e1b3b64b73a4fb6d19baec61ba5c
2022/02/11-15:32:40.822855 7f40ee4f4340 Compile date 2021-05-05 20:35:30
2022/02/11-15:32:40.822909 7f40ee4f4340 DB SUMMARY
2022/02/11-15:32:40.822911 7f40ee4f4340 DB Session ID:  WEDJPNR1K5ESOBGQTLHG
2022/02/11-15:32:40.822952 7f40ee4f4340 CURRENT file:  CURRENT
2022/02/11-15:32:40.822954 7f40ee4f4340 IDENTITY file:  IDENTITY
2022/02/11-15:32:40.822958 7f40ee4f4340 MANIFEST file:  MANIFEST-000091 size: 907 Bytes
2022/02/11-15:32:40.822961 7f40ee4f4340 SST files in ./client_db/k#a9eff1f7749e371e164b559237dd14d97858afc965262b6e2bebc05594188d1a dir, Total Num: 0, files: 
2022/02/11-15:32:40.822964 7f40ee4f4340 Write Ahead Log file in ./client_db/k#a9eff1f7749e371e164b559237dd14d97858afc965262b6e2bebc05594188d1a: 000092.log size: 810 ; 
2022/02/11-15:32:40.822967 7f40ee4f4340                         Options.error_if_exists: 0
2022/02/11-15:32:40.822969 7f40ee4f4340                       Options.create_if_missing: 1
2022/02/11-15:32:40.822970 7f40ee4f4340                         Options.paranoid_checks: 1
2022/02/11-15:32:40.822971 7f40ee4f4340                               Options.track_and_verify_wals_in_manifest: 0
2022/02/11-15:32:40.822973 7f40ee4f4340                                     Options.env: 0x56248e2e0420
2022/02/11-15:32:40.822975 7f40ee4f4340                                      Options.fs: Posix File System
2022/02/11-15:32:40.822977 7f40ee4f4340                                Options.info_log: 0x56248e8ceab0
2022/02/11-15:32:40.822978 7f40ee4f4340                Options.max_file_opening_threads: 16
2022/02/11-15:32:40.822980 7f40ee4f4340                              Options.statistics: (nil)
2022/02/11-15:32:40.822982 7f40ee4f4340                               Options.use_fsync: 0
2022/02/11-15:32:40.822983 7f40ee4f4340                       Options.max_log_file_size: 0
2022/02/11-15:32:40.822985 7f40ee4f4340                  Options.max_manifest_file_size: 1073741824
2022/02/11-15:32:40.822987 7f40ee4f4340                   Options.log_file_time_to_roll: 0
2022/02/11-15:32:40.822988 7f40ee4f4340                       Options.keep_log_file_num: 1000
2022/02/11-15:32:40.822990 7f40ee4f4340                    Options.recycle_log_file_num: 0
2022/02/11-15:32:40.822991 7f40ee4f4340                         Options.allow_fallocate: 1
2022/02/11-15:32:40.822992 7f40ee4f4340                        Options.allow_mmap_reads: 0
2022/02/11-15:32:40.822994 7f40ee4f4340                       Options.allow_mmap_writes: 0
2022/02/11-15:32:40.822995 7f40ee4f4340                        Options.use_direct_reads: 0
2022/02/11-15:32:40.822997 7f40ee4f4340                        Options.use_direct_io_for_flush_and_compaction: 0
2022/02/11-15:32:40.822998 7f40ee4f4340          Options.create_missing_column_families: 1
2022/02/11-15:32:40.822999 7f40ee4f4340                              Options.db_log_dir: 
2022/02/11-15:32:40.823001 7f40ee4f4340                                 Options.wal_dir: ./client_db/k#a9eff1f7749e371e164b559237dd14d97858afc965262b6e2bebc05594188d1a
2022/02/11-15:32:40.823002 7f40ee4f4340                Options.table_cache_numshardbits: 6
2022/02/11-15:32:40.823004 7f40ee4f4340                         Options.WAL_ttl_seconds: 0
2022/02/11-15:32:40.823005 7f40ee4f4340                       Options.WAL_size_limit_MB: 0
2022/02/11-15:32:40.823007 7f40ee4f4340                        Options.max_write_batch_group_size_bytes: 1048576
2022/02/11-15:32:40.823008 7f40ee4f4340             Options.manifest_preallocation_size: 4194304
2022/02/11-15:32:40.823010 7f40ee4f4340                     Options.is_fd_close_on_exec: 1
2022/02/11-15:32:40.823011 7f40ee4f4340                   Options.advise_random_on_open: 1
2022/02/11-15:32:40.823012 7f40ee4f4340                    Options.db_write_buffer_size: 0
2022/02/11-15:32:40.823014 7f40ee4f4340                    Options.write_buffer_manager: 0x56248e7b2e40
2022/02/11-15:32:40.823015 7f40ee4f4340         Options.access_hint_on_compaction_start: 1
2022/02/11-15:32:40.823017 7f40ee4f4340  Options.new_table_reader_for_compaction_inputs: 0
2022/02/11-15:32:40.823030 7f40ee4f4340           Options.random_access_max_buffer_size: 1048576
2022/02/11-15:32:40.823032 7f40ee4f4340                      Options.use_adaptive_mutex: 0
2022/02/11-15:32:40.823034 7f40ee4f4340                            Options.rate_limiter: (nil)
2022/02/11-15:32:40.823035 7f40ee4f4340     Options.sst_file_manager.rate_bytes_per_sec: 0
2022/02/11-15:32:40.823037 7f40ee4f4340                       Options.wal_recovery_mode: 2
2022/02/11-15:32:40.823038 7f40ee4f4340                  Options.enable_thread_tracking: 0
2022/02/11-15:32:40.823040 7f40ee4f4340                  Options.enable_pipelined_write: 0
2022/02/11-15:32:40.823041 7f40ee4f4340                  Options.unordered_write: 0
2022/02/11-15:32:40.823042 7f40ee4f4340         Options.allow_concurrent_memtable_write: 1
2022/02/11-15:32:40.823044 7f40ee4f4340      Options.enable_write_thread_adaptive_yield: 1
2022/02/11-15:32:40.823045 7f40ee4f4340             Options.write_thread_max_yield_usec: 100
2022/02/11-15:32:40.823047 7f40ee4f4340            Options.write_thread_slow_yield_usec: 3
2022/02/11-15:32:40.823048 7f40ee4f4340                               Options.row_cache: None
2022/02/11-15:32:40.823049 7f40ee4f4340                              Options.wal_filter: None
2022/02/11-15:32:40.823051 7f40ee4f4340             Options.avoid_flush_during_recovery: 0
2022/02/11-15:32:40.823052 7f40ee4f4340             Options.allow_ingest_behind: 0
2022/02/11-15:32:40.823054 7f40ee4f4340             Options.preserve_deletes: 0
2022/02/11-15:32:40.823055 7f40ee4f4340             Options.two_write_queues: 0
2022/02/11-15:32:40.823056 7f40ee4f4340             Options.manual_wal_flush: 0
2022/02/11-15:32:40.823058 7f40ee4f4340             Options.atomic_flush: 0
2022/02/11-15:32:40.823059 7f40ee4f4340             Options.avoid_unnecessary_blocking_io: 0
2022/02/11-15:32:40.823060 7f40ee4f4340                 Options.persist_stats_to_disk: 0
2022/02/11-15:32:40.823062 7f40ee4f4340                 Options.write_dbid_to_manifest: 0
2022/02/11-15:32:40.823063 7f40ee4f4340                 Options.log_readahead_size: 0
2022/02/11-15:32:40.823065 7f40ee4f4340                 Options.file_checksum_gen_factory: Unknown
2022/02/11-15:32:40.823066 7f40ee4f4340                 Options.best_efforts_recovery: 0
2022/02/11-15:32:40.823067 7f40ee4f4340                Options.max_bgerror_resume_count: 2147483647
2022/02/11-15:32:40.823069 7f40ee4f4340            Options.bgerror_resume_retry_interval: 1000000
2022/02/11-15:32:40.823070 7f40ee4f4340             Options.allow_data_in_errors: 0
2022/02/11-15:32:40.823071 7f40ee4f4340             Options.db_host_id: __hostname__
2022/02/11-15:32:40.823073 7f40ee4f4340             Options.max_background_jobs: 2
2022/02/11-15:32:40.823074 7f40ee4f4340             Options.max_background_compactions: -1
2022/02/11-15:32:40.823076 7f40ee4f4340             Options.max_subcompactions: 1
2022/02/11-15:32:40.823077 7f40ee4f4340             Options.avoid_flush_during_shutdown: 0
2022/02/11-15:32:40.823079 7f40ee4f4340           Options.writable_file_max_buffer_size: 1048576
2022/02/11-15:32:40.823080 7f40ee4f4340             Options.delayed_write_rate : 16777216
2022/02/11-15:32:40.823082 7f40ee4f4340             Options.max_total_wal_size: 0
2022/02/11-15:32:40.823083 7f40ee4f4340             Options.delete_obsolete_files_period_micros: 21600000000
2022/02/11-15:32:40.823085 7f40ee4f4340                   Options.stats_dump_period_sec: 600
2022/02/11-15:32:40.823086 7f40ee4f4340                 Options.stats_persist_period_sec: 600
2022/02/11-15:32:40.823088 7f40ee4f4340                 Options.stats_history_buffer_size: 1048576
2022/02/11-15:32:40.823089 7f40ee4f4340                          Options.max_open_files: -1
2022/02/11-15:32:40.823091 7f40ee4f4340                          Options.bytes_per_sync: 0
2022/02/11-15:32:40.823092 7f40ee4f4340                      Options.wal_bytes_per_sync: 0
2022/02/11-15:32:40.823093 7f40ee4f4340                   Options.strict_bytes_per_sync: 0
2022/02/11-15:32:40.823103 7f40ee4f4340       Options.compaction_readahead_size: 0
2022/02/11-15:32:40.823105 7f40ee4f4340                  Options.max_background_flushes: -1
2022/02/11-15:32:40.823106 7f40ee4f4340 Compression algorithms supported:
2022/02/11-15:32:40.823108 7f40ee4f4340 	kZSTDNotFinalCompression supported: 1
2022/02/11-15:32:40.823110 7f40ee4f4340 	kZSTD supported: 1
2022/02/11-15:32:40.823112 7f40ee4f4340 	kXpressCompression supported: 0
2022/02/11-15:32:40.823113 7f40ee4f4340 	kLZ4HCCompression supported: 1
2022/02/11-15:32:40.823115 7f40ee4f4340 	kLZ4Compression supported: 1
2022/02/11-15:32:40.823116 7f40ee4f4340 	kBZip2Compression supported: 1
2022/02/11-15:32:40.823118 7f40ee4f4340 	kZlibCompression supported: 1
2022/02/11-15:32:40.823119 7f40ee4f4340 	kSnappyCompression supported: 1
2022/02/11-15:32:40.823122 7f40ee4f4340 Fast CRC32 supported: Not supported on x86
2022/02/11-15:32:40.823175 7f40ee4f4340 [db/version_set.cc:4626] Recovering from manifest file: ./client_db/k#a9eff1f7749e371e164b559237dd14d97858afc965262b6e2bebc05594188d1a/MANIFEST-000091
2022/02/11-15:32:40.823324 7f40ee4f4340 [db/column_family.cc:596] --------------- Options for column family [default]:
2022/02/11-15:32:40.823328 7f40ee4f4340               Options.comparator: leveldb.BytewiseComparator
2022/02/11-15:32:40.823330 7f40ee4f4340           Options.merge_operator: None
2022/02/11-15:32:40.823331 7f40ee4f4340        Options.compaction_filter: None
2022/02/11-15:32:40.823333 7f40ee4f4340        Options.compaction_filter_factory: None
2022/02/11-15:32:40.823334 7f40ee4f4340  Options.sst_partitioner_factory: None
2022/02/11-15:32:40.823336 7f40ee4f4340         Options.memtable_factory: SkipListFactory
2022/02/11-15:32:40.823337 7f40ee4f4340            Options.table_factory: BlockBasedTable
2022/02/11-15:32:40.823376 7f40ee4f4340            table_factory options:   flush_block_policy_factory: FlushBlockBySizePolicyFactory (0x56248e62f220)
  cache_index_and_filter_blocks: 0
  cache_index_and_filter_blocks_with_high_priority: 1
  pin_l0_filter_and_index_blocks_in_cache: 0
  pin_top_level_index_and_filter: 1
  index_type: 0
  data_block_index_type: 0
  index_shortening: 1
  data_block_hash_table_util_ratio: 0.750000
  hash_index_allow_collision: 1
  checksum: 1
  no_block_cache: 0
  block_cache: 0x56248e721520
  block_cache_name: LRUCache
  block_cache_options:
    capacity : 8388608
    num_shard_bits : 4
    strict_capacity_limit : 0
    memory_allocator : None
    high_pri_pool_ratio: 0.000
  block_cache_compressed: (nil)
  persistent_cache: (nil)
  block_size: 4096
  block_size_deviation: 10
  block_restart_interval: 16
  index_block_restart_interval: 1
  metadata_block_size: 4096
  partition_filters: 0
  use_delta_encoding: 1
  filter_policy: nullptr
  whole_key_filtering: 1
  verify_compression: 0
  read_amp_bytes_per_bit: 0
  format_version: 5
  enable_index_compression: 1
  block_align: 0
2022/02/11-15:32:40.823379 7f40ee4f4340        Options.write_buffer_size: 67108864
2022/02/11-15:32:40.823380 7f40ee4f4340  Options.max_write_buffer_number: 2
2022/02/11-15:32:40.823382 7f40ee4f4340          Options.compression: Snappy
2022/02/11-15:32:40.823383 7f40ee4f4340                  Options.bottommost_compression: Disabled
2022/02/11-15:32:40.823385 7f40ee4f4340       Options.prefix_extractor: nullptr
2022/02/11-15:32:40.823386 7f40ee4f4340   Options.memtable_insert_with_hint_prefix_extractor: nullptr
2022/02/11-15:32:40.823388 7f40ee4f4340             Options.num_levels: 7
2022/02/11-15:32:40.823389 7f40ee4f4340        Options.min_write_buffer_number_to_merge: 1
2022/02/11-15:32:40.823391 7f40ee4f4340     Options.max_write_buffer_number_to_maintain: 0
2022/02/11-15:32:40.823392 7f40ee4f4340     Options.max_write_buffer_size_to_maintain: 0
2022/02/11-15:32:40.823394 7f40ee4f4340            Options.bottommost_compression_opts.window_bits: -14
2022/02/11-15:32:40.823395 7f40ee4f4340                  Options.bottommost_compression_opts.level: 32767
2022/02/11-15:32:40.823397 7f40ee4f4340               Options.bottommost_compression_opts.strategy: 0
2022/02/11-15:32:40.823409 7f40ee4f4340         Options.bottommost_compression_opts.max_dict_bytes: 0
2022/02/11-15:32:40.823411 7f40ee4f4340         Options.bottommost_compression_opts.zstd_max_train_bytes: 0
2022/02/11-15:32:40.823412 7f40ee4f4340         Options.bottommost_compression_opts.parallel_threads: 1
2022/02/11-15:32:40.823414 7f40ee4f4340                  Options.bottommost_compression_opts.enabled: false
2022/02/11-15:32:40.823415 7f40ee4f4340         Options.bottommost_compression_opts.max_dict_buffer_bytes: 0
2022/02/11-15:32:40.823417 7f40ee4f4340            Options.compression_opts.window_bits: -14
2022/02/11-15:32:40.823418 7f40ee4f4340                  Options.compression_opts.level: 32767
2022/02/11-15:32:40.823419 7f40ee4f4340               Options.compression_opts.strategy: 0
2022/02/11-15:32:40.823421 7f40ee4f4340         Options.compression_opts.max_dict_bytes: 0
2022/02/11-15:32:40.823422 7f40ee4f4340         Options.compression_opts.zstd_max_train_bytes: 0
2022/02/11-15:32:40.823423 7f40ee4f4340         Options.compression_opts.parallel_threads: 1
2022/02/11-15:32:40.823425 7f40ee4f4340                  Options.compression_opts.enabled: false
2022/02/11-15:32:40.823426 7f40ee4f4340         Options.compression_opts.max_dict_buffer_bytes: 0
2022/02/11-15:32:40.823428 7f40ee4f4340      Options.level0_file_num_compaction_trigger: 4
2022/02/11-15:32:40.823429 7f40ee4f4340          Options.level0_slowdown_writes_trigger: 20
2022/02/11-15:32:40.823430 7f40ee4f4340              Options.level0_stop_writes_trigger: 36
2022/02/11-15:32:40.823432 7f40ee4f4340                   Options.target_file_size_base: 67108864
2022/02/11-15:32:40.823433 7f40ee4f4340             Options.target_file_size_multiplier: 1
2022/02/11-15:32:40.823435 7f40ee4f4340                Options.max_bytes_for_level_base: 268435456
2022/02/11-15:32:40.823436 7f40ee4f4340 Options.level_compaction_dynamic_level_bytes: 0
2022/02/11-15:32:40.823438 7f40ee4f4340          Options.max_bytes_for_level_multiplier: 10.000000
2022/02/11-15:32:40.823441 7f40ee4f4340 Options.max_bytes_for_level_multiplier_addtl[0]: 1
2022/02/11-15:32:40.823443 7f40ee4f4340 Options.max_bytes_for_level_multiplier_addtl[1]: 1
2022/02/11-15:32:40.823445 7f40ee4f4340 Options.max_bytes_for_level_multiplier_addtl[2]: 1
2022/02/11-15:32:40.823446 7f40ee4f4340 Options.max_bytes_for_level_multiplier_addtl[3]: 1
2022/02/11-15:32:40.823447 7f40ee4f4340 Options.max_bytes_for_level_multiplier_addtl[4]: 1
2022/02/11-15:32:40.823449 7f40ee4f4340 Options.max_bytes_for_level_multiplier_addtl[5]: 1
2022/02/11-15:32:40.823450 7f40ee4f4340 Options.max_bytes_for_level_multiplier_addtl[6]: 1
2022/02/11-15:32:40.823451 7f40ee4f4340       Options.max_sequential_skip_in_iterations: 8
2022/02/11-15:32:40.823453 7f40ee4f4340                    Options.max_compaction_bytes: 1677721600
2022/02/11-15:32:40.823454 7f40ee4f4340                        Options.arena_block_size: 8388608
2022/02/11-15:32:40.823456 7f40ee4f4340   Options.soft_pending_compaction_bytes_limit: 68719476736
2022/02/11-15:32:40.823457 7f40ee4f4340   Options.hard_pending_compaction_bytes_limit: 274877906944
2022/02/11-15:32:40.823459 7f40ee4f4340       Options.rate_limit_delay_max_milliseconds: 100
2022/02/11-15:32:40.823460 7f40ee4f4340                Options.disable_auto_compactions: 0
2022/02/11-15:32:40.823462 7f40ee4f4340                        Options.compaction_style: kCompactionStyleLevel
2022/02/11-15:32:40.823464 7f40ee4f4340                          Options.compaction_pri: kMinOverlappingRatio
2022/02/11-15:32:40.823466 7f40ee4f4340 Options.compaction_options_universal.size_ratio: 1
2022/02/11-15:32:40.823467 7f40ee4f4340 Options.compaction_options_universal.min_merge_width: 2
2022/02/11-15:32:40.823468 7f40ee4f4340 Options.compaction_options_universal.max_merge_width: 4294967295
2022/02/11-15:32:40.823470 7f40ee4f4340 Options.compaction_options_universal.max_size_amplification_percent: 200
2022/02/11-15:32:40.823472 7f40ee4f4340 Options.compaction_options_universal.compression_size_percent: -1
2022/02/11-15:32:40.823481 7f40ee4f4340 Options.compaction_options_universal.stop_style: kCompactionStopStyleTotalSize
2022/02/11-15:32:40.823483 7f40ee4f4340 Options.compaction_options_fifo.max_table_files_size: 1073741824
2022/02/11-15:32:40.823484 7f40ee4f4340 Options.compaction_options_fifo.allow_compaction: 0
2022/02/11-15:32:40.823503 7f40ee4f4340                   Options.table_properties_collectors: 
2022/02/11-15:32:40.823505 7f40ee4f4340                   Options.inplace_update_support: 0
2022/02/11-15:32:40.823506 7f40ee4f4340                 Options.inplace_update_num_locks: 10000
2022/02/11-15:32:40.823507 7f40ee4f4340               Options.memtable_prefix_bloom_size_ratio: 0.000000
2022/02/11-15:32:40.823509 7f40ee4f4340               Options.memtable_whole_key_filtering: 0
2022/02/11-15:32:40.823511 7f40ee4f4340   Options.memtable_huge_page_size: 0
2022/02/11-15:32:40.823512 7f40ee4f4340                           Options.bloom_locality: 0
2022/02/11-15:32:40.823513 7f40ee4f4340                    Options.max_successive_merges: 0
2022/02/11-15:32:40.823515 7f40ee4f4340                Options.optimize_filters_for_hits: 0
2022/02/11-15:32:40.823516 7f40ee4f4340                Options.paranoid_file_checks: 0
2022/02/11-15:32:40.823518 7f40ee4f4340                Options.force_consistency_checks: 1
2022/02/11-15:32:40.823519 7f40ee4f4340                Options.report_bg_io_stats: 0
2022/02/11-15:32:40.823520 7f40ee4f4340                               Options.ttl: 2592000
2022/02/11-15:32:40.823522 7f40ee4f4340          Options.periodic_compaction_seconds: 0
2022/02/11-15:32:40.823523 7f40ee4f4340                    Options.enable_blob_files: false
2022/02/11-15:32:40.823524 7f40ee4f4340                        Options.min_blob_size: 0
2022/02/11-15:32:40.823526 7f40ee4f4340                       Options.blob_file_size: 268435456
2022/02/11-15:32:40.823527 7f40ee4f4340                Options.blob_compression_type: NoCompression
2022/02/11-15:32:40.823529 7f40ee4f4340       Options.enable_blob_garbage_collection: false
2022/02/11-15:32:40.823530 7f40ee4f4340   Options.blob_garbage_collection_age_cutoff: 0.250000
2022/02/11-15:32:40.823581 7f40ee4f4340 [db/column_family.cc:596] --------------- Options for column family [pending_orders]:
2022/02/11-15:32:40.823583 7f40ee4f4340               Options.comparator: leveldb.BytewiseComparator
2022/02/11-15:32:40.823585 7f40ee4f4340           Options.merge_operator: None
2022/02/11-15:32:40.823586 7f40ee4f4340        Options.compaction_filter: None
2022/02/11-15:32:40.823587 7f40ee4f4340        Options.compaction_filter_factory: None
2022/02/11-15:32:40.823589 7f40ee4f4340  Options.sst_partitioner_factory: None
2022/02/11-15:32:40.823590 7f40ee4f4340         Options.memtable_factory: SkipListFactory
2022/02/11-15:32:40.823591 7f40ee4f4340            Options.table_factory: BlockBasedTable
2022/02/11-15:32:40.823622 7f40ee4f4340            table_factory options:   flush_block_policy_factory: FlushBlockBySizePolicyFactory (0x56248e7c3d20)
  cache_index_and_filter_blocks: 0
  cache_index_and_filter_blocks_with_high_priority: 1
  pin_l0_filter_and_index_blocks_in_cache: 0
  pin_top_level_index_and_filter: 1
  index_type: 0
  data_block_index_type: 0
  index_shortening: 1
  data_block_hash_table_util_ratio: 0.750000
  hash_index_allow_collision: 1
  checksum: 1
  no_block_cache: 0
  block_cache: 0x56248e701bb0
  block_cache_name: LRUCache
  block_cache_options:
    capacity : 8388608
    num_shard_bits : 4
    strict_capacity_limit : 0
    memory_allocator : None
    high_pri_pool_ratio: 0.000
  block_cache_compressed: (nil)
  persistent_cache: (nil)
  block_size: 4096
  block_size_deviation: 10
  block_restart_interval: 16
  index_block_restart_interval: 1
  metadata_block_size: 4096
  partition_filters: 0
  use_delta_encoding: 1
  filter_policy: nullptr
  whole_key_filtering: 1
  verify_compression: 0
  read_amp_bytes_per_bit: 0
  format_version: 5
  enable_index_compression: 1
  block_align: 0
2022/02/11-15:32:40.823624 7f40ee4f4340        Options.write_buffer_size: 67108864
2022/02/11-15:32:40.823635 7f40ee4f4340  Options.max_write_buffer_number: 2
2022/02/11-15:32:40.823637 7f40ee4f4340          Options.compression: Snappy
2022/02/11-15:32:40.823638 7f40ee4f4340                  Options.bottommost_compression: Disabled
2022/02/11-15:32:40.823640 7f40ee4f4340       Options.prefix_extractor: nullptr
2022/02/11-15:32:40.823641 7f40ee4f4340   Options.memtable_insert_with_hint_prefix_extractor: nullptr
2022/02/11-15:32:40.823643 7f40ee4f4340             Options.num_levels: 7
2022/02/11-15:32:40.823644 7f40ee4f4340        Options.min_write_buffer_number_to_merge: 1
2022/02/11-15:32:40.823645 7f40ee4f4340     Options.max_write_buffer_number_to_maintain: 0
2022/02/11-15:32:40.823647 7f40ee4f4340     Options.max_write_buffer_size_to_maintain: 0
2022/02/11-15:32:40.823648 7f40ee4f4340            Options.bottommost_compression_opts.window_bits: -14
2022/02/11-15:32:40.823649 7f40ee4f4340                  Options.bottommost_compression_opts.level: 32767
2022/02/11-15:32:40.823651 7f40ee4f4340               Options.bottommost_compression_opts.strategy: 0
2022/02/11-15:32:40.823652 7f40ee4f4340         Options.bottommost_compression_opts.max_dict_bytes: 0
2022/02/11-15:32:40.823653 7f40ee4f4340         Options.bottommost_compression_opts.zstd_max_train_bytes: 0
2022/02/11-15:32:40.823655 7f40ee4f4340         Options.bottommost_compression_opts.parallel_threads: 1
2022/02/11-15:32:40.823656 7f40ee4f4340                  Options.bottommost_compression_opts.enabled: false
2022/02/11-15:32:40.823657 7f40ee4f4340         Options.bottommost_compression_opts.max_dict_buffer_bytes: 0
2022/02/11-15:32:40.823659 7f40ee4f4340            Options.compression_opts.window_bits: -14
2022/02/11-15:32:40.823660 7f40ee4f4340                  Options.compression_opts.level: 32767
2022/02/11-15:32:40.823662 7f40ee4f4340               Options.compression_opts.strategy: 0
2022/02/11-15:32:40.823663 7f40ee4f4340         Options.compression_opts.max_dict_bytes: 0
2022/02/11-15:32:40.823664 7f40ee4f4340         Options.compression_opts.zstd_max_train_bytes: 0
2022/02/11-15:32:40.823666 7f40ee4f4340         Options.compression_opts.parallel_threads: 1
2022/02/11-15:32:40.823667 7f40ee4f4340                  Options.compression_opts.enabled: false
2022/02/11-15:32:40.823668 7f40ee4f4340         Options.compression_opts.max_dict_buffer_bytes: 0
2022/02/11-15:32:40.823670 7f40ee4f4340      Options.level0_file_num_compaction_trigger: 4
2022/02/11-15:32:40.823671 7f40ee4f4340          Options.level0_slowdown_writes_trigger: 20
2022/02/11-15:32:40.823672 7f40ee4f4340              Options.level0_stop_writes_trigger: 36
2022/02/11-15:32:40.823674 7f40ee4f4340                   Options.target_file_size_base: 67108864
2022/02/11-15:32:40.823675 7f40ee4f4340             Options.target_file_size_multiplier: 1
2022/02/11-15:32:40.823676 7f40ee4f4340                Options.max_bytes_for_level_base: 268435456
2022/02/11-15:32:40.823678 7f40ee4f4340 Options.level_compaction_dynamic_level_bytes: 0
2022/02/11-15:32:40.823679 7f40ee4f4340          Options.max_bytes_for_level_multiplier: 10.000000
2022/02/11-15:32:40.823682 7f40ee4f4340 Options.max_bytes_for_level_multiplier_addtl[0]: 1
2022/02/11-15:32:40.823683 7f40ee4f4340 Options.max_bytes_for_level_multiplier_addtl[1]: 1
2022/02/11-15:32:40.823685 7f40ee4f4340 Options.max_bytes_for_level_multiplier_addtl[2]: 1
2022/02/11-15:32:40.823686 7f40ee4f4340 Options.max_bytes_for_level_multiplier_addtl[3]: 1
2022/02/11-15:32:40.823687 7f40ee4f4340 Options.max_bytes_for_level_multiplier_addtl[4]: 1
2022/02/11-15:32:40.823689 7f40ee4f4340 Options.max_bytes_for_level_multiplier_addtl[5]: 1
2022/02/11-15:32:40.823690 7f40ee4f4340 Options.max_bytes_for_level_multiplier_addtl[6]: 1
2022/02/11-15:32:40.823692 7f40ee4f4340       Options.max_sequential_skip_in_iterations: 8
2022/02/11-15:32:40.823693 7f40ee4f4340                    Options.max_compaction_bytes: 1677721600
2022/02/11-15:32:40.823695 7f40ee4f4340                        Options.arena_block_size: 8388608
2022/02/11-15:32:40.823696 7f40ee4f4340   Options.soft_pending_compaction_bytes_limit: 68719476736
2022/02/11-15:32:40.823705 7f40ee4f4340   Options.hard_pending_compaction_bytes_limit: 274877906944
2022/02/11-15:32:40.823707 7f40ee4f4340       Options.rate_limit_delay_max_milliseconds: 100
2022/02/11-15:32:40.823708 7f40ee4f4340                Options.disable_auto_compactions: 0
2022/02/11-15:32:40.823710 7f40ee4f4340                        Options.compaction_style: kCompactionStyleLevel
2022/02/11-15:32:40.823711 7f40ee4f4340                          Options.compaction_pri: kMinOverlappingRatio
2022/02/11-15:32:40.823713 7f40ee4f4340 Options.compaction_options_universal.size_ratio: 1
2022/02/11-15:32:40.823714 7f40ee4f4340 Options.compaction_options_universal.min_merge_width: 2
2022/02/11-15:32:40.823715 7f40ee4f4340 Options.compaction_options_universal.max_merge_width: 4294967295
2022/02/11-15:32:40.823717 7f40ee4f4340 Options.compaction_options_universal.max_size_amplification_percent: 200
2022/02/11-15:32:40.823718 7f40ee4f4340 Options.compaction_options_universal.compression_size_percent: -1
2022/02/11-15:32:40.823720 7f40ee4f4340 Options.compaction_options_universal.stop_style: kCompactionStopStyleTotalSize
2022/02/11-15:32:40.823721 7f40ee4f4340 Options.compaction_options_fifo.max_table_files_size: 1073741824
2022/02/11-15:32:40.823723 7f40ee4f4340 Options.compaction_options_fifo.allow_compaction: 0
2022/02/11-15:32:40.823726 7f40ee4f4340                   Options.table_properties_collectors: 
2022/02/11-15:32:40.823727 7f40ee4f4340                   Options.inplace_update_support: 0
2022/02/11-15:32:40.823729 7f40ee4f4340                 Options.inplace_update_num_locks: 10000
2022/02/11-15:32:40.823730 7f40ee4f4340               Options.memtable_prefix_bloom_size_ratio: 0.000000
2022/02/11-15:32:40.823732 7f40ee4f4340               Options.memtable_whole_key_filtering: 0
2022/02/11-15:32:40.823733 7f40ee4f4340   Options.memtable_huge_page_size: 0
2022/02/11-15:32:40.823735 7f40ee4f4340                           Options.bloom_locality: 0
2022/02/11-15:32:40.823736 7f40ee4f4340                    Options.max_successive_merges: 0
2022/02/11-15:32:40.823738 7f40ee4f4340                Options.optimize_filters_for_hits: 0
2022/02/11-15:32:40.823739 7f40ee4f4340                Options.paranoid_file_checks: 0
2022/02/11-15:32:40.823740 7f40ee4f4340                Options.force_consistency_checks: 1
2022/02/11-15:32:40.823742 7f40ee4f4340                Options.report_bg_io_stats: 0
2022/02/11-15:32:40.823743 7f40ee4f4340                               Options.ttl: 2592000
2022/02/11-15:32:40.823744 7f40ee4f4340          Options.periodic_compaction_seconds: 0
2022/02/11-15:32:40.823746 7f40ee4f4340                    Options.enable_blob_files: false
2022/02/11-15:32:40.823747 7f40ee4f4340                        Options.min_blob_size: 0
2022/02/11-15:32:40.823748 7f40ee4f4340                       Options.blob_file_size: 268435456
2022/02/11-15:32:40.823750 7f40ee4f4340                Options.blob_compression_type: NoCompression
2022/02/11-15:32:40.823751 7f40ee4f4340       Options.enable_blob_garbage_collection: false
2022/02/11-15:32:40.823753 7f40ee4f4340   Options.blob_garbage_collection_age_cutoff: 0.250000
2022/02/11-15:32:40.823790 7f40ee4f4340 [db/column_family.cc:596] --------------- Options for column family [certificates]:
2022/02/11-15:32:40.823792 7f40ee4f4340               Options.comparator: leveldb.BytewiseComparator
2022/02/11-15:32:40.823793 7f40ee4f4340           Options.merge_operator: None
2022/02/11-15:32:40.823795 7f40ee4f4340        Options.compaction_filter: None
2022/02/11-15:32:40.823796 7f40ee4f4340        Options.compaction_filter_factory: None
2022/02/11-15:32:40.823798 7f40ee4f4340  Options.sst_partitioner_factory: None
2022/02/11-15:32:40.823799 7f40ee4f4340         Options.memtable_factory: SkipListFactory
2022/02/11-15:32:40.823801 7f40ee4f4340            Options.table_factory: BlockBasedTable
2022/02/11-15:32:40.823825 7f40ee4f4340            table_factory options:   flush_block_policy_factory: FlushBlockBySizePolicyFactory (0x56248e829770)
  cache_index_and_filter_blocks: 0
  cache_index_and_filter_blocks_with_high_priority: 1
  pin_l0_filter_and_index_blocks_in_cache: 0
  pin_top_level_index_and_filter: 1
  index_type: 0
  data_block_index_type: 0
  index_shortening: 1
  data_block_hash_table_util_ratio: 0.750000
  hash_index_allow_collision: 1
  checksum: 1
  no_block_cache: 0
  block_cache: 0x56248e8d2ae0
  block_cache_name: LRUCache
  block_cache_options:
    capacity : 8388608
    num_shard_bits : 4
    strict_capacity_limit : 0
    memory_allocator : None
    high_pri_pool_ratio: 0.000
  block_cache_compressed: (nil)
  persistent_cache: (nil)
  block_size: 4096
  block_size_deviation: 10
  block_restart_interval: 16
  index_block_restart_interval: 1
  metadata_block_size: 4096
  partition_filters: 0
  use_delta_encoding: 1
  filter_policy: nullptr
  whole_key_filtering: 1
  verify_compression: 0
  read_amp_bytes_per_bit: 0
  format_version: 5
  enable_index_compression: 1
  block_align: 0
2022/02/11-15:32:40.823836 7f40ee4f4340        Options.write_buffer_size: 67108864
2022/02/11-15:32:40.823838 7f40ee4f4340  Options.max_write_buffer_number: 2
2022/02/11-15:32:40.823839 7f40ee4f4340          Options.compression: Snappy
2022/02/11-15:32:40.823841 7f40ee4f4340                  Options.bottommost_compression: Disabled
2022/02/11-15:32:40.823842 7f40ee4f4340       Options.prefix_extractor: nullptr
2022/02/11-15:32:40.823844 7f40ee4f4340   Options.memtable_insert_with_hint_prefix_extractor: nullptr
2022/02/11-15:32:40.823845 7f40ee4f4340             Options.num_levels: 7
2022/02/11-15:32:40.823847 7f40ee4f4340        Options.min_write_buffer_number_to_merge: 1
2022/02/11-15:32:40.823848 7f40ee4f4340     Options.max_write_buffer_number_to_maintain: 0
2022/02/11-15:32:40.823850 7f40ee4f4340     Options.max_write_buffer_size_to_maintain: 0
2022/02/11-15:32:40.823851 7f40ee4f4340            Options.bottommost_compression_opts.window_bits: -14
2022/02/11-15:32:40.823853 7f40ee4f4340                  Options.bottommost_compression_opts.level: 32767
2022/02/11-15:32:40.823854 7f40ee4f4340               Options.bottommost_compression_opts.strategy: 0
2022/02/11-15:32:40.823856 7f40ee4f4340         Options.bottommost_compression_opts.max_dict_bytes: 0
2022/02/11-15:32:40.823857 7f40ee4f4340         Options.bottommost_compression_opts.zstd_max_train_bytes: 0
2022/02/11-15:32:40.823859 7f40ee4f4340         Options.bottommost_compression_opts.parallel_threads: 1
2022/02/11-15:32:40.823860 7f40ee4f4340                  Options.bottommost_compression_opts.enabled: false
2022/02/11-15:32:40.823862 7f40ee4f4340         Options.bottommost_compression_opts.max_dict_buffer_bytes: 0
2022/02/11-15:32:40.823863 7f40ee4f4340            Options.compression_opts.window_bits: -14
2022/02/11-15:32:40.823865 7f40ee4f4340                  Options.compression_opts.level: 32767
2022/02/11-15:32:40.823866 7f40ee4f4340               Options.compression_opts.strategy: 0
2022/02/11-15:32:40.823868 7f40ee4f4340         Options.compression_opts.max_dict_bytes: 0
2022/02/11-15:32:40.823869 7f40ee4f4340         Options.compression_opts.zstd_max_train_bytes: 0
2022/02/11-15:32:40.823871 7f40ee4f4340         Options.compression_opts.parallel_threads: 1
2022/02/11-15:32:40.823872 7f40ee4f4340                  Options.compression_opts.enabled: false
2022/02/11-15:32:40.823873 7f40ee4f4340         Options.compression_opts.max_dict_buffer_bytes: 0
2022/02/11-15:32:40.823875 7f40ee4f4340      Options.level0_file_num_compaction_trigger: 4
2022/02/11-15:32:40.823876 7f40ee4f4340          Options.level0_slowdown_writes_trigger: 20
2022/02/11-15:32:40.823878 7f40ee4f4340              Options.level0_stop_writes_trigger: 36
2022/02/11-15:32:40.823879 7f40ee4f4340                   Options.target_file_size_base: 67108864
2022/02/11-15:32:40.823881 7f40ee4f4340             Options.target_file_size_multiplier: 1
2022/02/11-15:32:40.823882 7f40ee4f4340                Options.max_bytes_for_level_base: 268435456
2022/02/11-15:32:40.823884 7f40ee4f4340 Options.level_compaction_dynamic_level_bytes: 0
2022/02/11-15:32:40.823892 7f40ee4f4340          Options.max_bytes_for_level_multiplier: 10.000000
2022/02/11-15:32:40.823895 7f40ee4f4340 Options.max_bytes_for_level_multiplier_addtl[0]: 1
2022/02/11-15:32:40.823896 7f40ee4f4340 Options.max_bytes_for_level_multiplier_addtl[1]: 1
2022/02/11-15:32:40.823898 7f40ee4f4340 Options.max_bytes_for_level_multiplier_addtl[2]: 1
2022/02/11-15:32:40.823900 7f40ee4f4340 Options.max_bytes_for_level_multiplier_addtl[3]: 1
2022/02/11-15:32:40.823901 7f40ee4f4340 Options.max_bytes_for_level_multiplier_addtl[4]: 1
2022/02/11-15:32:40.823903 7f40ee4f4340 Options.max_bytes_for_level_multiplier_addtl[5]: 1
2022/02/11-15:32:40.823905 7f40ee4f4340 Options.max_bytes_for_level_multiplier_addtl[6]: 1
2022/02/11-15:32:40.823906 7f40ee4f4340       Options.max_sequential_skip_in_iterations: 8
2022/02/11-15:32:40.823907 7f40ee4f4340                    Options.max_compaction_bytes: 1677721600
2022/02/11-15:32:40.823909 7f40ee4f4340                        Options.arena_block_size: 8388608
2022/02/11-15:32:40.823911 7f40ee4f4340   Options.soft_pending_compaction_bytes_limit: 68719476736
2022/02/11-15:32:40.823912 7f40ee4f4340   Options.hard_pending_compaction_bytes_limit: 274877906944
2022/02/11-15:32:40.823914 7f40ee4f4340       Options.rate_limit_delay_max_milliseconds: 100
2022/02/11-15:32:40.823915 7f40ee4f4340                Options.disable_auto_compactions: 0
2022/02/11-15:32:40.823917 7f40ee4f4340                        Options.compaction_style: kCompactionStyleLevel
2022/02/11-15:32:40.823919 7f40ee4f4340                          Options.compaction_pri: kMinOverlappingRatio
2022/02/11-15:32:40.823920 7f40ee4f4340 Options.compaction_options_universal.size_ratio: 1
2022/02/11-15:32:40.823922 7f40ee4f4340 Options.compaction_options_universal.min_merge_width: 2
2022/02/11-15:32:40.823923 7f40ee4f4340 Options.compaction_options_universal.max_merge_width: 4294967295
2022/02/11-15:32:40.823925 7f40ee4f4340 Options.compaction_options_universal.max_size_amplification_percent: 200
2022/02/11-15:32:40.823927 7f40ee4f4340 Options.compaction_options_universal.compression_size_percent: -1
2022/02/11-15:32:40.823928 7f40ee4f4340 Options.compaction_options_universal.stop_style: kCompactionStopStyleTotalSize
2022/02/11-15:32:40.823930 7f40ee4f4340 Options.compaction_options_fifo.max_table_files_size: 1073741824
2022/02/11-15:32:40.823931 7f40ee4f4340 Options.compaction_options_fifo.allow_compaction: 0
2022/02/11-15:32:40.823934 7f40ee4f4340                   Options.table_properties_collectors: 
2022/02/11-15:32:40.823936 7f40ee4f4340                   Options.inplace_update_support: 0
2022/02/11-15:32:40.823938 7f40ee4f4340                 Options.inplace_update_num_locks: 10000
2022/02/11-15:32:40.823939 7f40ee4f4340               Options.memtable_prefix_bloom_size_ratio: 0.000000
2022/02/11-15:32:40.823941 7f40ee4f4340               Options.memtable_whole_key_filtering: 0
2022/02/11-15:32:40.823943 7f40ee4f4340   Options.memtable_huge_page_size: 0
2022/02/11-15:32:40.823944 7f40ee4f4340                           Options.bloom_locality: 0
2022/02/11-15:32:40.823946 7f40ee4f4340                    Options.max_successive_merges: 0
2022/02/11-15:32:40.823947 7f40ee4f4340                Options.optimize_filters_for_hits: 0
2022/02/11-15:32:40.823949 7f40ee4f4340                Options.paranoid_file_checks: 0
2022/02/11-15:32:40.823950 7f40ee4f4340                Options.force_consistency_checks: 1
2022/02/11-15:32:40.823952 7f40ee4f4340                Options.report_bg_io_stats: 0
2022/02/11-15:32:40.823953 7f40ee4f4340                               Options.ttl: 2592000
2022/02/11-15:32:40.823955 7f40ee4f4340          Options.periodic_compaction_seconds: 0
2022/02/11-15:32:40.823956 7f40ee4f4340                    Options.enable_blob_files: false
2022/02/11-15:32:40.823958 7f40ee4f4340                        Options.min_blob_size: 0
2022/02/11-15:32:40.823960 7f40ee4f4340                       Options.blob_file_size: 268435456
2022/02/11-15:32:40.823961 7f40ee4f4340                Options.blob_compression_type: NoCompression
2022/02/11-15:32:40.823970 7f40ee4f4340       Options.enable_blob_garbage_collection: false
2022/02/11-15:32:40.823972 7f40ee4f4340   Options.blob_garbage_collection_age_cutoff: 0.250000
2022/02/11-15:32:40.824016 7f40ee4f4340 [db/column_family.cc:596] --------------- Options for column family [object_certs]:
2022/02/11-15:32:40.824018 7f40ee4f4340               Options.comparator: leveldb.BytewiseComparator
2022/02/11-15:32:40.824019 7f40ee4f4340           Options.merge_operator: None
2022/02/11-15:32:40.824021 7f40ee4f4340        Options.compaction_filter: None
2022/02/11-15:32:40.824022 7f40ee4f4340        Options.compaction_filter_factory: None
2022/02/11-15:32:40.824023 7f40ee4f4340  Options.sst_partitioner_factory: None
2022/02/11-15:32:40.824025 7f40ee4f4340         Options.memtable_factory: SkipListFactory
2022/02/11-15:32:40.824026 7f40ee4f4340            Options.table_factory: BlockBasedTable
2022/02/11-15:32:40.824050 7f40ee4f4340            table_factory options:   flush_block_policy_factory: FlushBlockBySizePolicyFactory (0x56248e6c43b0)
  cache_index_and_filter_blocks: 0
  cache_index_and_filter_blocks_with_high_priority: 1
  pin_l0_filter_and_index_blocks_in_cache: 0
  pin_top_level_index_and_filter: 1
  index_type: 0
  data_block_index_type: 0
  index_shortening: 1
  data_block_hash_table_util_ratio: 0.750000
  hash_index_allow_collision: 1
  checksum: 1
  no_block_cache: 0
  block_cache: 0x56248e82ebf0
  block_cache_name: LRUCache
  block_cache_options:
    capacity : 8388608
    num_shard_bits : 4
    strict_capacity_limit : 0
    memory_allocator : None
    high_pri_pool_ratio: 0.000
  block_cache_compressed: (nil)
  persistent_cache: (nil)
  block_size: 4096
  block_size_deviation: 10
  block_restart_interval: 16
  index_block_restart_interval: 1
  metadata_block_size: 4096
  partition_filters: 0
  use_delta_encoding: 1
  filter_policy: nullptr
  whole_key_filtering: 1
  verify_compression: 0
  read_amp_bytes_per_bit: 0
  format_version: 5
  enable_index_compression: 1
  block_align: 0
2022/02/11-15:32:40.824052 7f40ee4f4340        Options.write_buffer_size: 67108864
2022/02/11-15:32:40.824053 7f40ee4f4340  Options.max_write_buffer_number: 2
2022/02/11-15:32:40.824055 7f40ee4f4340          Options.compression: Snappy
2022/02/11-15:32:40.824056 7f40ee4f4340                  Options.bottommost_compression: Disabled
2022/02/11-15:32:40.824058 7f40ee4f4340       Options.prefix_extractor: nullptr
2022/02/11-15:32:40.824059 7f40ee4f4340   Options.memtable_insert_with_hint_prefix_extractor: nullptr
2022/02/11-15:32:40.824060 7f40ee4f4340             Options.num_levels: 7
2022/02/11-15:32:40.824062 7f40ee4f4340        Options.min_write_buffer_number_to_merge: 1
2022/02/11-15:32:40.824063 7f40ee4f4340     Options.max_write_buffer_number_to_maintain: 0
2022/02/11-15:32:40.824064 7f40ee4f4340     Options.max_write_buffer_size_to_maintain: 0
2022/02/11-15:32:40.824066 7f40ee4f4340            Options.bottommost_compression_opts.window_bits: -14
