2022/02/11-15:32:39.435289 7fd8dabf0340 RocksDB version: 6.20.3
2022/02/11-15:32:39.435303 7fd8dabf0340 Git sha 8608d75d85f8e1b3b64b73a4fb6d19baec61ba5c
2022/02/11-15:32:39.435304 7fd8dabf0340 Compile date 2021-05-05 20:35:30
2022/02/11-15:32:39.435330 7fd8dabf0340 DB SUMMARY
2022/02/11-15:32:39.435330 7fd8dabf0340 DB Session ID:  45DSZZSL4VR1UONPG88W
2022/02/11-15:32:39.435347 7fd8dabf0340 CURRENT file:  CURRENT
2022/02/11-15:32:39.435347 7fd8dabf0340 IDENTITY file:  IDENTITY
2022/02/11-15:32:39.435349 7fd8dabf0340 MANIFEST file:  MANIFEST-000061 size: 907 Bytes
2022/02/11-15:32:39.435350 7fd8dabf0340 SST files in ./client_db/k#a9eff1f7749e371e164b559237dd14d97858afc965262b6e2bebc05594188d1a dir, Total Num: 0, files: 
2022/02/11-15:32:39.435351 7fd8dabf0340 Write Ahead Log file in ./client_db/k#a9eff1f7749e371e164b559237dd14d97858afc965262b6e2bebc05594188d1a: 000062.log size: 810 ; 
2022/02/11-15:32:39.435352 7fd8dabf0340                         Options.error_if_exists: 0
2022/02/11-15:32:39.435353 7fd8dabf0340                       Options.create_if_missing: 1
2022/02/11-15:32:39.435354 7fd8dabf0340                         Options.paranoid_checks: 1
2022/02/11-15:32:39.435354 7fd8dabf0340                               Options.track_and_verify_wals_in_manifest: 0
2022/02/11-15:32:39.435354 7fd8dabf0340                                     Options.env: 0x55b88c43a420
2022/02/11-15:32:39.435355 7fd8dabf0340                                      Options.fs: Posix File System
2022/02/11-15:32:39.435356 7fd8dabf0340                                Options.info_log: 0x55b88ce14860
2022/02/11-15:32:39.435356 7fd8dabf0340                Options.max_file_opening_threads: 16
2022/02/11-15:32:39.435357 7fd8dabf0340                              Options.statistics: (nil)
2022/02/11-15:32:39.435358 7fd8dabf0340                               Options.use_fsync: 0
2022/02/11-15:32:39.435358 7fd8dabf0340                       Options.max_log_file_size: 0
2022/02/11-15:32:39.435359 7fd8dabf0340                  Options.max_manifest_file_size: 1073741824
2022/02/11-15:32:39.435359 7fd8dabf0340                   Options.log_file_time_to_roll: 0
2022/02/11-15:32:39.435360 7fd8dabf0340                       Options.keep_log_file_num: 1000
2022/02/11-15:32:39.435360 7fd8dabf0340                    Options.recycle_log_file_num: 0
2022/02/11-15:32:39.435361 7fd8dabf0340                         Options.allow_fallocate: 1
2022/02/11-15:32:39.435361 7fd8dabf0340                        Options.allow_mmap_reads: 0
2022/02/11-15:32:39.435362 7fd8dabf0340                       Options.allow_mmap_writes: 0
2022/02/11-15:32:39.435362 7fd8dabf0340                        Options.use_direct_reads: 0
2022/02/11-15:32:39.435362 7fd8dabf0340                        Options.use_direct_io_for_flush_and_compaction: 0
2022/02/11-15:32:39.435363 7fd8dabf0340          Options.create_missing_column_families: 1
2022/02/11-15:32:39.435363 7fd8dabf0340                              Options.db_log_dir: 
2022/02/11-15:32:39.435364 7fd8dabf0340                                 Options.wal_dir: ./client_db/k#a9eff1f7749e371e164b559237dd14d97858afc965262b6e2bebc05594188d1a
2022/02/11-15:32:39.435364 7fd8dabf0340                Options.table_cache_numshardbits: 6
2022/02/11-15:32:39.435365 7fd8dabf0340                         Options.WAL_ttl_seconds: 0
2022/02/11-15:32:39.435365 7fd8dabf0340                       Options.WAL_size_limit_MB: 0
2022/02/11-15:32:39.435366 7fd8dabf0340                        Options.max_write_batch_group_size_bytes: 1048576
2022/02/11-15:32:39.435366 7fd8dabf0340             Options.manifest_preallocation_size: 4194304
2022/02/11-15:32:39.435367 7fd8dabf0340                     Options.is_fd_close_on_exec: 1
2022/02/11-15:32:39.435367 7fd8dabf0340                   Options.advise_random_on_open: 1
2022/02/11-15:32:39.435368 7fd8dabf0340                    Options.db_write_buffer_size: 0
2022/02/11-15:32:39.435368 7fd8dabf0340                    Options.write_buffer_manager: 0x55b88ce54cd0
2022/02/11-15:32:39.435369 7fd8dabf0340         Options.access_hint_on_compaction_start: 1
2022/02/11-15:32:39.435369 7fd8dabf0340  Options.new_table_reader_for_compaction_inputs: 0
2022/02/11-15:32:39.435375 7fd8dabf0340           Options.random_access_max_buffer_size: 1048576
2022/02/11-15:32:39.435375 7fd8dabf0340                      Options.use_adaptive_mutex: 0
2022/02/11-15:32:39.435376 7fd8dabf0340                            Options.rate_limiter: (nil)
2022/02/11-15:32:39.435376 7fd8dabf0340     Options.sst_file_manager.rate_bytes_per_sec: 0
2022/02/11-15:32:39.435377 7fd8dabf0340                       Options.wal_recovery_mode: 2
2022/02/11-15:32:39.435377 7fd8dabf0340                  Options.enable_thread_tracking: 0
2022/02/11-15:32:39.435378 7fd8dabf0340                  Options.enable_pipelined_write: 0
2022/02/11-15:32:39.435378 7fd8dabf0340                  Options.unordered_write: 0
2022/02/11-15:32:39.435379 7fd8dabf0340         Options.allow_concurrent_memtable_write: 1
2022/02/11-15:32:39.435379 7fd8dabf0340      Options.enable_write_thread_adaptive_yield: 1
2022/02/11-15:32:39.435379 7fd8dabf0340             Options.write_thread_max_yield_usec: 100
2022/02/11-15:32:39.435380 7fd8dabf0340            Options.write_thread_slow_yield_usec: 3
2022/02/11-15:32:39.435380 7fd8dabf0340                               Options.row_cache: None
2022/02/11-15:32:39.435381 7fd8dabf0340                              Options.wal_filter: None
2022/02/11-15:32:39.435381 7fd8dabf0340             Options.avoid_flush_during_recovery: 0
2022/02/11-15:32:39.435382 7fd8dabf0340             Options.allow_ingest_behind: 0
2022/02/11-15:32:39.435382 7fd8dabf0340             Options.preserve_deletes: 0
2022/02/11-15:32:39.435383 7fd8dabf0340             Options.two_write_queues: 0
2022/02/11-15:32:39.435383 7fd8dabf0340             Options.manual_wal_flush: 0
2022/02/11-15:32:39.435383 7fd8dabf0340             Options.atomic_flush: 0
2022/02/11-15:32:39.435384 7fd8dabf0340             Options.avoid_unnecessary_blocking_io: 0
2022/02/11-15:32:39.435384 7fd8dabf0340                 Options.persist_stats_to_disk: 0
2022/02/11-15:32:39.435385 7fd8dabf0340                 Options.write_dbid_to_manifest: 0
2022/02/11-15:32:39.435385 7fd8dabf0340                 Options.log_readahead_size: 0
2022/02/11-15:32:39.435386 7fd8dabf0340                 Options.file_checksum_gen_factory: Unknown
2022/02/11-15:32:39.435386 7fd8dabf0340                 Options.best_efforts_recovery: 0
2022/02/11-15:32:39.435387 7fd8dabf0340                Options.max_bgerror_resume_count: 2147483647
2022/02/11-15:32:39.435387 7fd8dabf0340            Options.bgerror_resume_retry_interval: 1000000
2022/02/11-15:32:39.435388 7fd8dabf0340             Options.allow_data_in_errors: 0
2022/02/11-15:32:39.435388 7fd8dabf0340             Options.db_host_id: __hostname__
2022/02/11-15:32:39.435389 7fd8dabf0340             Options.max_background_jobs: 2
2022/02/11-15:32:39.435389 7fd8dabf0340             Options.max_background_compactions: -1
2022/02/11-15:32:39.435390 7fd8dabf0340             Options.max_subcompactions: 1
2022/02/11-15:32:39.435390 7fd8dabf0340             Options.avoid_flush_during_shutdown: 0
2022/02/11-15:32:39.435391 7fd8dabf0340           Options.writable_file_max_buffer_size: 1048576
2022/02/11-15:32:39.435391 7fd8dabf0340             Options.delayed_write_rate : 16777216
2022/02/11-15:32:39.435392 7fd8dabf0340             Options.max_total_wal_size: 0
2022/02/11-15:32:39.435392 7fd8dabf0340             Options.delete_obsolete_files_period_micros: 21600000000
2022/02/11-15:32:39.435393 7fd8dabf0340                   Options.stats_dump_period_sec: 600
2022/02/11-15:32:39.435393 7fd8dabf0340                 Options.stats_persist_period_sec: 600
2022/02/11-15:32:39.435394 7fd8dabf0340                 Options.stats_history_buffer_size: 1048576
2022/02/11-15:32:39.435394 7fd8dabf0340                          Options.max_open_files: -1
2022/02/11-15:32:39.435394 7fd8dabf0340                          Options.bytes_per_sync: 0
2022/02/11-15:32:39.435395 7fd8dabf0340                      Options.wal_bytes_per_sync: 0
2022/02/11-15:32:39.435395 7fd8dabf0340                   Options.strict_bytes_per_sync: 0
2022/02/11-15:32:39.435399 7fd8dabf0340       Options.compaction_readahead_size: 0
2022/02/11-15:32:39.435399 7fd8dabf0340                  Options.max_background_flushes: -1
2022/02/11-15:32:39.435400 7fd8dabf0340 Compression algorithms supported:
2022/02/11-15:32:39.435401 7fd8dabf0340 	kZSTDNotFinalCompression supported: 1
2022/02/11-15:32:39.435402 7fd8dabf0340 	kZSTD supported: 1
2022/02/11-15:32:39.435402 7fd8dabf0340 	kXpressCompression supported: 0
2022/02/11-15:32:39.435403 7fd8dabf0340 	kLZ4HCCompression supported: 1
2022/02/11-15:32:39.435404 7fd8dabf0340 	kLZ4Compression supported: 1
2022/02/11-15:32:39.435404 7fd8dabf0340 	kBZip2Compression supported: 1
2022/02/11-15:32:39.435405 7fd8dabf0340 	kZlibCompression supported: 1
2022/02/11-15:32:39.435405 7fd8dabf0340 	kSnappyCompression supported: 1
2022/02/11-15:32:39.435406 7fd8dabf0340 Fast CRC32 supported: Not supported on x86
2022/02/11-15:32:39.435427 7fd8dabf0340 [db/version_set.cc:4626] Recovering from manifest file: ./client_db/k#a9eff1f7749e371e164b559237dd14d97858afc965262b6e2bebc05594188d1a/MANIFEST-000061
2022/02/11-15:32:39.435494 7fd8dabf0340 [db/column_family.cc:596] --------------- Options for column family [default]:
2022/02/11-15:32:39.435496 7fd8dabf0340               Options.comparator: leveldb.BytewiseComparator
2022/02/11-15:32:39.435496 7fd8dabf0340           Options.merge_operator: None
2022/02/11-15:32:39.435497 7fd8dabf0340        Options.compaction_filter: None
2022/02/11-15:32:39.435497 7fd8dabf0340        Options.compaction_filter_factory: None
2022/02/11-15:32:39.435509 7fd8dabf0340  Options.sst_partitioner_factory: None
2022/02/11-15:32:39.435511 7fd8dabf0340         Options.memtable_factory: SkipListFactory
2022/02/11-15:32:39.435511 7fd8dabf0340            Options.table_factory: BlockBasedTable
2022/02/11-15:32:39.435528 7fd8dabf0340            table_factory options:   flush_block_policy_factory: FlushBlockBySizePolicyFactory (0x55b88ce46c90)
  cache_index_and_filter_blocks: 0
  cache_index_and_filter_blocks_with_high_priority: 1
  pin_l0_filter_and_index_blocks_in_cache: 0
  pin_top_level_index_and_filter: 1
  index_type: 0
  data_block_index_type: 0
  index_shortening: 1
  data_block_hash_table_util_ratio: 0.750000
  hash_index_allow_collision: 1
  checksum: 1
  no_block_cache: 0
  block_cache: 0x55b88ce1ec20
  block_cache_name: LRUCache
  block_cache_options:
    capacity : 8388608
    num_shard_bits : 4
    strict_capacity_limit : 0
    memory_allocator : None
    high_pri_pool_ratio: 0.000
  block_cache_compressed: (nil)
  persistent_cache: (nil)
  block_size: 4096
  block_size_deviation: 10
  block_restart_interval: 16
  index_block_restart_interval: 1
  metadata_block_size: 4096
  partition_filters: 0
  use_delta_encoding: 1
  filter_policy: nullptr
  whole_key_filtering: 1
  verify_compression: 0
  read_amp_bytes_per_bit: 0
  format_version: 5
  enable_index_compression: 1
  block_align: 0
2022/02/11-15:32:39.435528 7fd8dabf0340        Options.write_buffer_size: 67108864
2022/02/11-15:32:39.435529 7fd8dabf0340  Options.max_write_buffer_number: 2
2022/02/11-15:32:39.435530 7fd8dabf0340          Options.compression: Snappy
2022/02/11-15:32:39.435530 7fd8dabf0340                  Options.bottommost_compression: Disabled
2022/02/11-15:32:39.435531 7fd8dabf0340       Options.prefix_extractor: nullptr
2022/02/11-15:32:39.435531 7fd8dabf0340   Options.memtable_insert_with_hint_prefix_extractor: nullptr
2022/02/11-15:32:39.435532 7fd8dabf0340             Options.num_levels: 7
2022/02/11-15:32:39.435532 7fd8dabf0340        Options.min_write_buffer_number_to_merge: 1
2022/02/11-15:32:39.435532 7fd8dabf0340     Options.max_write_buffer_number_to_maintain: 0
2022/02/11-15:32:39.435533 7fd8dabf0340     Options.max_write_buffer_size_to_maintain: 0
2022/02/11-15:32:39.435533 7fd8dabf0340            Options.bottommost_compression_opts.window_bits: -14
2022/02/11-15:32:39.435534 7fd8dabf0340                  Options.bottommost_compression_opts.level: 32767
2022/02/11-15:32:39.435534 7fd8dabf0340               Options.bottommost_compression_opts.strategy: 0
2022/02/11-15:32:39.435540 7fd8dabf0340         Options.bottommost_compression_opts.max_dict_bytes: 0
2022/02/11-15:32:39.435540 7fd8dabf0340         Options.bottommost_compression_opts.zstd_max_train_bytes: 0
2022/02/11-15:32:39.435541 7fd8dabf0340         Options.bottommost_compression_opts.parallel_threads: 1
2022/02/11-15:32:39.435541 7fd8dabf0340                  Options.bottommost_compression_opts.enabled: false
2022/02/11-15:32:39.435542 7fd8dabf0340         Options.bottommost_compression_opts.max_dict_buffer_bytes: 0
2022/02/11-15:32:39.435542 7fd8dabf0340            Options.compression_opts.window_bits: -14
2022/02/11-15:32:39.435543 7fd8dabf0340                  Options.compression_opts.level: 32767
2022/02/11-15:32:39.435543 7fd8dabf0340               Options.compression_opts.strategy: 0
2022/02/11-15:32:39.435544 7fd8dabf0340         Options.compression_opts.max_dict_bytes: 0
2022/02/11-15:32:39.435544 7fd8dabf0340         Options.compression_opts.zstd_max_train_bytes: 0
2022/02/11-15:32:39.435545 7fd8dabf0340         Options.compression_opts.parallel_threads: 1
2022/02/11-15:32:39.435545 7fd8dabf0340                  Options.compression_opts.enabled: false
2022/02/11-15:32:39.435546 7fd8dabf0340         Options.compression_opts.max_dict_buffer_bytes: 0
2022/02/11-15:32:39.435546 7fd8dabf0340      Options.level0_file_num_compaction_trigger: 4
2022/02/11-15:32:39.435546 7fd8dabf0340          Options.level0_slowdown_writes_trigger: 20
2022/02/11-15:32:39.435547 7fd8dabf0340              Options.level0_stop_writes_trigger: 36
2022/02/11-15:32:39.435547 7fd8dabf0340                   Options.target_file_size_base: 67108864
2022/02/11-15:32:39.435548 7fd8dabf0340             Options.target_file_size_multiplier: 1
2022/02/11-15:32:39.435548 7fd8dabf0340                Options.max_bytes_for_level_base: 268435456
2022/02/11-15:32:39.435549 7fd8dabf0340 Options.level_compaction_dynamic_level_bytes: 0
2022/02/11-15:32:39.435549 7fd8dabf0340          Options.max_bytes_for_level_multiplier: 10.000000
2022/02/11-15:32:39.435551 7fd8dabf0340 Options.max_bytes_for_level_multiplier_addtl[0]: 1
2022/02/11-15:32:39.435551 7fd8dabf0340 Options.max_bytes_for_level_multiplier_addtl[1]: 1
2022/02/11-15:32:39.435552 7fd8dabf0340 Options.max_bytes_for_level_multiplier_addtl[2]: 1
2022/02/11-15:32:39.435552 7fd8dabf0340 Options.max_bytes_for_level_multiplier_addtl[3]: 1
2022/02/11-15:32:39.435553 7fd8dabf0340 Options.max_bytes_for_level_multiplier_addtl[4]: 1
2022/02/11-15:32:39.435553 7fd8dabf0340 Options.max_bytes_for_level_multiplier_addtl[5]: 1
2022/02/11-15:32:39.435554 7fd8dabf0340 Options.max_bytes_for_level_multiplier_addtl[6]: 1
2022/02/11-15:32:39.435554 7fd8dabf0340       Options.max_sequential_skip_in_iterations: 8
2022/02/11-15:32:39.435554 7fd8dabf0340                    Options.max_compaction_bytes: 1677721600
2022/02/11-15:32:39.435555 7fd8dabf0340                        Options.arena_block_size: 8388608
2022/02/11-15:32:39.435555 7fd8dabf0340   Options.soft_pending_compaction_bytes_limit: 68719476736
2022/02/11-15:32:39.435556 7fd8dabf0340   Options.hard_pending_compaction_bytes_limit: 274877906944
2022/02/11-15:32:39.435556 7fd8dabf0340       Options.rate_limit_delay_max_milliseconds: 100
2022/02/11-15:32:39.435557 7fd8dabf0340                Options.disable_auto_compactions: 0
2022/02/11-15:32:39.435558 7fd8dabf0340                        Options.compaction_style: kCompactionStyleLevel
2022/02/11-15:32:39.435559 7fd8dabf0340                          Options.compaction_pri: kMinOverlappingRatio
2022/02/11-15:32:39.435559 7fd8dabf0340 Options.compaction_options_universal.size_ratio: 1
2022/02/11-15:32:39.435560 7fd8dabf0340 Options.compaction_options_universal.min_merge_width: 2
2022/02/11-15:32:39.435560 7fd8dabf0340 Options.compaction_options_universal.max_merge_width: 4294967295
2022/02/11-15:32:39.435561 7fd8dabf0340 Options.compaction_options_universal.max_size_amplification_percent: 200
2022/02/11-15:32:39.435561 7fd8dabf0340 Options.compaction_options_universal.compression_size_percent: -1
2022/02/11-15:32:39.435565 7fd8dabf0340 Options.compaction_options_universal.stop_style: kCompactionStopStyleTotalSize
2022/02/11-15:32:39.435565 7fd8dabf0340 Options.compaction_options_fifo.max_table_files_size: 1073741824
2022/02/11-15:32:39.435566 7fd8dabf0340 Options.compaction_options_fifo.allow_compaction: 0
2022/02/11-15:32:39.435573 7fd8dabf0340                   Options.table_properties_collectors: 
2022/02/11-15:32:39.435573 7fd8dabf0340                   Options.inplace_update_support: 0
2022/02/11-15:32:39.435574 7fd8dabf0340                 Options.inplace_update_num_locks: 10000
2022/02/11-15:32:39.435574 7fd8dabf0340               Options.memtable_prefix_bloom_size_ratio: 0.000000
2022/02/11-15:32:39.435575 7fd8dabf0340               Options.memtable_whole_key_filtering: 0
2022/02/11-15:32:39.435575 7fd8dabf0340   Options.memtable_huge_page_size: 0
2022/02/11-15:32:39.435576 7fd8dabf0340                           Options.bloom_locality: 0
2022/02/11-15:32:39.435576 7fd8dabf0340                    Options.max_successive_merges: 0
2022/02/11-15:32:39.435577 7fd8dabf0340                Options.optimize_filters_for_hits: 0
2022/02/11-15:32:39.435577 7fd8dabf0340                Options.paranoid_file_checks: 0
2022/02/11-15:32:39.435578 7fd8dabf0340                Options.force_consistency_checks: 1
2022/02/11-15:32:39.435578 7fd8dabf0340                Options.report_bg_io_stats: 0
2022/02/11-15:32:39.435578 7fd8dabf0340                               Options.ttl: 2592000
2022/02/11-15:32:39.435579 7fd8dabf0340          Options.periodic_compaction_seconds: 0
2022/02/11-15:32:39.435579 7fd8dabf0340                    Options.enable_blob_files: false
2022/02/11-15:32:39.435580 7fd8dabf0340                        Options.min_blob_size: 0
2022/02/11-15:32:39.435580 7fd8dabf0340                       Options.blob_file_size: 268435456
2022/02/11-15:32:39.435581 7fd8dabf0340                Options.blob_compression_type: NoCompression
2022/02/11-15:32:39.435581 7fd8dabf0340       Options.enable_blob_garbage_collection: false
2022/02/11-15:32:39.435582 7fd8dabf0340   Options.blob_garbage_collection_age_cutoff: 0.250000
2022/02/11-15:32:39.435620 7fd8dabf0340 [db/column_family.cc:596] --------------- Options for column family [pending_orders]:
2022/02/11-15:32:39.435621 7fd8dabf0340               Options.comparator: leveldb.BytewiseComparator
2022/02/11-15:32:39.435622 7fd8dabf0340           Options.merge_operator: None
2022/02/11-15:32:39.435622 7fd8dabf0340        Options.compaction_filter: None
2022/02/11-15:32:39.435623 7fd8dabf0340        Options.compaction_filter_factory: None
2022/02/11-15:32:39.435623 7fd8dabf0340  Options.sst_partitioner_factory: None
2022/02/11-15:32:39.435624 7fd8dabf0340         Options.memtable_factory: SkipListFactory
2022/02/11-15:32:39.435624 7fd8dabf0340            Options.table_factory: BlockBasedTable
2022/02/11-15:32:39.435635 7fd8dabf0340            table_factory options:   flush_block_policy_factory: FlushBlockBySizePolicyFactory (0x55b88cebb9e0)
  cache_index_and_filter_blocks: 0
  cache_index_and_filter_blocks_with_high_priority: 1
  pin_l0_filter_and_index_blocks_in_cache: 0
  pin_top_level_index_and_filter: 1
  index_type: 0
  data_block_index_type: 0
  index_shortening: 1
  data_block_hash_table_util_ratio: 0.750000
  hash_index_allow_collision: 1
  checksum: 1
  no_block_cache: 0
  block_cache: 0x55b88ceb9260
  block_cache_name: LRUCache
  block_cache_options:
    capacity : 8388608
    num_shard_bits : 4
    strict_capacity_limit : 0
    memory_allocator : None
    high_pri_pool_ratio: 0.000
  block_cache_compressed: (nil)
  persistent_cache: (nil)
  block_size: 4096
  block_size_deviation: 10
  block_restart_interval: 16
  index_block_restart_interval: 1
  metadata_block_size: 4096
  partition_filters: 0
  use_delta_encoding: 1
  filter_policy: nullptr
  whole_key_filtering: 1
  verify_compression: 0
  read_amp_bytes_per_bit: 0
  format_version: 5
  enable_index_compression: 1
  block_align: 0
2022/02/11-15:32:39.435636 7fd8dabf0340        Options.write_buffer_size: 67108864
2022/02/11-15:32:39.435640 7fd8dabf0340  Options.max_write_buffer_number: 2
2022/02/11-15:32:39.435640 7fd8dabf0340          Options.compression: Snappy
2022/02/11-15:32:39.435641 7fd8dabf0340                  Options.bottommost_compression: Disabled
2022/02/11-15:32:39.435641 7fd8dabf0340       Options.prefix_extractor: nullptr
2022/02/11-15:32:39.435642 7fd8dabf0340   Options.memtable_insert_with_hint_prefix_extractor: nullptr
2022/02/11-15:32:39.435642 7fd8dabf0340             Options.num_levels: 7
2022/02/11-15:32:39.435643 7fd8dabf0340        Options.min_write_buffer_number_to_merge: 1
2022/02/11-15:32:39.435643 7fd8dabf0340     Options.max_write_buffer_number_to_maintain: 0
2022/02/11-15:32:39.435644 7fd8dabf0340     Options.max_write_buffer_size_to_maintain: 0
2022/02/11-15:32:39.435644 7fd8dabf0340            Options.bottommost_compression_opts.window_bits: -14
2022/02/11-15:32:39.435644 7fd8dabf0340                  Options.bottommost_compression_opts.level: 32767
2022/02/11-15:32:39.435645 7fd8dabf0340               Options.bottommost_compression_opts.strategy: 0
2022/02/11-15:32:39.435645 7fd8dabf0340         Options.bottommost_compression_opts.max_dict_bytes: 0
2022/02/11-15:32:39.435646 7fd8dabf0340         Options.bottommost_compression_opts.zstd_max_train_bytes: 0
2022/02/11-15:32:39.435646 7fd8dabf0340         Options.bottommost_compression_opts.parallel_threads: 1
2022/02/11-15:32:39.435647 7fd8dabf0340                  Options.bottommost_compression_opts.enabled: false
2022/02/11-15:32:39.435647 7fd8dabf0340         Options.bottommost_compression_opts.max_dict_buffer_bytes: 0
2022/02/11-15:32:39.435648 7fd8dabf0340            Options.compression_opts.window_bits: -14
2022/02/11-15:32:39.435648 7fd8dabf0340                  Options.compression_opts.level: 32767
2022/02/11-15:32:39.435648 7fd8dabf0340               Options.compression_opts.strategy: 0
2022/02/11-15:32:39.435649 7fd8dabf0340         Options.compression_opts.max_dict_bytes: 0
2022/02/11-15:32:39.435649 7fd8dabf0340         Options.compression_opts.zstd_max_train_bytes: 0
2022/02/11-15:32:39.435650 7fd8dabf0340         Options.compression_opts.parallel_threads: 1
2022/02/11-15:32:39.435650 7fd8dabf0340                  Options.compression_opts.enabled: false
2022/02/11-15:32:39.435651 7fd8dabf0340         Options.compression_opts.max_dict_buffer_bytes: 0
2022/02/11-15:32:39.435651 7fd8dabf0340      Options.level0_file_num_compaction_trigger: 4
2022/02/11-15:32:39.435652 7fd8dabf0340          Options.level0_slowdown_writes_trigger: 20
2022/02/11-15:32:39.435652 7fd8dabf0340              Options.level0_stop_writes_trigger: 36
2022/02/11-15:32:39.435652 7fd8dabf0340                   Options.target_file_size_base: 67108864
2022/02/11-15:32:39.435653 7fd8dabf0340             Options.target_file_size_multiplier: 1
2022/02/11-15:32:39.435653 7fd8dabf0340                Options.max_bytes_for_level_base: 268435456
2022/02/11-15:32:39.435654 7fd8dabf0340 Options.level_compaction_dynamic_level_bytes: 0
2022/02/11-15:32:39.435654 7fd8dabf0340          Options.max_bytes_for_level_multiplier: 10.000000
2022/02/11-15:32:39.435655 7fd8dabf0340 Options.max_bytes_for_level_multiplier_addtl[0]: 1
2022/02/11-15:32:39.435655 7fd8dabf0340 Options.max_bytes_for_level_multiplier_addtl[1]: 1
2022/02/11-15:32:39.435656 7fd8dabf0340 Options.max_bytes_for_level_multiplier_addtl[2]: 1
2022/02/11-15:32:39.435656 7fd8dabf0340 Options.max_bytes_for_level_multiplier_addtl[3]: 1
2022/02/11-15:32:39.435657 7fd8dabf0340 Options.max_bytes_for_level_multiplier_addtl[4]: 1
2022/02/11-15:32:39.435657 7fd8dabf0340 Options.max_bytes_for_level_multiplier_addtl[5]: 1
2022/02/11-15:32:39.435658 7fd8dabf0340 Options.max_bytes_for_level_multiplier_addtl[6]: 1
2022/02/11-15:32:39.435658 7fd8dabf0340       Options.max_sequential_skip_in_iterations: 8
2022/02/11-15:32:39.435659 7fd8dabf0340                    Options.max_compaction_bytes: 1677721600
2022/02/11-15:32:39.435659 7fd8dabf0340                        Options.arena_block_size: 8388608
2022/02/11-15:32:39.435660 7fd8dabf0340   Options.soft_pending_compaction_bytes_limit: 68719476736
2022/02/11-15:32:39.435664 7fd8dabf0340   Options.hard_pending_compaction_bytes_limit: 274877906944
2022/02/11-15:32:39.435664 7fd8dabf0340       Options.rate_limit_delay_max_milliseconds: 100
2022/02/11-15:32:39.435665 7fd8dabf0340                Options.disable_auto_compactions: 0
2022/02/11-15:32:39.435665 7fd8dabf0340                        Options.compaction_style: kCompactionStyleLevel
2022/02/11-15:32:39.435666 7fd8dabf0340                          Options.compaction_pri: kMinOverlappingRatio
2022/02/11-15:32:39.435667 7fd8dabf0340 Options.compaction_options_universal.size_ratio: 1
2022/02/11-15:32:39.435667 7fd8dabf0340 Options.compaction_options_universal.min_merge_width: 2
2022/02/11-15:32:39.435667 7fd8dabf0340 Options.compaction_options_universal.max_merge_width: 4294967295
2022/02/11-15:32:39.435668 7fd8dabf0340 Options.compaction_options_universal.max_size_amplification_percent: 200
2022/02/11-15:32:39.435668 7fd8dabf0340 Options.compaction_options_universal.compression_size_percent: -1
2022/02/11-15:32:39.435669 7fd8dabf0340 Options.compaction_options_universal.stop_style: kCompactionStopStyleTotalSize
2022/02/11-15:32:39.435669 7fd8dabf0340 Options.compaction_options_fifo.max_table_files_size: 1073741824
2022/02/11-15:32:39.435670 7fd8dabf0340 Options.compaction_options_fifo.allow_compaction: 0
2022/02/11-15:32:39.435671 7fd8dabf0340                   Options.table_properties_collectors: 
2022/02/11-15:32:39.435671 7fd8dabf0340                   Options.inplace_update_support: 0
2022/02/11-15:32:39.435672 7fd8dabf0340                 Options.inplace_update_num_locks: 10000
2022/02/11-15:32:39.435672 7fd8dabf0340               Options.memtable_prefix_bloom_size_ratio: 0.000000
2022/02/11-15:32:39.435673 7fd8dabf0340               Options.memtable_whole_key_filtering: 0
2022/02/11-15:32:39.435673 7fd8dabf0340   Options.memtable_huge_page_size: 0
2022/02/11-15:32:39.435674 7fd8dabf0340                           Options.bloom_locality: 0
2022/02/11-15:32:39.435674 7fd8dabf0340                    Options.max_successive_merges: 0
2022/02/11-15:32:39.435675 7fd8dabf0340                Options.optimize_filters_for_hits: 0
2022/02/11-15:32:39.435675 7fd8dabf0340                Options.paranoid_file_checks: 0
2022/02/11-15:32:39.435675 7fd8dabf0340                Options.force_consistency_checks: 1
2022/02/11-15:32:39.435676 7fd8dabf0340                Options.report_bg_io_stats: 0
2022/02/11-15:32:39.435676 7fd8dabf0340                               Options.ttl: 2592000
2022/02/11-15:32:39.435677 7fd8dabf0340          Options.periodic_compaction_seconds: 0
2022/02/11-15:32:39.435677 7fd8dabf0340                    Options.enable_blob_files: false
2022/02/11-15:32:39.435678 7fd8dabf0340                        Options.min_blob_size: 0
2022/02/11-15:32:39.435678 7fd8dabf0340                       Options.blob_file_size: 268435456
2022/02/11-15:32:39.435679 7fd8dabf0340                Options.blob_compression_type: NoCompression
2022/02/11-15:32:39.435679 7fd8dabf0340       Options.enable_blob_garbage_collection: false
2022/02/11-15:32:39.435680 7fd8dabf0340   Options.blob_garbage_collection_age_cutoff: 0.250000
2022/02/11-15:32:39.435696 7fd8dabf0340 [db/column_family.cc:596] --------------- Options for column family [certificates]:
2022/02/11-15:32:39.435696 7fd8dabf0340               Options.comparator: leveldb.BytewiseComparator
2022/02/11-15:32:39.435697 7fd8dabf0340           Options.merge_operator: None
2022/02/11-15:32:39.435697 7fd8dabf0340        Options.compaction_filter: None
2022/02/11-15:32:39.435698 7fd8dabf0340        Options.compaction_filter_factory: None
2022/02/11-15:32:39.435698 7fd8dabf0340  Options.sst_partitioner_factory: None
2022/02/11-15:32:39.435699 7fd8dabf0340         Options.memtable_factory: SkipListFactory
2022/02/11-15:32:39.435699 7fd8dabf0340            Options.table_factory: BlockBasedTable
2022/02/11-15:32:39.435708 7fd8dabf0340            table_factory options:   flush_block_policy_factory: FlushBlockBySizePolicyFactory (0x55b88ce61850)
  cache_index_and_filter_blocks: 0
  cache_index_and_filter_blocks_with_high_priority: 1
  pin_l0_filter_and_index_blocks_in_cache: 0
  pin_top_level_index_and_filter: 1
  index_type: 0
  data_block_index_type: 0
  index_shortening: 1
  data_block_hash_table_util_ratio: 0.750000
  hash_index_allow_collision: 1
  checksum: 1
  no_block_cache: 0
  block_cache: 0x55b88ce544d0
  block_cache_name: LRUCache
  block_cache_options:
    capacity : 8388608
    num_shard_bits : 4
    strict_capacity_limit : 0
    memory_allocator : None
    high_pri_pool_ratio: 0.000
  block_cache_compressed: (nil)
  persistent_cache: (nil)
  block_size: 4096
  block_size_deviation: 10
  block_restart_interval: 16
  index_block_restart_interval: 1
  metadata_block_size: 4096
  partition_filters: 0
  use_delta_encoding: 1
  filter_policy: nullptr
  whole_key_filtering: 1
  verify_compression: 0
  read_amp_bytes_per_bit: 0
  format_version: 5
  enable_index_compression: 1
  block_align: 0
2022/02/11-15:32:39.435712 7fd8dabf0340        Options.write_buffer_size: 67108864
2022/02/11-15:32:39.435713 7fd8dabf0340  Options.max_write_buffer_number: 2
2022/02/11-15:32:39.435713 7fd8dabf0340          Options.compression: Snappy
2022/02/11-15:32:39.435714 7fd8dabf0340                  Options.bottommost_compression: Disabled
2022/02/11-15:32:39.435714 7fd8dabf0340       Options.prefix_extractor: nullptr
2022/02/11-15:32:39.435715 7fd8dabf0340   Options.memtable_insert_with_hint_prefix_extractor: nullptr
2022/02/11-15:32:39.435715 7fd8dabf0340             Options.num_levels: 7
2022/02/11-15:32:39.435715 7fd8dabf0340        Options.min_write_buffer_number_to_merge: 1
2022/02/11-15:32:39.435716 7fd8dabf0340     Options.max_write_buffer_number_to_maintain: 0
2022/02/11-15:32:39.435716 7fd8dabf0340     Options.max_write_buffer_size_to_maintain: 0
2022/02/11-15:32:39.435717 7fd8dabf0340            Options.bottommost_compression_opts.window_bits: -14
2022/02/11-15:32:39.435717 7fd8dabf0340                  Options.bottommost_compression_opts.level: 32767
2022/02/11-15:32:39.435718 7fd8dabf0340               Options.bottommost_compression_opts.strategy: 0
2022/02/11-15:32:39.435718 7fd8dabf0340         Options.bottommost_compression_opts.max_dict_bytes: 0
2022/02/11-15:32:39.435719 7fd8dabf0340         Options.bottommost_compression_opts.zstd_max_train_bytes: 0
2022/02/11-15:32:39.435719 7fd8dabf0340         Options.bottommost_compression_opts.parallel_threads: 1
2022/02/11-15:32:39.435719 7fd8dabf0340                  Options.bottommost_compression_opts.enabled: false
2022/02/11-15:32:39.435720 7fd8dabf0340         Options.bottommost_compression_opts.max_dict_buffer_bytes: 0
2022/02/11-15:32:39.435720 7fd8dabf0340            Options.compression_opts.window_bits: -14
2022/02/11-15:32:39.435721 7fd8dabf0340                  Options.compression_opts.level: 32767
2022/02/11-15:32:39.435721 7fd8dabf0340               Options.compression_opts.strategy: 0
2022/02/11-15:32:39.435722 7fd8dabf0340         Options.compression_opts.max_dict_bytes: 0
2022/02/11-15:32:39.435722 7fd8dabf0340         Options.compression_opts.zstd_max_train_bytes: 0
2022/02/11-15:32:39.435722 7fd8dabf0340         Options.compression_opts.parallel_threads: 1
2022/02/11-15:32:39.435723 7fd8dabf0340                  Options.compression_opts.enabled: false
2022/02/11-15:32:39.435723 7fd8dabf0340         Options.compression_opts.max_dict_buffer_bytes: 0
2022/02/11-15:32:39.435724 7fd8dabf0340      Options.level0_file_num_compaction_trigger: 4
2022/02/11-15:32:39.435724 7fd8dabf0340          Options.level0_slowdown_writes_trigger: 20
2022/02/11-15:32:39.435725 7fd8dabf0340              Options.level0_stop_writes_trigger: 36
2022/02/11-15:32:39.435725 7fd8dabf0340                   Options.target_file_size_base: 67108864
2022/02/11-15:32:39.435726 7fd8dabf0340             Options.target_file_size_multiplier: 1
2022/02/11-15:32:39.435726 7fd8dabf0340                Options.max_bytes_for_level_base: 268435456
2022/02/11-15:32:39.435726 7fd8dabf0340 Options.level_compaction_dynamic_level_bytes: 0
2022/02/11-15:32:39.435731 7fd8dabf0340          Options.max_bytes_for_level_multiplier: 10.000000
2022/02/11-15:32:39.435731 7fd8dabf0340 Options.max_bytes_for_level_multiplier_addtl[0]: 1
2022/02/11-15:32:39.435732 7fd8dabf0340 Options.max_bytes_for_level_multiplier_addtl[1]: 1
2022/02/11-15:32:39.435732 7fd8dabf0340 Options.max_bytes_for_level_multiplier_addtl[2]: 1
2022/02/11-15:32:39.435733 7fd8dabf0340 Options.max_bytes_for_level_multiplier_addtl[3]: 1
2022/02/11-15:32:39.435733 7fd8dabf0340 Options.max_bytes_for_level_multiplier_addtl[4]: 1
2022/02/11-15:32:39.435734 7fd8dabf0340 Options.max_bytes_for_level_multiplier_addtl[5]: 1
2022/02/11-15:32:39.435734 7fd8dabf0340 Options.max_bytes_for_level_multiplier_addtl[6]: 1
2022/02/11-15:32:39.435735 7fd8dabf0340       Options.max_sequential_skip_in_iterations: 8
2022/02/11-15:32:39.435735 7fd8dabf0340                    Options.max_compaction_bytes: 1677721600
2022/02/11-15:32:39.435736 7fd8dabf0340                        Options.arena_block_size: 8388608
2022/02/11-15:32:39.435736 7fd8dabf0340   Options.soft_pending_compaction_bytes_limit: 68719476736
2022/02/11-15:32:39.435736 7fd8dabf0340   Options.hard_pending_compaction_bytes_limit: 274877906944
2022/02/11-15:32:39.435737 7fd8dabf0340       Options.rate_limit_delay_max_milliseconds: 100
2022/02/11-15:32:39.435737 7fd8dabf0340                Options.disable_auto_compactions: 0
2022/02/11-15:32:39.435738 7fd8dabf0340                        Options.compaction_style: kCompactionStyleLevel
2022/02/11-15:32:39.435739 7fd8dabf0340                          Options.compaction_pri: kMinOverlappingRatio
2022/02/11-15:32:39.435739 7fd8dabf0340 Options.compaction_options_universal.size_ratio: 1
2022/02/11-15:32:39.435739 7fd8dabf0340 Options.compaction_options_universal.min_merge_width: 2
2022/02/11-15:32:39.435740 7fd8dabf0340 Options.compaction_options_universal.max_merge_width: 4294967295
2022/02/11-15:32:39.435740 7fd8dabf0340 Options.compaction_options_universal.max_size_amplification_percent: 200
2022/02/11-15:32:39.435741 7fd8dabf0340 Options.compaction_options_universal.compression_size_percent: -1
2022/02/11-15:32:39.435741 7fd8dabf0340 Options.compaction_options_universal.stop_style: kCompactionStopStyleTotalSize
2022/02/11-15:32:39.435742 7fd8dabf0340 Options.compaction_options_fifo.max_table_files_size: 1073741824
2022/02/11-15:32:39.435742 7fd8dabf0340 Options.compaction_options_fifo.allow_compaction: 0
2022/02/11-15:32:39.435743 7fd8dabf0340                   Options.table_properties_collectors: 
2022/02/11-15:32:39.435744 7fd8dabf0340                   Options.inplace_update_support: 0
2022/02/11-15:32:39.435744 7fd8dabf0340                 Options.inplace_update_num_locks: 10000
2022/02/11-15:32:39.435745 7fd8dabf0340               Options.memtable_prefix_bloom_size_ratio: 0.000000
2022/02/11-15:32:39.435745 7fd8dabf0340               Options.memtable_whole_key_filtering: 0
2022/02/11-15:32:39.435746 7fd8dabf0340   Options.memtable_huge_page_size: 0
2022/02/11-15:32:39.435746 7fd8dabf0340                           Options.bloom_locality: 0
2022/02/11-15:32:39.435746 7fd8dabf0340                    Options.max_successive_merges: 0
2022/02/11-15:32:39.435747 7fd8dabf0340                Options.optimize_filters_for_hits: 0
2022/02/11-15:32:39.435747 7fd8dabf0340                Options.paranoid_file_checks: 0
2022/02/11-15:32:39.435748 7fd8dabf0340                Options.force_consistency_checks: 1
2022/02/11-15:32:39.435748 7fd8dabf0340                Options.report_bg_io_stats: 0
2022/02/11-15:32:39.435749 7fd8dabf0340                               Options.ttl: 2592000
2022/02/11-15:32:39.435749 7fd8dabf0340          Options.periodic_compaction_seconds: 0
2022/02/11-15:32:39.435749 7fd8dabf0340                    Options.enable_blob_files: false
2022/02/11-15:32:39.435750 7fd8dabf0340                        Options.min_blob_size: 0
2022/02/11-15:32:39.435750 7fd8dabf0340                       Options.blob_file_size: 268435456
2022/02/11-15:32:39.435751 7fd8dabf0340                Options.blob_compression_type: NoCompression
2022/02/11-15:32:39.435754 7fd8dabf0340       Options.enable_blob_garbage_collection: false
2022/02/11-15:32:39.435754 7fd8dabf0340   Options.blob_garbage_collection_age_cutoff: 0.250000
2022/02/11-15:32:39.435768 7fd8dabf0340 [db/column_family.cc:596] --------------- Options for column family [object_certs]:
2022/02/11-15:32:39.435769 7fd8dabf0340               Options.comparator: leveldb.BytewiseComparator
2022/02/11-15:32:39.435769 7fd8dabf0340           Options.merge_operator: None
2022/02/11-15:32:39.435770 7fd8dabf0340        Options.compaction_filter: None
2022/02/11-15:32:39.435770 7fd8dabf0340        Options.compaction_filter_factory: None
2022/02/11-15:32:39.435771 7fd8dabf0340  Options.sst_partitioner_factory: None
2022/02/11-15:32:39.435771 7fd8dabf0340         Options.memtable_factory: SkipListFactory
2022/02/11-15:32:39.435771 7fd8dabf0340            Options.table_factory: BlockBasedTable
2022/02/11-15:32:39.435780 7fd8dabf0340            table_factory options:   flush_block_policy_factory: FlushBlockBySizePolicyFactory (0x55b88ce550c0)
  cache_index_and_filter_blocks: 0
  cache_index_and_filter_blocks_with_high_priority: 1
  pin_l0_filter_and_index_blocks_in_cache: 0
  pin_top_level_index_and_filter: 1
  index_type: 0
  data_block_index_type: 0
  index_shortening: 1
  data_block_hash_table_util_ratio: 0.750000
  hash_index_allow_collision: 1
  checksum: 1
  no_block_cache: 0
  block_cache: 0x55b88cd8ff20
  block_cache_name: LRUCache
  block_cache_options:
    capacity : 8388608
    num_shard_bits : 4
    strict_capacity_limit : 0
    memory_allocator : None
    high_pri_pool_ratio: 0.000
  block_cache_compressed: (nil)
  persistent_cache: (nil)
  block_size: 4096
  block_size_deviation: 10
  block_restart_interval: 16
  index_block_restart_interval: 1
  metadata_block_size: 4096
  partition_filters: 0
  use_delta_encoding: 1
  filter_policy: nullptr
  whole_key_filtering: 1
  verify_compression: 0
  read_amp_bytes_per_bit: 0
  format_version: 5
  enable_index_compression: 1
  block_align: 0
2022/02/11-15:32:39.435780 7fd8dabf0340        Options.write_buffer_size: 67108864
2022/02/11-15:32:39.435781 7fd8dabf0340  Options.max_write_buffer_number: 2
2022/02/11-15:32:39.435781 7fd8dabf0340          Options.compression: Snappy
2022/02/11-15:32:39.435782 7fd8dabf0340                  Options.bottommost_compression: Disabled
2022/02/11-15:32:39.435782 7fd8dabf0340       Options.prefix_extractor: nullptr
2022/02/11-15:32:39.435783 7fd8dabf0340   Options.memtable_insert_with_hint_prefix_extractor: nullptr
2022/02/11-15:32:39.435783 7fd8dabf0340             Options.num_levels: 7
2022/02/11-15:32:39.435784 7fd8dabf0340        Options.min_write_buffer_number_to_merge: 1
2022/02/11-15:32:39.435784 7fd8dabf0340     Options.max_write_buffer_number_to_maintain: 0
2022/02/11-15:32:39.435785 7fd8dabf0340     Options.max_write_buffer_size_to_maintain: 0
2022/02/11-15:32:39.435785 7fd8dabf0340            Options.bottommost_compression_opts.window_bits: -14
