2022/02/11-15:49:24.705234 7fe45ba6f340 RocksDB version: 6.20.3
2022/02/11-15:49:24.705244 7fe45ba6f340 Git sha 8608d75d85f8e1b3b64b73a4fb6d19baec61ba5c
2022/02/11-15:49:24.705245 7fe45ba6f340 Compile date 2021-05-05 20:35:30
2022/02/11-15:49:24.705293 7fe45ba6f340 DB SUMMARY
2022/02/11-15:49:24.705295 7fe45ba6f340 DB Session ID:  6WRM5TA7ATM08IX7TBKK
2022/02/11-15:49:24.705313 7fe45ba6f340 CURRENT file:  CURRENT
2022/02/11-15:49:24.705314 7fe45ba6f340 IDENTITY file:  IDENTITY
2022/02/11-15:49:24.705316 7fe45ba6f340 MANIFEST file:  MANIFEST-000226 size: 951 Bytes
2022/02/11-15:49:24.705317 7fe45ba6f340 SST files in ./client_db/k#a9eff1f7749e371e164b559237dd14d97858afc965262b6e2bebc05594188d1a dir, Total Num: 0, files: 
2022/02/11-15:49:24.705317 7fe45ba6f340 Write Ahead Log file in ./client_db/k#a9eff1f7749e371e164b559237dd14d97858afc965262b6e2bebc05594188d1a: 000227.log size: 810 ; 
2022/02/11-15:49:24.705319 7fe45ba6f340                         Options.error_if_exists: 0
2022/02/11-15:49:24.705320 7fe45ba6f340                       Options.create_if_missing: 1
2022/02/11-15:49:24.705320 7fe45ba6f340                         Options.paranoid_checks: 1
2022/02/11-15:49:24.705321 7fe45ba6f340                               Options.track_and_verify_wals_in_manifest: 0
2022/02/11-15:49:24.705321 7fe45ba6f340                                     Options.env: 0x559ea3661420
2022/02/11-15:49:24.705322 7fe45ba6f340                                      Options.fs: Posix File System
2022/02/11-15:49:24.705323 7fe45ba6f340                                Options.info_log: 0x559ea493fe40
2022/02/11-15:49:24.705323 7fe45ba6f340                Options.max_file_opening_threads: 16
2022/02/11-15:49:24.705324 7fe45ba6f340                              Options.statistics: (nil)
2022/02/11-15:49:24.705324 7fe45ba6f340                               Options.use_fsync: 0
2022/02/11-15:49:24.705325 7fe45ba6f340                       Options.max_log_file_size: 0
2022/02/11-15:49:24.705325 7fe45ba6f340                  Options.max_manifest_file_size: 1073741824
2022/02/11-15:49:24.705326 7fe45ba6f340                   Options.log_file_time_to_roll: 0
2022/02/11-15:49:24.705326 7fe45ba6f340                       Options.keep_log_file_num: 1000
2022/02/11-15:49:24.705327 7fe45ba6f340                    Options.recycle_log_file_num: 0
2022/02/11-15:49:24.705327 7fe45ba6f340                         Options.allow_fallocate: 1
2022/02/11-15:49:24.705328 7fe45ba6f340                        Options.allow_mmap_reads: 0
2022/02/11-15:49:24.705328 7fe45ba6f340                       Options.allow_mmap_writes: 0
2022/02/11-15:49:24.705328 7fe45ba6f340                        Options.use_direct_reads: 0
2022/02/11-15:49:24.705329 7fe45ba6f340                        Options.use_direct_io_for_flush_and_compaction: 0
2022/02/11-15:49:24.705329 7fe45ba6f340          Options.create_missing_column_families: 1
2022/02/11-15:49:24.705330 7fe45ba6f340                              Options.db_log_dir: 
2022/02/11-15:49:24.705330 7fe45ba6f340                                 Options.wal_dir: ./client_db/k#a9eff1f7749e371e164b559237dd14d97858afc965262b6e2bebc05594188d1a
2022/02/11-15:49:24.705331 7fe45ba6f340                Options.table_cache_numshardbits: 6
2022/02/11-15:49:24.705331 7fe45ba6f340                         Options.WAL_ttl_seconds: 0
2022/02/11-15:49:24.705332 7fe45ba6f340                       Options.WAL_size_limit_MB: 0
2022/02/11-15:49:24.705332 7fe45ba6f340                        Options.max_write_batch_group_size_bytes: 1048576
2022/02/11-15:49:24.705333 7fe45ba6f340             Options.manifest_preallocation_size: 4194304
2022/02/11-15:49:24.705333 7fe45ba6f340                     Options.is_fd_close_on_exec: 1
2022/02/11-15:49:24.705334 7fe45ba6f340                   Options.advise_random_on_open: 1
2022/02/11-15:49:24.705334 7fe45ba6f340                    Options.db_write_buffer_size: 0
2022/02/11-15:49:24.705334 7fe45ba6f340                    Options.write_buffer_manager: 0x559ea49bd370
2022/02/11-15:49:24.705335 7fe45ba6f340         Options.access_hint_on_compaction_start: 1
2022/02/11-15:49:24.705335 7fe45ba6f340  Options.new_table_reader_for_compaction_inputs: 0
2022/02/11-15:49:24.705342 7fe45ba6f340           Options.random_access_max_buffer_size: 1048576
2022/02/11-15:49:24.705342 7fe45ba6f340                      Options.use_adaptive_mutex: 0
2022/02/11-15:49:24.705343 7fe45ba6f340                            Options.rate_limiter: (nil)
2022/02/11-15:49:24.705344 7fe45ba6f340     Options.sst_file_manager.rate_bytes_per_sec: 0
2022/02/11-15:49:24.705344 7fe45ba6f340                       Options.wal_recovery_mode: 2
2022/02/11-15:49:24.705345 7fe45ba6f340                  Options.enable_thread_tracking: 0
2022/02/11-15:49:24.705345 7fe45ba6f340                  Options.enable_pipelined_write: 0
2022/02/11-15:49:24.705345 7fe45ba6f340                  Options.unordered_write: 0
2022/02/11-15:49:24.705346 7fe45ba6f340         Options.allow_concurrent_memtable_write: 1
2022/02/11-15:49:24.705346 7fe45ba6f340      Options.enable_write_thread_adaptive_yield: 1
2022/02/11-15:49:24.705347 7fe45ba6f340             Options.write_thread_max_yield_usec: 100
2022/02/11-15:49:24.705347 7fe45ba6f340            Options.write_thread_slow_yield_usec: 3
2022/02/11-15:49:24.705348 7fe45ba6f340                               Options.row_cache: None
2022/02/11-15:49:24.705348 7fe45ba6f340                              Options.wal_filter: None
2022/02/11-15:49:24.705349 7fe45ba6f340             Options.avoid_flush_during_recovery: 0
2022/02/11-15:49:24.705349 7fe45ba6f340             Options.allow_ingest_behind: 0
2022/02/11-15:49:24.705350 7fe45ba6f340             Options.preserve_deletes: 0
2022/02/11-15:49:24.705350 7fe45ba6f340             Options.two_write_queues: 0
2022/02/11-15:49:24.705350 7fe45ba6f340             Options.manual_wal_flush: 0
2022/02/11-15:49:24.705351 7fe45ba6f340             Options.atomic_flush: 0
2022/02/11-15:49:24.705351 7fe45ba6f340             Options.avoid_unnecessary_blocking_io: 0
2022/02/11-15:49:24.705352 7fe45ba6f340                 Options.persist_stats_to_disk: 0
2022/02/11-15:49:24.705352 7fe45ba6f340                 Options.write_dbid_to_manifest: 0
2022/02/11-15:49:24.705353 7fe45ba6f340                 Options.log_readahead_size: 0
2022/02/11-15:49:24.705353 7fe45ba6f340                 Options.file_checksum_gen_factory: Unknown
2022/02/11-15:49:24.705354 7fe45ba6f340                 Options.best_efforts_recovery: 0
2022/02/11-15:49:24.705354 7fe45ba6f340                Options.max_bgerror_resume_count: 2147483647
2022/02/11-15:49:24.705355 7fe45ba6f340            Options.bgerror_resume_retry_interval: 1000000
2022/02/11-15:49:24.705355 7fe45ba6f340             Options.allow_data_in_errors: 0
2022/02/11-15:49:24.705355 7fe45ba6f340             Options.db_host_id: __hostname__
2022/02/11-15:49:24.705356 7fe45ba6f340             Options.max_background_jobs: 2
2022/02/11-15:49:24.705356 7fe45ba6f340             Options.max_background_compactions: -1
2022/02/11-15:49:24.705357 7fe45ba6f340             Options.max_subcompactions: 1
2022/02/11-15:49:24.705357 7fe45ba6f340             Options.avoid_flush_during_shutdown: 0
2022/02/11-15:49:24.705358 7fe45ba6f340           Options.writable_file_max_buffer_size: 1048576
2022/02/11-15:49:24.705358 7fe45ba6f340             Options.delayed_write_rate : 16777216
2022/02/11-15:49:24.705359 7fe45ba6f340             Options.max_total_wal_size: 0
2022/02/11-15:49:24.705359 7fe45ba6f340             Options.delete_obsolete_files_period_micros: 21600000000
2022/02/11-15:49:24.705360 7fe45ba6f340                   Options.stats_dump_period_sec: 600
2022/02/11-15:49:24.705360 7fe45ba6f340                 Options.stats_persist_period_sec: 600
2022/02/11-15:49:24.705361 7fe45ba6f340                 Options.stats_history_buffer_size: 1048576
2022/02/11-15:49:24.705361 7fe45ba6f340                          Options.max_open_files: -1
2022/02/11-15:49:24.705362 7fe45ba6f340                          Options.bytes_per_sync: 0
2022/02/11-15:49:24.705362 7fe45ba6f340                      Options.wal_bytes_per_sync: 0
2022/02/11-15:49:24.705363 7fe45ba6f340                   Options.strict_bytes_per_sync: 0
2022/02/11-15:49:24.705366 7fe45ba6f340       Options.compaction_readahead_size: 0
2022/02/11-15:49:24.705367 7fe45ba6f340                  Options.max_background_flushes: -1
2022/02/11-15:49:24.705367 7fe45ba6f340 Compression algorithms supported:
2022/02/11-15:49:24.705368 7fe45ba6f340 	kZSTDNotFinalCompression supported: 1
2022/02/11-15:49:24.705369 7fe45ba6f340 	kZSTD supported: 1
2022/02/11-15:49:24.705369 7fe45ba6f340 	kXpressCompression supported: 0
2022/02/11-15:49:24.705370 7fe45ba6f340 	kLZ4HCCompression supported: 1
2022/02/11-15:49:24.705370 7fe45ba6f340 	kLZ4Compression supported: 1
2022/02/11-15:49:24.705371 7fe45ba6f340 	kBZip2Compression supported: 1
2022/02/11-15:49:24.705371 7fe45ba6f340 	kZlibCompression supported: 1
2022/02/11-15:49:24.705372 7fe45ba6f340 	kSnappyCompression supported: 1
2022/02/11-15:49:24.705373 7fe45ba6f340 Fast CRC32 supported: Not supported on x86
2022/02/11-15:49:24.705393 7fe45ba6f340 [db/version_set.cc:4626] Recovering from manifest file: ./client_db/k#a9eff1f7749e371e164b559237dd14d97858afc965262b6e2bebc05594188d1a/MANIFEST-000226
2022/02/11-15:49:24.705454 7fe45ba6f340 [db/column_family.cc:596] --------------- Options for column family [default]:
2022/02/11-15:49:24.705455 7fe45ba6f340               Options.comparator: leveldb.BytewiseComparator
2022/02/11-15:49:24.705456 7fe45ba6f340           Options.merge_operator: None
2022/02/11-15:49:24.705456 7fe45ba6f340        Options.compaction_filter: None
2022/02/11-15:49:24.705457 7fe45ba6f340        Options.compaction_filter_factory: None
2022/02/11-15:49:24.705457 7fe45ba6f340  Options.sst_partitioner_factory: None
2022/02/11-15:49:24.705458 7fe45ba6f340         Options.memtable_factory: SkipListFactory
2022/02/11-15:49:24.705458 7fe45ba6f340            Options.table_factory: BlockBasedTable
2022/02/11-15:49:24.705471 7fe45ba6f340            table_factory options:   flush_block_policy_factory: FlushBlockBySizePolicyFactory (0x559ea48c5bd0)
  cache_index_and_filter_blocks: 0
  cache_index_and_filter_blocks_with_high_priority: 1
  pin_l0_filter_and_index_blocks_in_cache: 0
  pin_top_level_index_and_filter: 1
  index_type: 0
  data_block_index_type: 0
  index_shortening: 1
  data_block_hash_table_util_ratio: 0.750000
  hash_index_allow_collision: 1
  checksum: 1
  no_block_cache: 0
  block_cache: 0x559ea49ccd20
  block_cache_name: LRUCache
  block_cache_options:
    capacity : 8388608
    num_shard_bits : 4
    strict_capacity_limit : 0
    memory_allocator : None
    high_pri_pool_ratio: 0.000
  block_cache_compressed: (nil)
  persistent_cache: (nil)
  block_size: 4096
  block_size_deviation: 10
  block_restart_interval: 16
  index_block_restart_interval: 1
  metadata_block_size: 4096
  partition_filters: 0
  use_delta_encoding: 1
  filter_policy: nullptr
  whole_key_filtering: 1
  verify_compression: 0
  read_amp_bytes_per_bit: 0
  format_version: 5
  enable_index_compression: 1
  block_align: 0
2022/02/11-15:49:24.705472 7fe45ba6f340        Options.write_buffer_size: 67108864
2022/02/11-15:49:24.705472 7fe45ba6f340  Options.max_write_buffer_number: 2
2022/02/11-15:49:24.705473 7fe45ba6f340          Options.compression: Snappy
2022/02/11-15:49:24.705473 7fe45ba6f340                  Options.bottommost_compression: Disabled
2022/02/11-15:49:24.705474 7fe45ba6f340       Options.prefix_extractor: nullptr
2022/02/11-15:49:24.705474 7fe45ba6f340   Options.memtable_insert_with_hint_prefix_extractor: nullptr
2022/02/11-15:49:24.705475 7fe45ba6f340             Options.num_levels: 7
2022/02/11-15:49:24.705475 7fe45ba6f340        Options.min_write_buffer_number_to_merge: 1
2022/02/11-15:49:24.705476 7fe45ba6f340     Options.max_write_buffer_number_to_maintain: 0
2022/02/11-15:49:24.705476 7fe45ba6f340     Options.max_write_buffer_size_to_maintain: 0
2022/02/11-15:49:24.705477 7fe45ba6f340            Options.bottommost_compression_opts.window_bits: -14
2022/02/11-15:49:24.705477 7fe45ba6f340                  Options.bottommost_compression_opts.level: 32767
2022/02/11-15:49:24.705478 7fe45ba6f340               Options.bottommost_compression_opts.strategy: 0
2022/02/11-15:49:24.705482 7fe45ba6f340         Options.bottommost_compression_opts.max_dict_bytes: 0
2022/02/11-15:49:24.705483 7fe45ba6f340         Options.bottommost_compression_opts.zstd_max_train_bytes: 0
2022/02/11-15:49:24.705483 7fe45ba6f340         Options.bottommost_compression_opts.parallel_threads: 1
2022/02/11-15:49:24.705484 7fe45ba6f340                  Options.bottommost_compression_opts.enabled: false
2022/02/11-15:49:24.705484 7fe45ba6f340         Options.bottommost_compression_opts.max_dict_buffer_bytes: 0
2022/02/11-15:49:24.705485 7fe45ba6f340            Options.compression_opts.window_bits: -14
2022/02/11-15:49:24.705485 7fe45ba6f340                  Options.compression_opts.level: 32767
2022/02/11-15:49:24.705486 7fe45ba6f340               Options.compression_opts.strategy: 0
2022/02/11-15:49:24.705486 7fe45ba6f340         Options.compression_opts.max_dict_bytes: 0
2022/02/11-15:49:24.705487 7fe45ba6f340         Options.compression_opts.zstd_max_train_bytes: 0
2022/02/11-15:49:24.705487 7fe45ba6f340         Options.compression_opts.parallel_threads: 1
2022/02/11-15:49:24.705488 7fe45ba6f340                  Options.compression_opts.enabled: false
2022/02/11-15:49:24.705488 7fe45ba6f340         Options.compression_opts.max_dict_buffer_bytes: 0
2022/02/11-15:49:24.705488 7fe45ba6f340      Options.level0_file_num_compaction_trigger: 4
2022/02/11-15:49:24.705489 7fe45ba6f340          Options.level0_slowdown_writes_trigger: 20
2022/02/11-15:49:24.705489 7fe45ba6f340              Options.level0_stop_writes_trigger: 36
2022/02/11-15:49:24.705490 7fe45ba6f340                   Options.target_file_size_base: 67108864
2022/02/11-15:49:24.705490 7fe45ba6f340             Options.target_file_size_multiplier: 1
2022/02/11-15:49:24.705491 7fe45ba6f340                Options.max_bytes_for_level_base: 268435456
2022/02/11-15:49:24.705491 7fe45ba6f340 Options.level_compaction_dynamic_level_bytes: 0
2022/02/11-15:49:24.705492 7fe45ba6f340          Options.max_bytes_for_level_multiplier: 10.000000
2022/02/11-15:49:24.705493 7fe45ba6f340 Options.max_bytes_for_level_multiplier_addtl[0]: 1
2022/02/11-15:49:24.705494 7fe45ba6f340 Options.max_bytes_for_level_multiplier_addtl[1]: 1
2022/02/11-15:49:24.705494 7fe45ba6f340 Options.max_bytes_for_level_multiplier_addtl[2]: 1
2022/02/11-15:49:24.705494 7fe45ba6f340 Options.max_bytes_for_level_multiplier_addtl[3]: 1
2022/02/11-15:49:24.705495 7fe45ba6f340 Options.max_bytes_for_level_multiplier_addtl[4]: 1
2022/02/11-15:49:24.705495 7fe45ba6f340 Options.max_bytes_for_level_multiplier_addtl[5]: 1
2022/02/11-15:49:24.705496 7fe45ba6f340 Options.max_bytes_for_level_multiplier_addtl[6]: 1
2022/02/11-15:49:24.705496 7fe45ba6f340       Options.max_sequential_skip_in_iterations: 8
2022/02/11-15:49:24.705497 7fe45ba6f340                    Options.max_compaction_bytes: 1677721600
2022/02/11-15:49:24.705497 7fe45ba6f340                        Options.arena_block_size: 8388608
2022/02/11-15:49:24.705498 7fe45ba6f340   Options.soft_pending_compaction_bytes_limit: 68719476736
2022/02/11-15:49:24.705498 7fe45ba6f340   Options.hard_pending_compaction_bytes_limit: 274877906944
2022/02/11-15:49:24.705499 7fe45ba6f340       Options.rate_limit_delay_max_milliseconds: 100
2022/02/11-15:49:24.705499 7fe45ba6f340                Options.disable_auto_compactions: 0
2022/02/11-15:49:24.705500 7fe45ba6f340                        Options.compaction_style: kCompactionStyleLevel
2022/02/11-15:49:24.705501 7fe45ba6f340                          Options.compaction_pri: kMinOverlappingRatio
2022/02/11-15:49:24.705501 7fe45ba6f340 Options.compaction_options_universal.size_ratio: 1
2022/02/11-15:49:24.705502 7fe45ba6f340 Options.compaction_options_universal.min_merge_width: 2
2022/02/11-15:49:24.705502 7fe45ba6f340 Options.compaction_options_universal.max_merge_width: 4294967295
2022/02/11-15:49:24.705503 7fe45ba6f340 Options.compaction_options_universal.max_size_amplification_percent: 200
2022/02/11-15:49:24.705503 7fe45ba6f340 Options.compaction_options_universal.compression_size_percent: -1
2022/02/11-15:49:24.705507 7fe45ba6f340 Options.compaction_options_universal.stop_style: kCompactionStopStyleTotalSize
2022/02/11-15:49:24.705507 7fe45ba6f340 Options.compaction_options_fifo.max_table_files_size: 1073741824
2022/02/11-15:49:24.705508 7fe45ba6f340 Options.compaction_options_fifo.allow_compaction: 0
2022/02/11-15:49:24.705512 7fe45ba6f340                   Options.table_properties_collectors: 
2022/02/11-15:49:24.705512 7fe45ba6f340                   Options.inplace_update_support: 0
2022/02/11-15:49:24.705513 7fe45ba6f340                 Options.inplace_update_num_locks: 10000
2022/02/11-15:49:24.705513 7fe45ba6f340               Options.memtable_prefix_bloom_size_ratio: 0.000000
2022/02/11-15:49:24.705514 7fe45ba6f340               Options.memtable_whole_key_filtering: 0
2022/02/11-15:49:24.705514 7fe45ba6f340   Options.memtable_huge_page_size: 0
2022/02/11-15:49:24.705515 7fe45ba6f340                           Options.bloom_locality: 0
2022/02/11-15:49:24.705515 7fe45ba6f340                    Options.max_successive_merges: 0
2022/02/11-15:49:24.705516 7fe45ba6f340                Options.optimize_filters_for_hits: 0
2022/02/11-15:49:24.705516 7fe45ba6f340                Options.paranoid_file_checks: 0
2022/02/11-15:49:24.705517 7fe45ba6f340                Options.force_consistency_checks: 1
2022/02/11-15:49:24.705517 7fe45ba6f340                Options.report_bg_io_stats: 0
2022/02/11-15:49:24.705518 7fe45ba6f340                               Options.ttl: 2592000
2022/02/11-15:49:24.705518 7fe45ba6f340          Options.periodic_compaction_seconds: 0
2022/02/11-15:49:24.705518 7fe45ba6f340                    Options.enable_blob_files: false
2022/02/11-15:49:24.705519 7fe45ba6f340                        Options.min_blob_size: 0
2022/02/11-15:49:24.705519 7fe45ba6f340                       Options.blob_file_size: 268435456
2022/02/11-15:49:24.705520 7fe45ba6f340                Options.blob_compression_type: NoCompression
2022/02/11-15:49:24.705520 7fe45ba6f340       Options.enable_blob_garbage_collection: false
2022/02/11-15:49:24.705521 7fe45ba6f340   Options.blob_garbage_collection_age_cutoff: 0.250000
2022/02/11-15:49:24.705543 7fe45ba6f340 [db/column_family.cc:596] --------------- Options for column family [pending_orders]:
2022/02/11-15:49:24.705544 7fe45ba6f340               Options.comparator: leveldb.BytewiseComparator
2022/02/11-15:49:24.705545 7fe45ba6f340           Options.merge_operator: None
2022/02/11-15:49:24.705545 7fe45ba6f340        Options.compaction_filter: None
2022/02/11-15:49:24.705546 7fe45ba6f340        Options.compaction_filter_factory: None
2022/02/11-15:49:24.705546 7fe45ba6f340  Options.sst_partitioner_factory: None
2022/02/11-15:49:24.705547 7fe45ba6f340         Options.memtable_factory: SkipListFactory
2022/02/11-15:49:24.705547 7fe45ba6f340            Options.table_factory: BlockBasedTable
2022/02/11-15:49:24.705557 7fe45ba6f340            table_factory options:   flush_block_policy_factory: FlushBlockBySizePolicyFactory (0x559ea473bef0)
  cache_index_and_filter_blocks: 0
  cache_index_and_filter_blocks_with_high_priority: 1
  pin_l0_filter_and_index_blocks_in_cache: 0
  pin_top_level_index_and_filter: 1
  index_type: 0
  data_block_index_type: 0
  index_shortening: 1
  data_block_hash_table_util_ratio: 0.750000
  hash_index_allow_collision: 1
  checksum: 1
  no_block_cache: 0
  block_cache: 0x559ea49d4550
  block_cache_name: LRUCache
  block_cache_options:
    capacity : 8388608
    num_shard_bits : 4
    strict_capacity_limit : 0
    memory_allocator : None
    high_pri_pool_ratio: 0.000
  block_cache_compressed: (nil)
  persistent_cache: (nil)
  block_size: 4096
  block_size_deviation: 10
  block_restart_interval: 16
  index_block_restart_interval: 1
  metadata_block_size: 4096
  partition_filters: 0
  use_delta_encoding: 1
  filter_policy: nullptr
  whole_key_filtering: 1
  verify_compression: 0
  read_amp_bytes_per_bit: 0
  format_version: 5
  enable_index_compression: 1
  block_align: 0
2022/02/11-15:49:24.705558 7fe45ba6f340        Options.write_buffer_size: 67108864
2022/02/11-15:49:24.705562 7fe45ba6f340  Options.max_write_buffer_number: 2
2022/02/11-15:49:24.705563 7fe45ba6f340          Options.compression: Snappy
2022/02/11-15:49:24.705563 7fe45ba6f340                  Options.bottommost_compression: Disabled
2022/02/11-15:49:24.705563 7fe45ba6f340       Options.prefix_extractor: nullptr
2022/02/11-15:49:24.705564 7fe45ba6f340   Options.memtable_insert_with_hint_prefix_extractor: nullptr
2022/02/11-15:49:24.705564 7fe45ba6f340             Options.num_levels: 7
2022/02/11-15:49:24.705565 7fe45ba6f340        Options.min_write_buffer_number_to_merge: 1
2022/02/11-15:49:24.705565 7fe45ba6f340     Options.max_write_buffer_number_to_maintain: 0
2022/02/11-15:49:24.705566 7fe45ba6f340     Options.max_write_buffer_size_to_maintain: 0
2022/02/11-15:49:24.705566 7fe45ba6f340            Options.bottommost_compression_opts.window_bits: -14
2022/02/11-15:49:24.705567 7fe45ba6f340                  Options.bottommost_compression_opts.level: 32767
2022/02/11-15:49:24.705567 7fe45ba6f340               Options.bottommost_compression_opts.strategy: 0
2022/02/11-15:49:24.705568 7fe45ba6f340         Options.bottommost_compression_opts.max_dict_bytes: 0
2022/02/11-15:49:24.705568 7fe45ba6f340         Options.bottommost_compression_opts.zstd_max_train_bytes: 0
2022/02/11-15:49:24.705568 7fe45ba6f340         Options.bottommost_compression_opts.parallel_threads: 1
2022/02/11-15:49:24.705569 7fe45ba6f340                  Options.bottommost_compression_opts.enabled: false
2022/02/11-15:49:24.705569 7fe45ba6f340         Options.bottommost_compression_opts.max_dict_buffer_bytes: 0
2022/02/11-15:49:24.705570 7fe45ba6f340            Options.compression_opts.window_bits: -14
2022/02/11-15:49:24.705570 7fe45ba6f340                  Options.compression_opts.level: 32767
2022/02/11-15:49:24.705571 7fe45ba6f340               Options.compression_opts.strategy: 0
2022/02/11-15:49:24.705571 7fe45ba6f340         Options.compression_opts.max_dict_bytes: 0
2022/02/11-15:49:24.705572 7fe45ba6f340         Options.compression_opts.zstd_max_train_bytes: 0
2022/02/11-15:49:24.705572 7fe45ba6f340         Options.compression_opts.parallel_threads: 1
2022/02/11-15:49:24.705573 7fe45ba6f340                  Options.compression_opts.enabled: false
2022/02/11-15:49:24.705573 7fe45ba6f340         Options.compression_opts.max_dict_buffer_bytes: 0
2022/02/11-15:49:24.705573 7fe45ba6f340      Options.level0_file_num_compaction_trigger: 4
2022/02/11-15:49:24.705574 7fe45ba6f340          Options.level0_slowdown_writes_trigger: 20
2022/02/11-15:49:24.705574 7fe45ba6f340              Options.level0_stop_writes_trigger: 36
2022/02/11-15:49:24.705575 7fe45ba6f340                   Options.target_file_size_base: 67108864
2022/02/11-15:49:24.705575 7fe45ba6f340             Options.target_file_size_multiplier: 1
2022/02/11-15:49:24.705576 7fe45ba6f340                Options.max_bytes_for_level_base: 268435456
2022/02/11-15:49:24.705576 7fe45ba6f340 Options.level_compaction_dynamic_level_bytes: 0
2022/02/11-15:49:24.705577 7fe45ba6f340          Options.max_bytes_for_level_multiplier: 10.000000
2022/02/11-15:49:24.705577 7fe45ba6f340 Options.max_bytes_for_level_multiplier_addtl[0]: 1
2022/02/11-15:49:24.705578 7fe45ba6f340 Options.max_bytes_for_level_multiplier_addtl[1]: 1
2022/02/11-15:49:24.705578 7fe45ba6f340 Options.max_bytes_for_level_multiplier_addtl[2]: 1
2022/02/11-15:49:24.705579 7fe45ba6f340 Options.max_bytes_for_level_multiplier_addtl[3]: 1
2022/02/11-15:49:24.705579 7fe45ba6f340 Options.max_bytes_for_level_multiplier_addtl[4]: 1
2022/02/11-15:49:24.705580 7fe45ba6f340 Options.max_bytes_for_level_multiplier_addtl[5]: 1
2022/02/11-15:49:24.705580 7fe45ba6f340 Options.max_bytes_for_level_multiplier_addtl[6]: 1
2022/02/11-15:49:24.705581 7fe45ba6f340       Options.max_sequential_skip_in_iterations: 8
2022/02/11-15:49:24.705581 7fe45ba6f340                    Options.max_compaction_bytes: 1677721600
2022/02/11-15:49:24.705582 7fe45ba6f340                        Options.arena_block_size: 8388608
2022/02/11-15:49:24.705582 7fe45ba6f340   Options.soft_pending_compaction_bytes_limit: 68719476736
2022/02/11-15:49:24.705585 7fe45ba6f340   Options.hard_pending_compaction_bytes_limit: 274877906944
2022/02/11-15:49:24.705586 7fe45ba6f340       Options.rate_limit_delay_max_milliseconds: 100
2022/02/11-15:49:24.705586 7fe45ba6f340                Options.disable_auto_compactions: 0
2022/02/11-15:49:24.705587 7fe45ba6f340                        Options.compaction_style: kCompactionStyleLevel
2022/02/11-15:49:24.705587 7fe45ba6f340                          Options.compaction_pri: kMinOverlappingRatio
2022/02/11-15:49:24.705588 7fe45ba6f340 Options.compaction_options_universal.size_ratio: 1
2022/02/11-15:49:24.705588 7fe45ba6f340 Options.compaction_options_universal.min_merge_width: 2
2022/02/11-15:49:24.705589 7fe45ba6f340 Options.compaction_options_universal.max_merge_width: 4294967295
2022/02/11-15:49:24.705589 7fe45ba6f340 Options.compaction_options_universal.max_size_amplification_percent: 200
2022/02/11-15:49:24.705590 7fe45ba6f340 Options.compaction_options_universal.compression_size_percent: -1
2022/02/11-15:49:24.705590 7fe45ba6f340 Options.compaction_options_universal.stop_style: kCompactionStopStyleTotalSize
2022/02/11-15:49:24.705591 7fe45ba6f340 Options.compaction_options_fifo.max_table_files_size: 1073741824
2022/02/11-15:49:24.705591 7fe45ba6f340 Options.compaction_options_fifo.allow_compaction: 0
2022/02/11-15:49:24.705592 7fe45ba6f340                   Options.table_properties_collectors: 
2022/02/11-15:49:24.705593 7fe45ba6f340                   Options.inplace_update_support: 0
2022/02/11-15:49:24.705593 7fe45ba6f340                 Options.inplace_update_num_locks: 10000
2022/02/11-15:49:24.705594 7fe45ba6f340               Options.memtable_prefix_bloom_size_ratio: 0.000000
2022/02/11-15:49:24.705594 7fe45ba6f340               Options.memtable_whole_key_filtering: 0
2022/02/11-15:49:24.705595 7fe45ba6f340   Options.memtable_huge_page_size: 0
2022/02/11-15:49:24.705595 7fe45ba6f340                           Options.bloom_locality: 0
2022/02/11-15:49:24.705596 7fe45ba6f340                    Options.max_successive_merges: 0
2022/02/11-15:49:24.705596 7fe45ba6f340                Options.optimize_filters_for_hits: 0
2022/02/11-15:49:24.705596 7fe45ba6f340                Options.paranoid_file_checks: 0
2022/02/11-15:49:24.705597 7fe45ba6f340                Options.force_consistency_checks: 1
2022/02/11-15:49:24.705597 7fe45ba6f340                Options.report_bg_io_stats: 0
2022/02/11-15:49:24.705598 7fe45ba6f340                               Options.ttl: 2592000
2022/02/11-15:49:24.705598 7fe45ba6f340          Options.periodic_compaction_seconds: 0
2022/02/11-15:49:24.705599 7fe45ba6f340                    Options.enable_blob_files: false
2022/02/11-15:49:24.705599 7fe45ba6f340                        Options.min_blob_size: 0
2022/02/11-15:49:24.705600 7fe45ba6f340                       Options.blob_file_size: 268435456
2022/02/11-15:49:24.705600 7fe45ba6f340                Options.blob_compression_type: NoCompression
2022/02/11-15:49:24.705600 7fe45ba6f340       Options.enable_blob_garbage_collection: false
2022/02/11-15:49:24.705601 7fe45ba6f340   Options.blob_garbage_collection_age_cutoff: 0.250000
2022/02/11-15:49:24.705613 7fe45ba6f340 [db/column_family.cc:596] --------------- Options for column family [certificates]:
2022/02/11-15:49:24.705613 7fe45ba6f340               Options.comparator: leveldb.BytewiseComparator
2022/02/11-15:49:24.705614 7fe45ba6f340           Options.merge_operator: None
2022/02/11-15:49:24.705614 7fe45ba6f340        Options.compaction_filter: None
2022/02/11-15:49:24.705615 7fe45ba6f340        Options.compaction_filter_factory: None
2022/02/11-15:49:24.705615 7fe45ba6f340  Options.sst_partitioner_factory: None
2022/02/11-15:49:24.705616 7fe45ba6f340         Options.memtable_factory: SkipListFactory
2022/02/11-15:49:24.705616 7fe45ba6f340            Options.table_factory: BlockBasedTable
2022/02/11-15:49:24.705624 7fe45ba6f340            table_factory options:   flush_block_policy_factory: FlushBlockBySizePolicyFactory (0x559ea4971710)
  cache_index_and_filter_blocks: 0
  cache_index_and_filter_blocks_with_high_priority: 1
  pin_l0_filter_and_index_blocks_in_cache: 0
  pin_top_level_index_and_filter: 1
  index_type: 0
  data_block_index_type: 0
  index_shortening: 1
  data_block_hash_table_util_ratio: 0.750000
  hash_index_allow_collision: 1
  checksum: 1
  no_block_cache: 0
  block_cache: 0x559ea497d130
  block_cache_name: LRUCache
  block_cache_options:
    capacity : 8388608
    num_shard_bits : 4
    strict_capacity_limit : 0
    memory_allocator : None
    high_pri_pool_ratio: 0.000
  block_cache_compressed: (nil)
  persistent_cache: (nil)
  block_size: 4096
  block_size_deviation: 10
  block_restart_interval: 16
  index_block_restart_interval: 1
  metadata_block_size: 4096
  partition_filters: 0
  use_delta_encoding: 1
  filter_policy: nullptr
  whole_key_filtering: 1
  verify_compression: 0
  read_amp_bytes_per_bit: 0
  format_version: 5
  enable_index_compression: 1
  block_align: 0
2022/02/11-15:49:24.705628 7fe45ba6f340        Options.write_buffer_size: 67108864
2022/02/11-15:49:24.705629 7fe45ba6f340  Options.max_write_buffer_number: 2
2022/02/11-15:49:24.705629 7fe45ba6f340          Options.compression: Snappy
2022/02/11-15:49:24.705630 7fe45ba6f340                  Options.bottommost_compression: Disabled
2022/02/11-15:49:24.705630 7fe45ba6f340       Options.prefix_extractor: nullptr
2022/02/11-15:49:24.705631 7fe45ba6f340   Options.memtable_insert_with_hint_prefix_extractor: nullptr
2022/02/11-15:49:24.705631 7fe45ba6f340             Options.num_levels: 7
2022/02/11-15:49:24.705631 7fe45ba6f340        Options.min_write_buffer_number_to_merge: 1
2022/02/11-15:49:24.705632 7fe45ba6f340     Options.max_write_buffer_number_to_maintain: 0
2022/02/11-15:49:24.705632 7fe45ba6f340     Options.max_write_buffer_size_to_maintain: 0
2022/02/11-15:49:24.705633 7fe45ba6f340            Options.bottommost_compression_opts.window_bits: -14
2022/02/11-15:49:24.705633 7fe45ba6f340                  Options.bottommost_compression_opts.level: 32767
2022/02/11-15:49:24.705634 7fe45ba6f340               Options.bottommost_compression_opts.strategy: 0
2022/02/11-15:49:24.705634 7fe45ba6f340         Options.bottommost_compression_opts.max_dict_bytes: 0
2022/02/11-15:49:24.705635 7fe45ba6f340         Options.bottommost_compression_opts.zstd_max_train_bytes: 0
2022/02/11-15:49:24.705635 7fe45ba6f340         Options.bottommost_compression_opts.parallel_threads: 1
2022/02/11-15:49:24.705635 7fe45ba6f340                  Options.bottommost_compression_opts.enabled: false
2022/02/11-15:49:24.705636 7fe45ba6f340         Options.bottommost_compression_opts.max_dict_buffer_bytes: 0
2022/02/11-15:49:24.705636 7fe45ba6f340            Options.compression_opts.window_bits: -14
2022/02/11-15:49:24.705637 7fe45ba6f340                  Options.compression_opts.level: 32767
2022/02/11-15:49:24.705637 7fe45ba6f340               Options.compression_opts.strategy: 0
2022/02/11-15:49:24.705638 7fe45ba6f340         Options.compression_opts.max_dict_bytes: 0
2022/02/11-15:49:24.705638 7fe45ba6f340         Options.compression_opts.zstd_max_train_bytes: 0
2022/02/11-15:49:24.705639 7fe45ba6f340         Options.compression_opts.parallel_threads: 1
2022/02/11-15:49:24.705639 7fe45ba6f340                  Options.compression_opts.enabled: false
2022/02/11-15:49:24.705639 7fe45ba6f340         Options.compression_opts.max_dict_buffer_bytes: 0
2022/02/11-15:49:24.705640 7fe45ba6f340      Options.level0_file_num_compaction_trigger: 4
2022/02/11-15:49:24.705640 7fe45ba6f340          Options.level0_slowdown_writes_trigger: 20
2022/02/11-15:49:24.705641 7fe45ba6f340              Options.level0_stop_writes_trigger: 36
2022/02/11-15:49:24.705641 7fe45ba6f340                   Options.target_file_size_base: 67108864
2022/02/11-15:49:24.705642 7fe45ba6f340             Options.target_file_size_multiplier: 1
2022/02/11-15:49:24.705642 7fe45ba6f340                Options.max_bytes_for_level_base: 268435456
2022/02/11-15:49:24.705643 7fe45ba6f340 Options.level_compaction_dynamic_level_bytes: 0
2022/02/11-15:49:24.705646 7fe45ba6f340          Options.max_bytes_for_level_multiplier: 10.000000
2022/02/11-15:49:24.705647 7fe45ba6f340 Options.max_bytes_for_level_multiplier_addtl[0]: 1
2022/02/11-15:49:24.705648 7fe45ba6f340 Options.max_bytes_for_level_multiplier_addtl[1]: 1
2022/02/11-15:49:24.705648 7fe45ba6f340 Options.max_bytes_for_level_multiplier_addtl[2]: 1
2022/02/11-15:49:24.705649 7fe45ba6f340 Options.max_bytes_for_level_multiplier_addtl[3]: 1
2022/02/11-15:49:24.705649 7fe45ba6f340 Options.max_bytes_for_level_multiplier_addtl[4]: 1
2022/02/11-15:49:24.705650 7fe45ba6f340 Options.max_bytes_for_level_multiplier_addtl[5]: 1
2022/02/11-15:49:24.705650 7fe45ba6f340 Options.max_bytes_for_level_multiplier_addtl[6]: 1
2022/02/11-15:49:24.705650 7fe45ba6f340       Options.max_sequential_skip_in_iterations: 8
2022/02/11-15:49:24.705651 7fe45ba6f340                    Options.max_compaction_bytes: 1677721600
2022/02/11-15:49:24.705651 7fe45ba6f340                        Options.arena_block_size: 8388608
2022/02/11-15:49:24.705652 7fe45ba6f340   Options.soft_pending_compaction_bytes_limit: 68719476736
2022/02/11-15:49:24.705652 7fe45ba6f340   Options.hard_pending_compaction_bytes_limit: 274877906944
2022/02/11-15:49:24.705653 7fe45ba6f340       Options.rate_limit_delay_max_milliseconds: 100
2022/02/11-15:49:24.705653 7fe45ba6f340                Options.disable_auto_compactions: 0
2022/02/11-15:49:24.705654 7fe45ba6f340                        Options.compaction_style: kCompactionStyleLevel
2022/02/11-15:49:24.705654 7fe45ba6f340                          Options.compaction_pri: kMinOverlappingRatio
2022/02/11-15:49:24.705655 7fe45ba6f340 Options.compaction_options_universal.size_ratio: 1
2022/02/11-15:49:24.705655 7fe45ba6f340 Options.compaction_options_universal.min_merge_width: 2
2022/02/11-15:49:24.705656 7fe45ba6f340 Options.compaction_options_universal.max_merge_width: 4294967295
2022/02/11-15:49:24.705656 7fe45ba6f340 Options.compaction_options_universal.max_size_amplification_percent: 200
2022/02/11-15:49:24.705657 7fe45ba6f340 Options.compaction_options_universal.compression_size_percent: -1
2022/02/11-15:49:24.705657 7fe45ba6f340 Options.compaction_options_universal.stop_style: kCompactionStopStyleTotalSize
2022/02/11-15:49:24.705657 7fe45ba6f340 Options.compaction_options_fifo.max_table_files_size: 1073741824
2022/02/11-15:49:24.705658 7fe45ba6f340 Options.compaction_options_fifo.allow_compaction: 0
2022/02/11-15:49:24.705659 7fe45ba6f340                   Options.table_properties_collectors: 
2022/02/11-15:49:24.705659 7fe45ba6f340                   Options.inplace_update_support: 0
2022/02/11-15:49:24.705660 7fe45ba6f340                 Options.inplace_update_num_locks: 10000
2022/02/11-15:49:24.705660 7fe45ba6f340               Options.memtable_prefix_bloom_size_ratio: 0.000000
2022/02/11-15:49:24.705661 7fe45ba6f340               Options.memtable_whole_key_filtering: 0
2022/02/11-15:49:24.705661 7fe45ba6f340   Options.memtable_huge_page_size: 0
2022/02/11-15:49:24.705662 7fe45ba6f340                           Options.bloom_locality: 0
2022/02/11-15:49:24.705662 7fe45ba6f340                    Options.max_successive_merges: 0
2022/02/11-15:49:24.705663 7fe45ba6f340                Options.optimize_filters_for_hits: 0
2022/02/11-15:49:24.705663 7fe45ba6f340                Options.paranoid_file_checks: 0
2022/02/11-15:49:24.705664 7fe45ba6f340                Options.force_consistency_checks: 1
2022/02/11-15:49:24.705664 7fe45ba6f340                Options.report_bg_io_stats: 0
2022/02/11-15:49:24.705665 7fe45ba6f340                               Options.ttl: 2592000
2022/02/11-15:49:24.705665 7fe45ba6f340          Options.periodic_compaction_seconds: 0
2022/02/11-15:49:24.705665 7fe45ba6f340                    Options.enable_blob_files: false
2022/02/11-15:49:24.705666 7fe45ba6f340                        Options.min_blob_size: 0
2022/02/11-15:49:24.705666 7fe45ba6f340                       Options.blob_file_size: 268435456
2022/02/11-15:49:24.705667 7fe45ba6f340                Options.blob_compression_type: NoCompression
2022/02/11-15:49:24.705670 7fe45ba6f340       Options.enable_blob_garbage_collection: false
2022/02/11-15:49:24.705670 7fe45ba6f340   Options.blob_garbage_collection_age_cutoff: 0.250000
2022/02/11-15:49:24.705686 7fe45ba6f340 [db/column_family.cc:596] --------------- Options for column family [object_certs]:
2022/02/11-15:49:24.705686 7fe45ba6f340               Options.comparator: leveldb.BytewiseComparator
2022/02/11-15:49:24.705687 7fe45ba6f340           Options.merge_operator: None
2022/02/11-15:49:24.705687 7fe45ba6f340        Options.compaction_filter: None
2022/02/11-15:49:24.705688 7fe45ba6f340        Options.compaction_filter_factory: None
2022/02/11-15:49:24.705688 7fe45ba6f340  Options.sst_partitioner_factory: None
2022/02/11-15:49:24.705689 7fe45ba6f340         Options.memtable_factory: SkipListFactory
2022/02/11-15:49:24.705689 7fe45ba6f340            Options.table_factory: BlockBasedTable
2022/02/11-15:49:24.705697 7fe45ba6f340            table_factory options:   flush_block_policy_factory: FlushBlockBySizePolicyFactory (0x559ea4a5d740)
  cache_index_and_filter_blocks: 0
  cache_index_and_filter_blocks_with_high_priority: 1
  pin_l0_filter_and_index_blocks_in_cache: 0
  pin_top_level_index_and_filter: 1
  index_type: 0
  data_block_index_type: 0
  index_shortening: 1
  data_block_hash_table_util_ratio: 0.750000
  hash_index_allow_collision: 1
  checksum: 1
  no_block_cache: 0
  block_cache: 0x559ea4a5dd00
  block_cache_name: LRUCache
  block_cache_options:
    capacity : 8388608
    num_shard_bits : 4
    strict_capacity_limit : 0
    memory_allocator : None
    high_pri_pool_ratio: 0.000
  block_cache_compressed: (nil)
  persistent_cache: (nil)
  block_size: 4096
  block_size_deviation: 10
  block_restart_interval: 16
  index_block_restart_interval: 1
  metadata_block_size: 4096
  partition_filters: 0
  use_delta_encoding: 1
  filter_policy: nullptr
  whole_key_filtering: 1
  verify_compression: 0
  read_amp_bytes_per_bit: 0
  format_version: 5
  enable_index_compression: 1
  block_align: 0
2022/02/11-15:49:24.705698 7fe45ba6f340        Options.write_buffer_size: 67108864
2022/02/11-15:49:24.705699 7fe45ba6f340  Options.max_write_buffer_number: 2
2022/02/11-15:49:24.705699 7fe45ba6f340          Options.compression: Snappy
2022/02/11-15:49:24.705699 7fe45ba6f340                  Options.bottommost_compression: Disabled
2022/02/11-15:49:24.705700 7fe45ba6f340       Options.prefix_extractor: nullptr
2022/02/11-15:49:24.705700 7fe45ba6f340   Options.memtable_insert_with_hint_prefix_extractor: nullptr
2022/02/11-15:49:24.705701 7fe45ba6f340             Options.num_levels: 7
2022/02/11-15:49:24.705701 7fe45ba6f340        Options.min_write_buffer_number_to_merge: 1
2022/02/11-15:49:24.705702 7fe45ba6f340     Options.max_write_buffer_number_to_maintain: 0
2022/02/11-15:49:24.705702 7fe45ba6f340     Options.max_write_buffer_size_to_maintain: 0
2022/02/11-15:49:24.705703 7fe45ba6f340            Options.bottommost_compression_opts.window_bits: -14
