2022/02/11-15:32:41.945807 7fc4598f5340 RocksDB version: 6.20.3
2022/02/11-15:32:41.945835 7fc4598f5340 Git sha 8608d75d85f8e1b3b64b73a4fb6d19baec61ba5c
2022/02/11-15:32:41.945838 7fc4598f5340 Compile date 2021-05-05 20:35:30
2022/02/11-15:32:41.945890 7fc4598f5340 DB SUMMARY
2022/02/11-15:32:41.945893 7fc4598f5340 DB Session ID:  4T7BZ7F3PI6DUFIA5PO1
2022/02/11-15:32:41.945932 7fc4598f5340 CURRENT file:  CURRENT
2022/02/11-15:32:41.945934 7fc4598f5340 IDENTITY file:  IDENTITY
2022/02/11-15:32:41.945939 7fc4598f5340 MANIFEST file:  MANIFEST-000106 size: 907 Bytes
2022/02/11-15:32:41.945942 7fc4598f5340 SST files in ./client_db/k#a9eff1f7749e371e164b559237dd14d97858afc965262b6e2bebc05594188d1a dir, Total Num: 0, files: 
2022/02/11-15:32:41.945945 7fc4598f5340 Write Ahead Log file in ./client_db/k#a9eff1f7749e371e164b559237dd14d97858afc965262b6e2bebc05594188d1a: 000107.log size: 810 ; 
2022/02/11-15:32:41.945948 7fc4598f5340                         Options.error_if_exists: 0
2022/02/11-15:32:41.945950 7fc4598f5340                       Options.create_if_missing: 1
2022/02/11-15:32:41.945952 7fc4598f5340                         Options.paranoid_checks: 1
2022/02/11-15:32:41.945954 7fc4598f5340                               Options.track_and_verify_wals_in_manifest: 0
2022/02/11-15:32:41.945956 7fc4598f5340                                     Options.env: 0x55c74b7c7420
2022/02/11-15:32:41.945958 7fc4598f5340                                      Options.fs: Posix File System
2022/02/11-15:32:41.945960 7fc4598f5340                                Options.info_log: 0x55c74c76f3b0
2022/02/11-15:32:41.945962 7fc4598f5340                Options.max_file_opening_threads: 16
2022/02/11-15:32:41.945963 7fc4598f5340                              Options.statistics: (nil)
2022/02/11-15:32:41.945966 7fc4598f5340                               Options.use_fsync: 0
2022/02/11-15:32:41.945968 7fc4598f5340                       Options.max_log_file_size: 0
2022/02/11-15:32:41.945969 7fc4598f5340                  Options.max_manifest_file_size: 1073741824
2022/02/11-15:32:41.945971 7fc4598f5340                   Options.log_file_time_to_roll: 0
2022/02/11-15:32:41.945973 7fc4598f5340                       Options.keep_log_file_num: 1000
2022/02/11-15:32:41.945975 7fc4598f5340                    Options.recycle_log_file_num: 0
2022/02/11-15:32:41.945976 7fc4598f5340                         Options.allow_fallocate: 1
2022/02/11-15:32:41.945977 7fc4598f5340                        Options.allow_mmap_reads: 0
2022/02/11-15:32:41.945979 7fc4598f5340                       Options.allow_mmap_writes: 0
2022/02/11-15:32:41.945980 7fc4598f5340                        Options.use_direct_reads: 0
2022/02/11-15:32:41.945982 7fc4598f5340                        Options.use_direct_io_for_flush_and_compaction: 0
2022/02/11-15:32:41.945983 7fc4598f5340          Options.create_missing_column_families: 1
2022/02/11-15:32:41.945985 7fc4598f5340                              Options.db_log_dir: 
2022/02/11-15:32:41.945987 7fc4598f5340                                 Options.wal_dir: ./client_db/k#a9eff1f7749e371e164b559237dd14d97858afc965262b6e2bebc05594188d1a
2022/02/11-15:32:41.945989 7fc4598f5340                Options.table_cache_numshardbits: 6
2022/02/11-15:32:41.945990 7fc4598f5340                         Options.WAL_ttl_seconds: 0
2022/02/11-15:32:41.945992 7fc4598f5340                       Options.WAL_size_limit_MB: 0
2022/02/11-15:32:41.945993 7fc4598f5340                        Options.max_write_batch_group_size_bytes: 1048576
2022/02/11-15:32:41.945995 7fc4598f5340             Options.manifest_preallocation_size: 4194304
2022/02/11-15:32:41.945996 7fc4598f5340                     Options.is_fd_close_on_exec: 1
2022/02/11-15:32:41.945998 7fc4598f5340                   Options.advise_random_on_open: 1
2022/02/11-15:32:41.946000 7fc4598f5340                    Options.db_write_buffer_size: 0
2022/02/11-15:32:41.946001 7fc4598f5340                    Options.write_buffer_manager: 0x55c74c7e1550
2022/02/11-15:32:41.946003 7fc4598f5340         Options.access_hint_on_compaction_start: 1
2022/02/11-15:32:41.946004 7fc4598f5340  Options.new_table_reader_for_compaction_inputs: 0
2022/02/11-15:32:41.946018 7fc4598f5340           Options.random_access_max_buffer_size: 1048576
2022/02/11-15:32:41.946019 7fc4598f5340                      Options.use_adaptive_mutex: 0
2022/02/11-15:32:41.946021 7fc4598f5340                            Options.rate_limiter: (nil)
2022/02/11-15:32:41.946023 7fc4598f5340     Options.sst_file_manager.rate_bytes_per_sec: 0
2022/02/11-15:32:41.946024 7fc4598f5340                       Options.wal_recovery_mode: 2
2022/02/11-15:32:41.946026 7fc4598f5340                  Options.enable_thread_tracking: 0
2022/02/11-15:32:41.946027 7fc4598f5340                  Options.enable_pipelined_write: 0
2022/02/11-15:32:41.946029 7fc4598f5340                  Options.unordered_write: 0
2022/02/11-15:32:41.946030 7fc4598f5340         Options.allow_concurrent_memtable_write: 1
2022/02/11-15:32:41.946032 7fc4598f5340      Options.enable_write_thread_adaptive_yield: 1
2022/02/11-15:32:41.946033 7fc4598f5340             Options.write_thread_max_yield_usec: 100
2022/02/11-15:32:41.946035 7fc4598f5340            Options.write_thread_slow_yield_usec: 3
2022/02/11-15:32:41.946036 7fc4598f5340                               Options.row_cache: None
2022/02/11-15:32:41.946038 7fc4598f5340                              Options.wal_filter: None
2022/02/11-15:32:41.946039 7fc4598f5340             Options.avoid_flush_during_recovery: 0
2022/02/11-15:32:41.946041 7fc4598f5340             Options.allow_ingest_behind: 0
2022/02/11-15:32:41.946042 7fc4598f5340             Options.preserve_deletes: 0
2022/02/11-15:32:41.946044 7fc4598f5340             Options.two_write_queues: 0
2022/02/11-15:32:41.946045 7fc4598f5340             Options.manual_wal_flush: 0
2022/02/11-15:32:41.946047 7fc4598f5340             Options.atomic_flush: 0
2022/02/11-15:32:41.946048 7fc4598f5340             Options.avoid_unnecessary_blocking_io: 0
2022/02/11-15:32:41.946050 7fc4598f5340                 Options.persist_stats_to_disk: 0
2022/02/11-15:32:41.946051 7fc4598f5340                 Options.write_dbid_to_manifest: 0
2022/02/11-15:32:41.946053 7fc4598f5340                 Options.log_readahead_size: 0
2022/02/11-15:32:41.946054 7fc4598f5340                 Options.file_checksum_gen_factory: Unknown
2022/02/11-15:32:41.946056 7fc4598f5340                 Options.best_efforts_recovery: 0
2022/02/11-15:32:41.946057 7fc4598f5340                Options.max_bgerror_resume_count: 2147483647
2022/02/11-15:32:41.946059 7fc4598f5340            Options.bgerror_resume_retry_interval: 1000000
2022/02/11-15:32:41.946061 7fc4598f5340             Options.allow_data_in_errors: 0
2022/02/11-15:32:41.946062 7fc4598f5340             Options.db_host_id: __hostname__
2022/02/11-15:32:41.946064 7fc4598f5340             Options.max_background_jobs: 2
2022/02/11-15:32:41.946065 7fc4598f5340             Options.max_background_compactions: -1
2022/02/11-15:32:41.946067 7fc4598f5340             Options.max_subcompactions: 1
2022/02/11-15:32:41.946068 7fc4598f5340             Options.avoid_flush_during_shutdown: 0
2022/02/11-15:32:41.946070 7fc4598f5340           Options.writable_file_max_buffer_size: 1048576
2022/02/11-15:32:41.946072 7fc4598f5340             Options.delayed_write_rate : 16777216
2022/02/11-15:32:41.946073 7fc4598f5340             Options.max_total_wal_size: 0
2022/02/11-15:32:41.946075 7fc4598f5340             Options.delete_obsolete_files_period_micros: 21600000000
2022/02/11-15:32:41.946076 7fc4598f5340                   Options.stats_dump_period_sec: 600
2022/02/11-15:32:41.946078 7fc4598f5340                 Options.stats_persist_period_sec: 600
2022/02/11-15:32:41.946080 7fc4598f5340                 Options.stats_history_buffer_size: 1048576
2022/02/11-15:32:41.946081 7fc4598f5340                          Options.max_open_files: -1
2022/02/11-15:32:41.946082 7fc4598f5340                          Options.bytes_per_sync: 0
2022/02/11-15:32:41.946084 7fc4598f5340                      Options.wal_bytes_per_sync: 0
2022/02/11-15:32:41.946086 7fc4598f5340                   Options.strict_bytes_per_sync: 0
2022/02/11-15:32:41.946095 7fc4598f5340       Options.compaction_readahead_size: 0
2022/02/11-15:32:41.946097 7fc4598f5340                  Options.max_background_flushes: -1
2022/02/11-15:32:41.946098 7fc4598f5340 Compression algorithms supported:
2022/02/11-15:32:41.946100 7fc4598f5340 	kZSTDNotFinalCompression supported: 1
2022/02/11-15:32:41.946102 7fc4598f5340 	kZSTD supported: 1
2022/02/11-15:32:41.946104 7fc4598f5340 	kXpressCompression supported: 0
2022/02/11-15:32:41.946106 7fc4598f5340 	kLZ4HCCompression supported: 1
2022/02/11-15:32:41.946108 7fc4598f5340 	kLZ4Compression supported: 1
2022/02/11-15:32:41.946110 7fc4598f5340 	kBZip2Compression supported: 1
2022/02/11-15:32:41.946112 7fc4598f5340 	kZlibCompression supported: 1
2022/02/11-15:32:41.946113 7fc4598f5340 	kSnappyCompression supported: 1
2022/02/11-15:32:41.946116 7fc4598f5340 Fast CRC32 supported: Not supported on x86
2022/02/11-15:32:41.946167 7fc4598f5340 [db/version_set.cc:4626] Recovering from manifest file: ./client_db/k#a9eff1f7749e371e164b559237dd14d97858afc965262b6e2bebc05594188d1a/MANIFEST-000106
2022/02/11-15:32:41.946398 7fc4598f5340 [db/column_family.cc:596] --------------- Options for column family [default]:
2022/02/11-15:32:41.946404 7fc4598f5340               Options.comparator: leveldb.BytewiseComparator
2022/02/11-15:32:41.946406 7fc4598f5340           Options.merge_operator: None
2022/02/11-15:32:41.946408 7fc4598f5340        Options.compaction_filter: None
2022/02/11-15:32:41.946409 7fc4598f5340        Options.compaction_filter_factory: None
2022/02/11-15:32:41.946411 7fc4598f5340  Options.sst_partitioner_factory: None
2022/02/11-15:32:41.946412 7fc4598f5340         Options.memtable_factory: SkipListFactory
2022/02/11-15:32:41.946414 7fc4598f5340            Options.table_factory: BlockBasedTable
2022/02/11-15:32:41.946460 7fc4598f5340            table_factory options:   flush_block_policy_factory: FlushBlockBySizePolicyFactory (0x55c74c7015a0)
  cache_index_and_filter_blocks: 0
  cache_index_and_filter_blocks_with_high_priority: 1
  pin_l0_filter_and_index_blocks_in_cache: 0
  pin_top_level_index_and_filter: 1
  index_type: 0
  data_block_index_type: 0
  index_shortening: 1
  data_block_hash_table_util_ratio: 0.750000
  hash_index_allow_collision: 1
  checksum: 1
  no_block_cache: 0
  block_cache: 0x55c74c770770
  block_cache_name: LRUCache
  block_cache_options:
    capacity : 8388608
    num_shard_bits : 4
    strict_capacity_limit : 0
    memory_allocator : None
    high_pri_pool_ratio: 0.000
  block_cache_compressed: (nil)
  persistent_cache: (nil)
  block_size: 4096
  block_size_deviation: 10
  block_restart_interval: 16
  index_block_restart_interval: 1
  metadata_block_size: 4096
  partition_filters: 0
  use_delta_encoding: 1
  filter_policy: nullptr
  whole_key_filtering: 1
  verify_compression: 0
  read_amp_bytes_per_bit: 0
  format_version: 5
  enable_index_compression: 1
  block_align: 0
2022/02/11-15:32:41.946462 7fc4598f5340        Options.write_buffer_size: 67108864
2022/02/11-15:32:41.946464 7fc4598f5340  Options.max_write_buffer_number: 2
2022/02/11-15:32:41.946466 7fc4598f5340          Options.compression: Snappy
2022/02/11-15:32:41.946468 7fc4598f5340                  Options.bottommost_compression: Disabled
2022/02/11-15:32:41.946469 7fc4598f5340       Options.prefix_extractor: nullptr
2022/02/11-15:32:41.946471 7fc4598f5340   Options.memtable_insert_with_hint_prefix_extractor: nullptr
2022/02/11-15:32:41.946472 7fc4598f5340             Options.num_levels: 7
2022/02/11-15:32:41.946473 7fc4598f5340        Options.min_write_buffer_number_to_merge: 1
2022/02/11-15:32:41.946475 7fc4598f5340     Options.max_write_buffer_number_to_maintain: 0
2022/02/11-15:32:41.946476 7fc4598f5340     Options.max_write_buffer_size_to_maintain: 0
2022/02/11-15:32:41.946478 7fc4598f5340            Options.bottommost_compression_opts.window_bits: -14
2022/02/11-15:32:41.946479 7fc4598f5340                  Options.bottommost_compression_opts.level: 32767
2022/02/11-15:32:41.946481 7fc4598f5340               Options.bottommost_compression_opts.strategy: 0
2022/02/11-15:32:41.946502 7fc4598f5340         Options.bottommost_compression_opts.max_dict_bytes: 0
2022/02/11-15:32:41.946504 7fc4598f5340         Options.bottommost_compression_opts.zstd_max_train_bytes: 0
2022/02/11-15:32:41.946506 7fc4598f5340         Options.bottommost_compression_opts.parallel_threads: 1
2022/02/11-15:32:41.946507 7fc4598f5340                  Options.bottommost_compression_opts.enabled: false
2022/02/11-15:32:41.946509 7fc4598f5340         Options.bottommost_compression_opts.max_dict_buffer_bytes: 0
2022/02/11-15:32:41.946510 7fc4598f5340            Options.compression_opts.window_bits: -14
2022/02/11-15:32:41.946511 7fc4598f5340                  Options.compression_opts.level: 32767
2022/02/11-15:32:41.946513 7fc4598f5340               Options.compression_opts.strategy: 0
2022/02/11-15:32:41.946514 7fc4598f5340         Options.compression_opts.max_dict_bytes: 0
2022/02/11-15:32:41.946515 7fc4598f5340         Options.compression_opts.zstd_max_train_bytes: 0
2022/02/11-15:32:41.946517 7fc4598f5340         Options.compression_opts.parallel_threads: 1
2022/02/11-15:32:41.946518 7fc4598f5340                  Options.compression_opts.enabled: false
2022/02/11-15:32:41.946519 7fc4598f5340         Options.compression_opts.max_dict_buffer_bytes: 0
2022/02/11-15:32:41.946521 7fc4598f5340      Options.level0_file_num_compaction_trigger: 4
2022/02/11-15:32:41.946522 7fc4598f5340          Options.level0_slowdown_writes_trigger: 20
2022/02/11-15:32:41.946523 7fc4598f5340              Options.level0_stop_writes_trigger: 36
2022/02/11-15:32:41.946525 7fc4598f5340                   Options.target_file_size_base: 67108864
2022/02/11-15:32:41.946526 7fc4598f5340             Options.target_file_size_multiplier: 1
2022/02/11-15:32:41.946528 7fc4598f5340                Options.max_bytes_for_level_base: 268435456
2022/02/11-15:32:41.946529 7fc4598f5340 Options.level_compaction_dynamic_level_bytes: 0
2022/02/11-15:32:41.946530 7fc4598f5340          Options.max_bytes_for_level_multiplier: 10.000000
2022/02/11-15:32:41.946534 7fc4598f5340 Options.max_bytes_for_level_multiplier_addtl[0]: 1
2022/02/11-15:32:41.946536 7fc4598f5340 Options.max_bytes_for_level_multiplier_addtl[1]: 1
2022/02/11-15:32:41.946538 7fc4598f5340 Options.max_bytes_for_level_multiplier_addtl[2]: 1
2022/02/11-15:32:41.946540 7fc4598f5340 Options.max_bytes_for_level_multiplier_addtl[3]: 1
2022/02/11-15:32:41.946541 7fc4598f5340 Options.max_bytes_for_level_multiplier_addtl[4]: 1
2022/02/11-15:32:41.946542 7fc4598f5340 Options.max_bytes_for_level_multiplier_addtl[5]: 1
2022/02/11-15:32:41.946544 7fc4598f5340 Options.max_bytes_for_level_multiplier_addtl[6]: 1
2022/02/11-15:32:41.946545 7fc4598f5340       Options.max_sequential_skip_in_iterations: 8
2022/02/11-15:32:41.946547 7fc4598f5340                    Options.max_compaction_bytes: 1677721600
2022/02/11-15:32:41.946548 7fc4598f5340                        Options.arena_block_size: 8388608
2022/02/11-15:32:41.946550 7fc4598f5340   Options.soft_pending_compaction_bytes_limit: 68719476736
2022/02/11-15:32:41.946551 7fc4598f5340   Options.hard_pending_compaction_bytes_limit: 274877906944
2022/02/11-15:32:41.946552 7fc4598f5340       Options.rate_limit_delay_max_milliseconds: 100
2022/02/11-15:32:41.946554 7fc4598f5340                Options.disable_auto_compactions: 0
2022/02/11-15:32:41.946556 7fc4598f5340                        Options.compaction_style: kCompactionStyleLevel
2022/02/11-15:32:41.946559 7fc4598f5340                          Options.compaction_pri: kMinOverlappingRatio
2022/02/11-15:32:41.946560 7fc4598f5340 Options.compaction_options_universal.size_ratio: 1
2022/02/11-15:32:41.946562 7fc4598f5340 Options.compaction_options_universal.min_merge_width: 2
2022/02/11-15:32:41.946563 7fc4598f5340 Options.compaction_options_universal.max_merge_width: 4294967295
2022/02/11-15:32:41.946565 7fc4598f5340 Options.compaction_options_universal.max_size_amplification_percent: 200
2022/02/11-15:32:41.946566 7fc4598f5340 Options.compaction_options_universal.compression_size_percent: -1
2022/02/11-15:32:41.946576 7fc4598f5340 Options.compaction_options_universal.stop_style: kCompactionStopStyleTotalSize
2022/02/11-15:32:41.946578 7fc4598f5340 Options.compaction_options_fifo.max_table_files_size: 1073741824
2022/02/11-15:32:41.946579 7fc4598f5340 Options.compaction_options_fifo.allow_compaction: 0
2022/02/11-15:32:41.946592 7fc4598f5340                   Options.table_properties_collectors: 
2022/02/11-15:32:41.946594 7fc4598f5340                   Options.inplace_update_support: 0
2022/02/11-15:32:41.946595 7fc4598f5340                 Options.inplace_update_num_locks: 10000
2022/02/11-15:32:41.946597 7fc4598f5340               Options.memtable_prefix_bloom_size_ratio: 0.000000
2022/02/11-15:32:41.946599 7fc4598f5340               Options.memtable_whole_key_filtering: 0
2022/02/11-15:32:41.946600 7fc4598f5340   Options.memtable_huge_page_size: 0
2022/02/11-15:32:41.946601 7fc4598f5340                           Options.bloom_locality: 0
2022/02/11-15:32:41.946603 7fc4598f5340                    Options.max_successive_merges: 0
2022/02/11-15:32:41.946604 7fc4598f5340                Options.optimize_filters_for_hits: 0
2022/02/11-15:32:41.946605 7fc4598f5340                Options.paranoid_file_checks: 0
2022/02/11-15:32:41.946607 7fc4598f5340                Options.force_consistency_checks: 1
2022/02/11-15:32:41.946608 7fc4598f5340                Options.report_bg_io_stats: 0
2022/02/11-15:32:41.946609 7fc4598f5340                               Options.ttl: 2592000
2022/02/11-15:32:41.946611 7fc4598f5340          Options.periodic_compaction_seconds: 0
2022/02/11-15:32:41.946612 7fc4598f5340                    Options.enable_blob_files: false
2022/02/11-15:32:41.946614 7fc4598f5340                        Options.min_blob_size: 0
2022/02/11-15:32:41.946615 7fc4598f5340                       Options.blob_file_size: 268435456
2022/02/11-15:32:41.946617 7fc4598f5340                Options.blob_compression_type: NoCompression
2022/02/11-15:32:41.946618 7fc4598f5340       Options.enable_blob_garbage_collection: false
2022/02/11-15:32:41.946619 7fc4598f5340   Options.blob_garbage_collection_age_cutoff: 0.250000
2022/02/11-15:32:41.946677 7fc4598f5340 [db/column_family.cc:596] --------------- Options for column family [pending_orders]:
2022/02/11-15:32:41.946680 7fc4598f5340               Options.comparator: leveldb.BytewiseComparator
2022/02/11-15:32:41.946681 7fc4598f5340           Options.merge_operator: None
2022/02/11-15:32:41.946683 7fc4598f5340        Options.compaction_filter: None
2022/02/11-15:32:41.946684 7fc4598f5340        Options.compaction_filter_factory: None
2022/02/11-15:32:41.946685 7fc4598f5340  Options.sst_partitioner_factory: None
2022/02/11-15:32:41.946687 7fc4598f5340         Options.memtable_factory: SkipListFactory
2022/02/11-15:32:41.946688 7fc4598f5340            Options.table_factory: BlockBasedTable
2022/02/11-15:32:41.946727 7fc4598f5340            table_factory options:   flush_block_policy_factory: FlushBlockBySizePolicyFactory (0x55c74c868010)
  cache_index_and_filter_blocks: 0
  cache_index_and_filter_blocks_with_high_priority: 1
  pin_l0_filter_and_index_blocks_in_cache: 0
  pin_top_level_index_and_filter: 1
  index_type: 0
  data_block_index_type: 0
  index_shortening: 1
  data_block_hash_table_util_ratio: 0.750000
  hash_index_allow_collision: 1
  checksum: 1
  no_block_cache: 0
  block_cache: 0x55c74c86a5e0
  block_cache_name: LRUCache
  block_cache_options:
    capacity : 8388608
    num_shard_bits : 4
    strict_capacity_limit : 0
    memory_allocator : None
    high_pri_pool_ratio: 0.000
  block_cache_compressed: (nil)
  persistent_cache: (nil)
  block_size: 4096
  block_size_deviation: 10
  block_restart_interval: 16
  index_block_restart_interval: 1
  metadata_block_size: 4096
  partition_filters: 0
  use_delta_encoding: 1
  filter_policy: nullptr
  whole_key_filtering: 1
  verify_compression: 0
  read_amp_bytes_per_bit: 0
  format_version: 5
  enable_index_compression: 1
  block_align: 0
2022/02/11-15:32:41.946730 7fc4598f5340        Options.write_buffer_size: 67108864
2022/02/11-15:32:41.946740 7fc4598f5340  Options.max_write_buffer_number: 2
2022/02/11-15:32:41.946742 7fc4598f5340          Options.compression: Snappy
2022/02/11-15:32:41.946744 7fc4598f5340                  Options.bottommost_compression: Disabled
2022/02/11-15:32:41.946745 7fc4598f5340       Options.prefix_extractor: nullptr
2022/02/11-15:32:41.946747 7fc4598f5340   Options.memtable_insert_with_hint_prefix_extractor: nullptr
2022/02/11-15:32:41.946748 7fc4598f5340             Options.num_levels: 7
2022/02/11-15:32:41.946749 7fc4598f5340        Options.min_write_buffer_number_to_merge: 1
2022/02/11-15:32:41.946751 7fc4598f5340     Options.max_write_buffer_number_to_maintain: 0
2022/02/11-15:32:41.946752 7fc4598f5340     Options.max_write_buffer_size_to_maintain: 0
2022/02/11-15:32:41.946753 7fc4598f5340            Options.bottommost_compression_opts.window_bits: -14
2022/02/11-15:32:41.946755 7fc4598f5340                  Options.bottommost_compression_opts.level: 32767
2022/02/11-15:32:41.946756 7fc4598f5340               Options.bottommost_compression_opts.strategy: 0
2022/02/11-15:32:41.946757 7fc4598f5340         Options.bottommost_compression_opts.max_dict_bytes: 0
2022/02/11-15:32:41.946759 7fc4598f5340         Options.bottommost_compression_opts.zstd_max_train_bytes: 0
2022/02/11-15:32:41.946760 7fc4598f5340         Options.bottommost_compression_opts.parallel_threads: 1
2022/02/11-15:32:41.946762 7fc4598f5340                  Options.bottommost_compression_opts.enabled: false
2022/02/11-15:32:41.946763 7fc4598f5340         Options.bottommost_compression_opts.max_dict_buffer_bytes: 0
2022/02/11-15:32:41.946764 7fc4598f5340            Options.compression_opts.window_bits: -14
2022/02/11-15:32:41.946766 7fc4598f5340                  Options.compression_opts.level: 32767
2022/02/11-15:32:41.946767 7fc4598f5340               Options.compression_opts.strategy: 0
2022/02/11-15:32:41.946768 7fc4598f5340         Options.compression_opts.max_dict_bytes: 0
2022/02/11-15:32:41.946770 7fc4598f5340         Options.compression_opts.zstd_max_train_bytes: 0
2022/02/11-15:32:41.946771 7fc4598f5340         Options.compression_opts.parallel_threads: 1
2022/02/11-15:32:41.946772 7fc4598f5340                  Options.compression_opts.enabled: false
2022/02/11-15:32:41.946774 7fc4598f5340         Options.compression_opts.max_dict_buffer_bytes: 0
2022/02/11-15:32:41.946775 7fc4598f5340      Options.level0_file_num_compaction_trigger: 4
2022/02/11-15:32:41.946776 7fc4598f5340          Options.level0_slowdown_writes_trigger: 20
2022/02/11-15:32:41.946778 7fc4598f5340              Options.level0_stop_writes_trigger: 36
2022/02/11-15:32:41.946779 7fc4598f5340                   Options.target_file_size_base: 67108864
2022/02/11-15:32:41.946780 7fc4598f5340             Options.target_file_size_multiplier: 1
2022/02/11-15:32:41.946782 7fc4598f5340                Options.max_bytes_for_level_base: 268435456
2022/02/11-15:32:41.946783 7fc4598f5340 Options.level_compaction_dynamic_level_bytes: 0
2022/02/11-15:32:41.946784 7fc4598f5340          Options.max_bytes_for_level_multiplier: 10.000000
2022/02/11-15:32:41.946787 7fc4598f5340 Options.max_bytes_for_level_multiplier_addtl[0]: 1
2022/02/11-15:32:41.946789 7fc4598f5340 Options.max_bytes_for_level_multiplier_addtl[1]: 1
2022/02/11-15:32:41.946790 7fc4598f5340 Options.max_bytes_for_level_multiplier_addtl[2]: 1
2022/02/11-15:32:41.946792 7fc4598f5340 Options.max_bytes_for_level_multiplier_addtl[3]: 1
2022/02/11-15:32:41.946793 7fc4598f5340 Options.max_bytes_for_level_multiplier_addtl[4]: 1
2022/02/11-15:32:41.946795 7fc4598f5340 Options.max_bytes_for_level_multiplier_addtl[5]: 1
2022/02/11-15:32:41.946796 7fc4598f5340 Options.max_bytes_for_level_multiplier_addtl[6]: 1
2022/02/11-15:32:41.946797 7fc4598f5340       Options.max_sequential_skip_in_iterations: 8
2022/02/11-15:32:41.946799 7fc4598f5340                    Options.max_compaction_bytes: 1677721600
2022/02/11-15:32:41.946800 7fc4598f5340                        Options.arena_block_size: 8388608
2022/02/11-15:32:41.946802 7fc4598f5340   Options.soft_pending_compaction_bytes_limit: 68719476736
2022/02/11-15:32:41.946812 7fc4598f5340   Options.hard_pending_compaction_bytes_limit: 274877906944
2022/02/11-15:32:41.946814 7fc4598f5340       Options.rate_limit_delay_max_milliseconds: 100
2022/02/11-15:32:41.946815 7fc4598f5340                Options.disable_auto_compactions: 0
2022/02/11-15:32:41.946817 7fc4598f5340                        Options.compaction_style: kCompactionStyleLevel
2022/02/11-15:32:41.946819 7fc4598f5340                          Options.compaction_pri: kMinOverlappingRatio
2022/02/11-15:32:41.946820 7fc4598f5340 Options.compaction_options_universal.size_ratio: 1
2022/02/11-15:32:41.946821 7fc4598f5340 Options.compaction_options_universal.min_merge_width: 2
2022/02/11-15:32:41.946823 7fc4598f5340 Options.compaction_options_universal.max_merge_width: 4294967295
2022/02/11-15:32:41.946824 7fc4598f5340 Options.compaction_options_universal.max_size_amplification_percent: 200
2022/02/11-15:32:41.946825 7fc4598f5340 Options.compaction_options_universal.compression_size_percent: -1
2022/02/11-15:32:41.946827 7fc4598f5340 Options.compaction_options_universal.stop_style: kCompactionStopStyleTotalSize
2022/02/11-15:32:41.946829 7fc4598f5340 Options.compaction_options_fifo.max_table_files_size: 1073741824
2022/02/11-15:32:41.946830 7fc4598f5340 Options.compaction_options_fifo.allow_compaction: 0
2022/02/11-15:32:41.946833 7fc4598f5340                   Options.table_properties_collectors: 
2022/02/11-15:32:41.946834 7fc4598f5340                   Options.inplace_update_support: 0
2022/02/11-15:32:41.946836 7fc4598f5340                 Options.inplace_update_num_locks: 10000
2022/02/11-15:32:41.946837 7fc4598f5340               Options.memtable_prefix_bloom_size_ratio: 0.000000
2022/02/11-15:32:41.946839 7fc4598f5340               Options.memtable_whole_key_filtering: 0
2022/02/11-15:32:41.946840 7fc4598f5340   Options.memtable_huge_page_size: 0
2022/02/11-15:32:41.946842 7fc4598f5340                           Options.bloom_locality: 0
2022/02/11-15:32:41.946843 7fc4598f5340                    Options.max_successive_merges: 0
2022/02/11-15:32:41.946844 7fc4598f5340                Options.optimize_filters_for_hits: 0
2022/02/11-15:32:41.946846 7fc4598f5340                Options.paranoid_file_checks: 0
2022/02/11-15:32:41.946847 7fc4598f5340                Options.force_consistency_checks: 1
2022/02/11-15:32:41.946848 7fc4598f5340                Options.report_bg_io_stats: 0
2022/02/11-15:32:41.946850 7fc4598f5340                               Options.ttl: 2592000
2022/02/11-15:32:41.946851 7fc4598f5340          Options.periodic_compaction_seconds: 0
2022/02/11-15:32:41.946853 7fc4598f5340                    Options.enable_blob_files: false
2022/02/11-15:32:41.946854 7fc4598f5340                        Options.min_blob_size: 0
2022/02/11-15:32:41.946855 7fc4598f5340                       Options.blob_file_size: 268435456
2022/02/11-15:32:41.946857 7fc4598f5340                Options.blob_compression_type: NoCompression
2022/02/11-15:32:41.946858 7fc4598f5340       Options.enable_blob_garbage_collection: false
2022/02/11-15:32:41.946860 7fc4598f5340   Options.blob_garbage_collection_age_cutoff: 0.250000
2022/02/11-15:32:41.946898 7fc4598f5340 [db/column_family.cc:596] --------------- Options for column family [certificates]:
2022/02/11-15:32:41.946901 7fc4598f5340               Options.comparator: leveldb.BytewiseComparator
2022/02/11-15:32:41.946902 7fc4598f5340           Options.merge_operator: None
2022/02/11-15:32:41.946903 7fc4598f5340        Options.compaction_filter: None
2022/02/11-15:32:41.946905 7fc4598f5340        Options.compaction_filter_factory: None
2022/02/11-15:32:41.946906 7fc4598f5340  Options.sst_partitioner_factory: None
2022/02/11-15:32:41.946908 7fc4598f5340         Options.memtable_factory: SkipListFactory
2022/02/11-15:32:41.946909 7fc4598f5340            Options.table_factory: BlockBasedTable
2022/02/11-15:32:41.946939 7fc4598f5340            table_factory options:   flush_block_policy_factory: FlushBlockBySizePolicyFactory (0x55c74c756370)
  cache_index_and_filter_blocks: 0
  cache_index_and_filter_blocks_with_high_priority: 1
  pin_l0_filter_and_index_blocks_in_cache: 0
  pin_top_level_index_and_filter: 1
  index_type: 0
  data_block_index_type: 0
  index_shortening: 1
  data_block_hash_table_util_ratio: 0.750000
  hash_index_allow_collision: 1
  checksum: 1
  no_block_cache: 0
  block_cache: 0x55c74c7c3ce0
  block_cache_name: LRUCache
  block_cache_options:
    capacity : 8388608
    num_shard_bits : 4
    strict_capacity_limit : 0
    memory_allocator : None
    high_pri_pool_ratio: 0.000
  block_cache_compressed: (nil)
  persistent_cache: (nil)
  block_size: 4096
  block_size_deviation: 10
  block_restart_interval: 16
  index_block_restart_interval: 1
  metadata_block_size: 4096
  partition_filters: 0
  use_delta_encoding: 1
  filter_policy: nullptr
  whole_key_filtering: 1
  verify_compression: 0
  read_amp_bytes_per_bit: 0
  format_version: 5
  enable_index_compression: 1
  block_align: 0
2022/02/11-15:32:41.946952 7fc4598f5340        Options.write_buffer_size: 67108864
2022/02/11-15:32:41.946954 7fc4598f5340  Options.max_write_buffer_number: 2
2022/02/11-15:32:41.946955 7fc4598f5340          Options.compression: Snappy
2022/02/11-15:32:41.946957 7fc4598f5340                  Options.bottommost_compression: Disabled
2022/02/11-15:32:41.946958 7fc4598f5340       Options.prefix_extractor: nullptr
2022/02/11-15:32:41.946960 7fc4598f5340   Options.memtable_insert_with_hint_prefix_extractor: nullptr
2022/02/11-15:32:41.946961 7fc4598f5340             Options.num_levels: 7
2022/02/11-15:32:41.946963 7fc4598f5340        Options.min_write_buffer_number_to_merge: 1
2022/02/11-15:32:41.946964 7fc4598f5340     Options.max_write_buffer_number_to_maintain: 0
2022/02/11-15:32:41.946965 7fc4598f5340     Options.max_write_buffer_size_to_maintain: 0
2022/02/11-15:32:41.946967 7fc4598f5340            Options.bottommost_compression_opts.window_bits: -14
2022/02/11-15:32:41.946968 7fc4598f5340                  Options.bottommost_compression_opts.level: 32767
2022/02/11-15:32:41.946970 7fc4598f5340               Options.bottommost_compression_opts.strategy: 0
2022/02/11-15:32:41.946971 7fc4598f5340         Options.bottommost_compression_opts.max_dict_bytes: 0
2022/02/11-15:32:41.946972 7fc4598f5340         Options.bottommost_compression_opts.zstd_max_train_bytes: 0
2022/02/11-15:32:41.946974 7fc4598f5340         Options.bottommost_compression_opts.parallel_threads: 1
2022/02/11-15:32:41.946975 7fc4598f5340                  Options.bottommost_compression_opts.enabled: false
2022/02/11-15:32:41.946976 7fc4598f5340         Options.bottommost_compression_opts.max_dict_buffer_bytes: 0
2022/02/11-15:32:41.946978 7fc4598f5340            Options.compression_opts.window_bits: -14
2022/02/11-15:32:41.946979 7fc4598f5340                  Options.compression_opts.level: 32767
2022/02/11-15:32:41.946981 7fc4598f5340               Options.compression_opts.strategy: 0
2022/02/11-15:32:41.946982 7fc4598f5340         Options.compression_opts.max_dict_bytes: 0
2022/02/11-15:32:41.946983 7fc4598f5340         Options.compression_opts.zstd_max_train_bytes: 0
2022/02/11-15:32:41.946985 7fc4598f5340         Options.compression_opts.parallel_threads: 1
2022/02/11-15:32:41.946986 7fc4598f5340                  Options.compression_opts.enabled: false
2022/02/11-15:32:41.946987 7fc4598f5340         Options.compression_opts.max_dict_buffer_bytes: 0
2022/02/11-15:32:41.946989 7fc4598f5340      Options.level0_file_num_compaction_trigger: 4
2022/02/11-15:32:41.946990 7fc4598f5340          Options.level0_slowdown_writes_trigger: 20
2022/02/11-15:32:41.946991 7fc4598f5340              Options.level0_stop_writes_trigger: 36
2022/02/11-15:32:41.946993 7fc4598f5340                   Options.target_file_size_base: 67108864
2022/02/11-15:32:41.946994 7fc4598f5340             Options.target_file_size_multiplier: 1
2022/02/11-15:32:41.946995 7fc4598f5340                Options.max_bytes_for_level_base: 268435456
2022/02/11-15:32:41.946997 7fc4598f5340 Options.level_compaction_dynamic_level_bytes: 0
2022/02/11-15:32:41.947005 7fc4598f5340          Options.max_bytes_for_level_multiplier: 10.000000
2022/02/11-15:32:41.947008 7fc4598f5340 Options.max_bytes_for_level_multiplier_addtl[0]: 1
2022/02/11-15:32:41.947009 7fc4598f5340 Options.max_bytes_for_level_multiplier_addtl[1]: 1
2022/02/11-15:32:41.947011 7fc4598f5340 Options.max_bytes_for_level_multiplier_addtl[2]: 1
2022/02/11-15:32:41.947012 7fc4598f5340 Options.max_bytes_for_level_multiplier_addtl[3]: 1
2022/02/11-15:32:41.947014 7fc4598f5340 Options.max_bytes_for_level_multiplier_addtl[4]: 1
2022/02/11-15:32:41.947015 7fc4598f5340 Options.max_bytes_for_level_multiplier_addtl[5]: 1
2022/02/11-15:32:41.947016 7fc4598f5340 Options.max_bytes_for_level_multiplier_addtl[6]: 1
2022/02/11-15:32:41.947018 7fc4598f5340       Options.max_sequential_skip_in_iterations: 8
2022/02/11-15:32:41.947019 7fc4598f5340                    Options.max_compaction_bytes: 1677721600
2022/02/11-15:32:41.947020 7fc4598f5340                        Options.arena_block_size: 8388608
2022/02/11-15:32:41.947022 7fc4598f5340   Options.soft_pending_compaction_bytes_limit: 68719476736
2022/02/11-15:32:41.947023 7fc4598f5340   Options.hard_pending_compaction_bytes_limit: 274877906944
2022/02/11-15:32:41.947025 7fc4598f5340       Options.rate_limit_delay_max_milliseconds: 100
2022/02/11-15:32:41.947026 7fc4598f5340                Options.disable_auto_compactions: 0
2022/02/11-15:32:41.947027 7fc4598f5340                        Options.compaction_style: kCompactionStyleLevel
2022/02/11-15:32:41.947029 7fc4598f5340                          Options.compaction_pri: kMinOverlappingRatio
2022/02/11-15:32:41.947030 7fc4598f5340 Options.compaction_options_universal.size_ratio: 1
2022/02/11-15:32:41.947032 7fc4598f5340 Options.compaction_options_universal.min_merge_width: 2
2022/02/11-15:32:41.947033 7fc4598f5340 Options.compaction_options_universal.max_merge_width: 4294967295
2022/02/11-15:32:41.947034 7fc4598f5340 Options.compaction_options_universal.max_size_amplification_percent: 200
2022/02/11-15:32:41.947036 7fc4598f5340 Options.compaction_options_universal.compression_size_percent: -1
2022/02/11-15:32:41.947038 7fc4598f5340 Options.compaction_options_universal.stop_style: kCompactionStopStyleTotalSize
2022/02/11-15:32:41.947039 7fc4598f5340 Options.compaction_options_fifo.max_table_files_size: 1073741824
2022/02/11-15:32:41.947040 7fc4598f5340 Options.compaction_options_fifo.allow_compaction: 0
2022/02/11-15:32:41.947043 7fc4598f5340                   Options.table_properties_collectors: 
2022/02/11-15:32:41.947045 7fc4598f5340                   Options.inplace_update_support: 0
2022/02/11-15:32:41.947046 7fc4598f5340                 Options.inplace_update_num_locks: 10000
2022/02/11-15:32:41.947048 7fc4598f5340               Options.memtable_prefix_bloom_size_ratio: 0.000000
2022/02/11-15:32:41.947049 7fc4598f5340               Options.memtable_whole_key_filtering: 0
2022/02/11-15:32:41.947051 7fc4598f5340   Options.memtable_huge_page_size: 0
2022/02/11-15:32:41.947052 7fc4598f5340                           Options.bloom_locality: 0
2022/02/11-15:32:41.947054 7fc4598f5340                    Options.max_successive_merges: 0
2022/02/11-15:32:41.947055 7fc4598f5340                Options.optimize_filters_for_hits: 0
2022/02/11-15:32:41.947056 7fc4598f5340                Options.paranoid_file_checks: 0
2022/02/11-15:32:41.947058 7fc4598f5340                Options.force_consistency_checks: 1
2022/02/11-15:32:41.947059 7fc4598f5340                Options.report_bg_io_stats: 0
2022/02/11-15:32:41.947060 7fc4598f5340                               Options.ttl: 2592000
2022/02/11-15:32:41.947062 7fc4598f5340          Options.periodic_compaction_seconds: 0
2022/02/11-15:32:41.947063 7fc4598f5340                    Options.enable_blob_files: false
2022/02/11-15:32:41.947064 7fc4598f5340                        Options.min_blob_size: 0
2022/02/11-15:32:41.947065 7fc4598f5340                       Options.blob_file_size: 268435456
2022/02/11-15:32:41.947067 7fc4598f5340                Options.blob_compression_type: NoCompression
2022/02/11-15:32:41.947076 7fc4598f5340       Options.enable_blob_garbage_collection: false
2022/02/11-15:32:41.947077 7fc4598f5340   Options.blob_garbage_collection_age_cutoff: 0.250000
2022/02/11-15:32:41.947112 7fc4598f5340 [db/column_family.cc:596] --------------- Options for column family [object_certs]:
2022/02/11-15:32:41.947115 7fc4598f5340               Options.comparator: leveldb.BytewiseComparator
2022/02/11-15:32:41.947116 7fc4598f5340           Options.merge_operator: None
2022/02/11-15:32:41.947117 7fc4598f5340        Options.compaction_filter: None
2022/02/11-15:32:41.947119 7fc4598f5340        Options.compaction_filter_factory: None
2022/02/11-15:32:41.947120 7fc4598f5340  Options.sst_partitioner_factory: None
2022/02/11-15:32:41.947121 7fc4598f5340         Options.memtable_factory: SkipListFactory
2022/02/11-15:32:41.947123 7fc4598f5340            Options.table_factory: BlockBasedTable
2022/02/11-15:32:41.947151 7fc4598f5340            table_factory options:   flush_block_policy_factory: FlushBlockBySizePolicyFactory (0x55c74c780a10)
  cache_index_and_filter_blocks: 0
  cache_index_and_filter_blocks_with_high_priority: 1
  pin_l0_filter_and_index_blocks_in_cache: 0
  pin_top_level_index_and_filter: 1
  index_type: 0
  data_block_index_type: 0
  index_shortening: 1
  data_block_hash_table_util_ratio: 0.750000
  hash_index_allow_collision: 1
  checksum: 1
  no_block_cache: 0
  block_cache: 0x55c74c83cd60
  block_cache_name: LRUCache
  block_cache_options:
    capacity : 8388608
    num_shard_bits : 4
    strict_capacity_limit : 0
    memory_allocator : None
    high_pri_pool_ratio: 0.000
  block_cache_compressed: (nil)
  persistent_cache: (nil)
  block_size: 4096
  block_size_deviation: 10
  block_restart_interval: 16
  index_block_restart_interval: 1
  metadata_block_size: 4096
  partition_filters: 0
  use_delta_encoding: 1
  filter_policy: nullptr
  whole_key_filtering: 1
  verify_compression: 0
  read_amp_bytes_per_bit: 0
  format_version: 5
  enable_index_compression: 1
  block_align: 0
2022/02/11-15:32:41.947153 7fc4598f5340        Options.write_buffer_size: 67108864
2022/02/11-15:32:41.947155 7fc4598f5340  Options.max_write_buffer_number: 2
2022/02/11-15:32:41.947156 7fc4598f5340          Options.compression: Snappy
2022/02/11-15:32:41.947158 7fc4598f5340                  Options.bottommost_compression: Disabled
2022/02/11-15:32:41.947159 7fc4598f5340       Options.prefix_extractor: nullptr
2022/02/11-15:32:41.947160 7fc4598f5340   Options.memtable_insert_with_hint_prefix_extractor: nullptr
2022/02/11-15:32:41.947162 7fc4598f5340             Options.num_levels: 7
2022/02/11-15:32:41.947163 7fc4598f5340        Options.min_write_buffer_number_to_merge: 1
2022/02/11-15:32:41.947165 7fc4598f5340     Options.max_write_buffer_number_to_maintain: 0
2022/02/11-15:32:41.947166 7fc4598f5340     Options.max_write_buffer_size_to_maintain: 0
2022/02/11-15:32:41.947167 7fc4598f5340            Options.bottommost_compression_opts.window_bits: -14
