2022/02/11-15:51:21.950479 7fcf56d78340 RocksDB version: 6.20.3
2022/02/11-15:51:21.950507 7fcf56d78340 Git sha 8608d75d85f8e1b3b64b73a4fb6d19baec61ba5c
2022/02/11-15:51:21.950509 7fcf56d78340 Compile date 2021-05-05 20:35:30
2022/02/11-15:51:21.950534 7fcf56d78340 DB SUMMARY
2022/02/11-15:51:21.950535 7fcf56d78340 DB Session ID:  E72EXTBK47NRLOYVZGSU
2022/02/11-15:51:21.950568 7fcf56d78340 CURRENT file:  CURRENT
2022/02/11-15:51:21.950569 7fcf56d78340 IDENTITY file:  IDENTITY
2022/02/11-15:51:21.950571 7fcf56d78340 MANIFEST file:  MANIFEST-000273 size: 1473 Bytes
2022/02/11-15:51:21.950572 7fcf56d78340 SST files in ./client_db/k#dc952b9e29d3756545eadb133c07bf01656e4ef2783459c19a71b1cece4bdce2 dir, Total Num: 4, files: 000228.sst 000238.sst 000254.sst 000270.sst 
2022/02/11-15:51:21.950573 7fcf56d78340 Write Ahead Log file in ./client_db/k#dc952b9e29d3756545eadb133c07bf01656e4ef2783459c19a71b1cece4bdce2: 000274.log size: 1640 ; 
2022/02/11-15:51:21.950574 7fcf56d78340                         Options.error_if_exists: 0
2022/02/11-15:51:21.950575 7fcf56d78340                       Options.create_if_missing: 1
2022/02/11-15:51:21.950576 7fcf56d78340                         Options.paranoid_checks: 1
2022/02/11-15:51:21.950576 7fcf56d78340                               Options.track_and_verify_wals_in_manifest: 0
2022/02/11-15:51:21.950577 7fcf56d78340                                     Options.env: 0x561d55bcc420
2022/02/11-15:51:21.950578 7fcf56d78340                                      Options.fs: Posix File System
2022/02/11-15:51:21.950578 7fcf56d78340                                Options.info_log: 0x561d57950260
2022/02/11-15:51:21.950579 7fcf56d78340                Options.max_file_opening_threads: 16
2022/02/11-15:51:21.950579 7fcf56d78340                              Options.statistics: (nil)
2022/02/11-15:51:21.950580 7fcf56d78340                               Options.use_fsync: 0
2022/02/11-15:51:21.950580 7fcf56d78340                       Options.max_log_file_size: 0
2022/02/11-15:51:21.950581 7fcf56d78340                  Options.max_manifest_file_size: 1073741824
2022/02/11-15:51:21.950581 7fcf56d78340                   Options.log_file_time_to_roll: 0
2022/02/11-15:51:21.950582 7fcf56d78340                       Options.keep_log_file_num: 1000
2022/02/11-15:51:21.950582 7fcf56d78340                    Options.recycle_log_file_num: 0
2022/02/11-15:51:21.950583 7fcf56d78340                         Options.allow_fallocate: 1
2022/02/11-15:51:21.950583 7fcf56d78340                        Options.allow_mmap_reads: 0
2022/02/11-15:51:21.950584 7fcf56d78340                       Options.allow_mmap_writes: 0
2022/02/11-15:51:21.950584 7fcf56d78340                        Options.use_direct_reads: 0
2022/02/11-15:51:21.950584 7fcf56d78340                        Options.use_direct_io_for_flush_and_compaction: 0
2022/02/11-15:51:21.950585 7fcf56d78340          Options.create_missing_column_families: 1
2022/02/11-15:51:21.950585 7fcf56d78340                              Options.db_log_dir: 
2022/02/11-15:51:21.950586 7fcf56d78340                                 Options.wal_dir: ./client_db/k#dc952b9e29d3756545eadb133c07bf01656e4ef2783459c19a71b1cece4bdce2
2022/02/11-15:51:21.950586 7fcf56d78340                Options.table_cache_numshardbits: 6
2022/02/11-15:51:21.950587 7fcf56d78340                         Options.WAL_ttl_seconds: 0
2022/02/11-15:51:21.950587 7fcf56d78340                       Options.WAL_size_limit_MB: 0
2022/02/11-15:51:21.950588 7fcf56d78340                        Options.max_write_batch_group_size_bytes: 1048576
2022/02/11-15:51:21.950588 7fcf56d78340             Options.manifest_preallocation_size: 4194304
2022/02/11-15:51:21.950589 7fcf56d78340                     Options.is_fd_close_on_exec: 1
2022/02/11-15:51:21.950589 7fcf56d78340                   Options.advise_random_on_open: 1
2022/02/11-15:51:21.950589 7fcf56d78340                    Options.db_write_buffer_size: 0
2022/02/11-15:51:21.950590 7fcf56d78340                    Options.write_buffer_manager: 0x561d578b5730
2022/02/11-15:51:21.950590 7fcf56d78340         Options.access_hint_on_compaction_start: 1
2022/02/11-15:51:21.950607 7fcf56d78340  Options.new_table_reader_for_compaction_inputs: 0
2022/02/11-15:51:21.950609 7fcf56d78340           Options.random_access_max_buffer_size: 1048576
2022/02/11-15:51:21.950609 7fcf56d78340                      Options.use_adaptive_mutex: 0
2022/02/11-15:51:21.950610 7fcf56d78340                            Options.rate_limiter: (nil)
2022/02/11-15:51:21.950611 7fcf56d78340     Options.sst_file_manager.rate_bytes_per_sec: 0
2022/02/11-15:51:21.950612 7fcf56d78340                       Options.wal_recovery_mode: 2
2022/02/11-15:51:21.950612 7fcf56d78340                  Options.enable_thread_tracking: 0
2022/02/11-15:51:21.950613 7fcf56d78340                  Options.enable_pipelined_write: 0
2022/02/11-15:51:21.950613 7fcf56d78340                  Options.unordered_write: 0
2022/02/11-15:51:21.950613 7fcf56d78340         Options.allow_concurrent_memtable_write: 1
2022/02/11-15:51:21.950614 7fcf56d78340      Options.enable_write_thread_adaptive_yield: 1
2022/02/11-15:51:21.950614 7fcf56d78340             Options.write_thread_max_yield_usec: 100
2022/02/11-15:51:21.950615 7fcf56d78340            Options.write_thread_slow_yield_usec: 3
2022/02/11-15:51:21.950615 7fcf56d78340                               Options.row_cache: None
2022/02/11-15:51:21.950616 7fcf56d78340                              Options.wal_filter: None
2022/02/11-15:51:21.950616 7fcf56d78340             Options.avoid_flush_during_recovery: 0
2022/02/11-15:51:21.950617 7fcf56d78340             Options.allow_ingest_behind: 0
2022/02/11-15:51:21.950617 7fcf56d78340             Options.preserve_deletes: 0
2022/02/11-15:51:21.950618 7fcf56d78340             Options.two_write_queues: 0
2022/02/11-15:51:21.950618 7fcf56d78340             Options.manual_wal_flush: 0
2022/02/11-15:51:21.950619 7fcf56d78340             Options.atomic_flush: 0
2022/02/11-15:51:21.950619 7fcf56d78340             Options.avoid_unnecessary_blocking_io: 0
2022/02/11-15:51:21.950620 7fcf56d78340                 Options.persist_stats_to_disk: 0
2022/02/11-15:51:21.950620 7fcf56d78340                 Options.write_dbid_to_manifest: 0
2022/02/11-15:51:21.950620 7fcf56d78340                 Options.log_readahead_size: 0
2022/02/11-15:51:21.950621 7fcf56d78340                 Options.file_checksum_gen_factory: Unknown
2022/02/11-15:51:21.950622 7fcf56d78340                 Options.best_efforts_recovery: 0
2022/02/11-15:51:21.950622 7fcf56d78340                Options.max_bgerror_resume_count: 2147483647
2022/02/11-15:51:21.950623 7fcf56d78340            Options.bgerror_resume_retry_interval: 1000000
2022/02/11-15:51:21.950623 7fcf56d78340             Options.allow_data_in_errors: 0
2022/02/11-15:51:21.950623 7fcf56d78340             Options.db_host_id: __hostname__
2022/02/11-15:51:21.950624 7fcf56d78340             Options.max_background_jobs: 2
2022/02/11-15:51:21.950624 7fcf56d78340             Options.max_background_compactions: -1
2022/02/11-15:51:21.950625 7fcf56d78340             Options.max_subcompactions: 1
2022/02/11-15:51:21.950625 7fcf56d78340             Options.avoid_flush_during_shutdown: 0
2022/02/11-15:51:21.950626 7fcf56d78340           Options.writable_file_max_buffer_size: 1048576
2022/02/11-15:51:21.950626 7fcf56d78340             Options.delayed_write_rate : 16777216
2022/02/11-15:51:21.950627 7fcf56d78340             Options.max_total_wal_size: 0
2022/02/11-15:51:21.950627 7fcf56d78340             Options.delete_obsolete_files_period_micros: 21600000000
2022/02/11-15:51:21.950628 7fcf56d78340                   Options.stats_dump_period_sec: 600
2022/02/11-15:51:21.950628 7fcf56d78340                 Options.stats_persist_period_sec: 600
2022/02/11-15:51:21.950629 7fcf56d78340                 Options.stats_history_buffer_size: 1048576
2022/02/11-15:51:21.950629 7fcf56d78340                          Options.max_open_files: -1
2022/02/11-15:51:21.950630 7fcf56d78340                          Options.bytes_per_sync: 0
2022/02/11-15:51:21.950630 7fcf56d78340                      Options.wal_bytes_per_sync: 0
2022/02/11-15:51:21.950631 7fcf56d78340                   Options.strict_bytes_per_sync: 0
2022/02/11-15:51:21.950645 7fcf56d78340       Options.compaction_readahead_size: 0
2022/02/11-15:51:21.950647 7fcf56d78340                  Options.max_background_flushes: -1
2022/02/11-15:51:21.950647 7fcf56d78340 Compression algorithms supported:
2022/02/11-15:51:21.950648 7fcf56d78340 	kZSTDNotFinalCompression supported: 1
2022/02/11-15:51:21.950650 7fcf56d78340 	kZSTD supported: 1
2022/02/11-15:51:21.950650 7fcf56d78340 	kXpressCompression supported: 0
2022/02/11-15:51:21.950651 7fcf56d78340 	kLZ4HCCompression supported: 1
2022/02/11-15:51:21.950651 7fcf56d78340 	kLZ4Compression supported: 1
2022/02/11-15:51:21.950652 7fcf56d78340 	kBZip2Compression supported: 1
2022/02/11-15:51:21.950652 7fcf56d78340 	kZlibCompression supported: 1
2022/02/11-15:51:21.950653 7fcf56d78340 	kSnappyCompression supported: 1
2022/02/11-15:51:21.950654 7fcf56d78340 Fast CRC32 supported: Not supported on x86
2022/02/11-15:51:21.950675 7fcf56d78340 [db/version_set.cc:4626] Recovering from manifest file: ./client_db/k#dc952b9e29d3756545eadb133c07bf01656e4ef2783459c19a71b1cece4bdce2/MANIFEST-000273
2022/02/11-15:51:21.950747 7fcf56d78340 [db/column_family.cc:596] --------------- Options for column family [default]:
2022/02/11-15:51:21.950749 7fcf56d78340               Options.comparator: leveldb.BytewiseComparator
2022/02/11-15:51:21.950750 7fcf56d78340           Options.merge_operator: None
2022/02/11-15:51:21.950751 7fcf56d78340        Options.compaction_filter: None
2022/02/11-15:51:21.950751 7fcf56d78340        Options.compaction_filter_factory: None
2022/02/11-15:51:21.950752 7fcf56d78340  Options.sst_partitioner_factory: None
2022/02/11-15:51:21.950752 7fcf56d78340         Options.memtable_factory: SkipListFactory
2022/02/11-15:51:21.950753 7fcf56d78340            Options.table_factory: BlockBasedTable
2022/02/11-15:51:21.950768 7fcf56d78340            table_factory options:   flush_block_policy_factory: FlushBlockBySizePolicyFactory (0x561d578e8320)
  cache_index_and_filter_blocks: 0
  cache_index_and_filter_blocks_with_high_priority: 1
  pin_l0_filter_and_index_blocks_in_cache: 0
  pin_top_level_index_and_filter: 1
  index_type: 0
  data_block_index_type: 0
  index_shortening: 1
  data_block_hash_table_util_ratio: 0.750000
  hash_index_allow_collision: 1
  checksum: 1
  no_block_cache: 0
  block_cache: 0x561d578ebfb0
  block_cache_name: LRUCache
  block_cache_options:
    capacity : 8388608
    num_shard_bits : 4
    strict_capacity_limit : 0
    memory_allocator : None
    high_pri_pool_ratio: 0.000
  block_cache_compressed: (nil)
  persistent_cache: (nil)
  block_size: 4096
  block_size_deviation: 10
  block_restart_interval: 16
  index_block_restart_interval: 1
  metadata_block_size: 4096
  partition_filters: 0
  use_delta_encoding: 1
  filter_policy: nullptr
  whole_key_filtering: 1
  verify_compression: 0
  read_amp_bytes_per_bit: 0
  format_version: 5
  enable_index_compression: 1
  block_align: 0
2022/02/11-15:51:21.950769 7fcf56d78340        Options.write_buffer_size: 67108864
2022/02/11-15:51:21.950770 7fcf56d78340  Options.max_write_buffer_number: 2
2022/02/11-15:51:21.950770 7fcf56d78340          Options.compression: Snappy
2022/02/11-15:51:21.950771 7fcf56d78340                  Options.bottommost_compression: Disabled
2022/02/11-15:51:21.950771 7fcf56d78340       Options.prefix_extractor: nullptr
2022/02/11-15:51:21.950772 7fcf56d78340   Options.memtable_insert_with_hint_prefix_extractor: nullptr
2022/02/11-15:51:21.950772 7fcf56d78340             Options.num_levels: 7
2022/02/11-15:51:21.950773 7fcf56d78340        Options.min_write_buffer_number_to_merge: 1
2022/02/11-15:51:21.950773 7fcf56d78340     Options.max_write_buffer_number_to_maintain: 0
2022/02/11-15:51:21.950774 7fcf56d78340     Options.max_write_buffer_size_to_maintain: 0
2022/02/11-15:51:21.950774 7fcf56d78340            Options.bottommost_compression_opts.window_bits: -14
2022/02/11-15:51:21.950775 7fcf56d78340                  Options.bottommost_compression_opts.level: 32767
2022/02/11-15:51:21.950775 7fcf56d78340               Options.bottommost_compression_opts.strategy: 0
2022/02/11-15:51:21.950780 7fcf56d78340         Options.bottommost_compression_opts.max_dict_bytes: 0
2022/02/11-15:51:21.950781 7fcf56d78340         Options.bottommost_compression_opts.zstd_max_train_bytes: 0
2022/02/11-15:51:21.950782 7fcf56d78340         Options.bottommost_compression_opts.parallel_threads: 1
2022/02/11-15:51:21.950782 7fcf56d78340                  Options.bottommost_compression_opts.enabled: false
2022/02/11-15:51:21.950783 7fcf56d78340         Options.bottommost_compression_opts.max_dict_buffer_bytes: 0
2022/02/11-15:51:21.950783 7fcf56d78340            Options.compression_opts.window_bits: -14
2022/02/11-15:51:21.950784 7fcf56d78340                  Options.compression_opts.level: 32767
2022/02/11-15:51:21.950784 7fcf56d78340               Options.compression_opts.strategy: 0
2022/02/11-15:51:21.950785 7fcf56d78340         Options.compression_opts.max_dict_bytes: 0
2022/02/11-15:51:21.950785 7fcf56d78340         Options.compression_opts.zstd_max_train_bytes: 0
2022/02/11-15:51:21.950786 7fcf56d78340         Options.compression_opts.parallel_threads: 1
2022/02/11-15:51:21.950786 7fcf56d78340                  Options.compression_opts.enabled: false
2022/02/11-15:51:21.950786 7fcf56d78340         Options.compression_opts.max_dict_buffer_bytes: 0
2022/02/11-15:51:21.950787 7fcf56d78340      Options.level0_file_num_compaction_trigger: 4
2022/02/11-15:51:21.950787 7fcf56d78340          Options.level0_slowdown_writes_trigger: 20
2022/02/11-15:51:21.950788 7fcf56d78340              Options.level0_stop_writes_trigger: 36
2022/02/11-15:51:21.950788 7fcf56d78340                   Options.target_file_size_base: 67108864
2022/02/11-15:51:21.950789 7fcf56d78340             Options.target_file_size_multiplier: 1
2022/02/11-15:51:21.950789 7fcf56d78340                Options.max_bytes_for_level_base: 268435456
2022/02/11-15:51:21.950790 7fcf56d78340 Options.level_compaction_dynamic_level_bytes: 0
2022/02/11-15:51:21.950790 7fcf56d78340          Options.max_bytes_for_level_multiplier: 10.000000
2022/02/11-15:51:21.950792 7fcf56d78340 Options.max_bytes_for_level_multiplier_addtl[0]: 1
2022/02/11-15:51:21.950792 7fcf56d78340 Options.max_bytes_for_level_multiplier_addtl[1]: 1
2022/02/11-15:51:21.950793 7fcf56d78340 Options.max_bytes_for_level_multiplier_addtl[2]: 1
2022/02/11-15:51:21.950793 7fcf56d78340 Options.max_bytes_for_level_multiplier_addtl[3]: 1
2022/02/11-15:51:21.950794 7fcf56d78340 Options.max_bytes_for_level_multiplier_addtl[4]: 1
2022/02/11-15:51:21.950794 7fcf56d78340 Options.max_bytes_for_level_multiplier_addtl[5]: 1
2022/02/11-15:51:21.950795 7fcf56d78340 Options.max_bytes_for_level_multiplier_addtl[6]: 1
2022/02/11-15:51:21.950795 7fcf56d78340       Options.max_sequential_skip_in_iterations: 8
2022/02/11-15:51:21.950796 7fcf56d78340                    Options.max_compaction_bytes: 1677721600
2022/02/11-15:51:21.950796 7fcf56d78340                        Options.arena_block_size: 8388608
2022/02/11-15:51:21.950797 7fcf56d78340   Options.soft_pending_compaction_bytes_limit: 68719476736
2022/02/11-15:51:21.950797 7fcf56d78340   Options.hard_pending_compaction_bytes_limit: 274877906944
2022/02/11-15:51:21.950798 7fcf56d78340       Options.rate_limit_delay_max_milliseconds: 100
2022/02/11-15:51:21.950798 7fcf56d78340                Options.disable_auto_compactions: 0
2022/02/11-15:51:21.950799 7fcf56d78340                        Options.compaction_style: kCompactionStyleLevel
2022/02/11-15:51:21.950800 7fcf56d78340                          Options.compaction_pri: kMinOverlappingRatio
2022/02/11-15:51:21.950800 7fcf56d78340 Options.compaction_options_universal.size_ratio: 1
2022/02/11-15:51:21.950801 7fcf56d78340 Options.compaction_options_universal.min_merge_width: 2
2022/02/11-15:51:21.950801 7fcf56d78340 Options.compaction_options_universal.max_merge_width: 4294967295
2022/02/11-15:51:21.950802 7fcf56d78340 Options.compaction_options_universal.max_size_amplification_percent: 200
2022/02/11-15:51:21.950802 7fcf56d78340 Options.compaction_options_universal.compression_size_percent: -1
2022/02/11-15:51:21.950805 7fcf56d78340 Options.compaction_options_universal.stop_style: kCompactionStopStyleTotalSize
2022/02/11-15:51:21.950806 7fcf56d78340 Options.compaction_options_fifo.max_table_files_size: 1073741824
2022/02/11-15:51:21.950806 7fcf56d78340 Options.compaction_options_fifo.allow_compaction: 0
2022/02/11-15:51:21.950812 7fcf56d78340                   Options.table_properties_collectors: 
2022/02/11-15:51:21.950813 7fcf56d78340                   Options.inplace_update_support: 0
2022/02/11-15:51:21.950813 7fcf56d78340                 Options.inplace_update_num_locks: 10000
2022/02/11-15:51:21.950814 7fcf56d78340               Options.memtable_prefix_bloom_size_ratio: 0.000000
2022/02/11-15:51:21.950815 7fcf56d78340               Options.memtable_whole_key_filtering: 0
2022/02/11-15:51:21.950815 7fcf56d78340   Options.memtable_huge_page_size: 0
2022/02/11-15:51:21.950815 7fcf56d78340                           Options.bloom_locality: 0
2022/02/11-15:51:21.950816 7fcf56d78340                    Options.max_successive_merges: 0
2022/02/11-15:51:21.950816 7fcf56d78340                Options.optimize_filters_for_hits: 0
2022/02/11-15:51:21.950817 7fcf56d78340                Options.paranoid_file_checks: 0
2022/02/11-15:51:21.950817 7fcf56d78340                Options.force_consistency_checks: 1
2022/02/11-15:51:21.950818 7fcf56d78340                Options.report_bg_io_stats: 0
2022/02/11-15:51:21.950818 7fcf56d78340                               Options.ttl: 2592000
2022/02/11-15:51:21.950819 7fcf56d78340          Options.periodic_compaction_seconds: 0
2022/02/11-15:51:21.950819 7fcf56d78340                    Options.enable_blob_files: false
2022/02/11-15:51:21.950819 7fcf56d78340                        Options.min_blob_size: 0
2022/02/11-15:51:21.950820 7fcf56d78340                       Options.blob_file_size: 268435456
2022/02/11-15:51:21.950820 7fcf56d78340                Options.blob_compression_type: NoCompression
2022/02/11-15:51:21.950821 7fcf56d78340       Options.enable_blob_garbage_collection: false
2022/02/11-15:51:21.950821 7fcf56d78340   Options.blob_garbage_collection_age_cutoff: 0.250000
2022/02/11-15:51:21.950846 7fcf56d78340 [db/column_family.cc:596] --------------- Options for column family [pending_orders]:
2022/02/11-15:51:21.950847 7fcf56d78340               Options.comparator: leveldb.BytewiseComparator
2022/02/11-15:51:21.950847 7fcf56d78340           Options.merge_operator: None
2022/02/11-15:51:21.950848 7fcf56d78340        Options.compaction_filter: None
2022/02/11-15:51:21.950848 7fcf56d78340        Options.compaction_filter_factory: None
2022/02/11-15:51:21.950849 7fcf56d78340  Options.sst_partitioner_factory: None
2022/02/11-15:51:21.950849 7fcf56d78340         Options.memtable_factory: SkipListFactory
2022/02/11-15:51:21.950850 7fcf56d78340            Options.table_factory: BlockBasedTable
2022/02/11-15:51:21.950903 7fcf56d78340            table_factory options:   flush_block_policy_factory: FlushBlockBySizePolicyFactory (0x561d578c2a10)
  cache_index_and_filter_blocks: 0
  cache_index_and_filter_blocks_with_high_priority: 1
  pin_l0_filter_and_index_blocks_in_cache: 0
  pin_top_level_index_and_filter: 1
  index_type: 0
  data_block_index_type: 0
  index_shortening: 1
  data_block_hash_table_util_ratio: 0.750000
  hash_index_allow_collision: 1
  checksum: 1
  no_block_cache: 0
  block_cache: 0x561d578eac70
  block_cache_name: LRUCache
  block_cache_options:
    capacity : 8388608
    num_shard_bits : 4
    strict_capacity_limit : 0
    memory_allocator : None
    high_pri_pool_ratio: 0.000
  block_cache_compressed: (nil)
  persistent_cache: (nil)
  block_size: 4096
  block_size_deviation: 10
  block_restart_interval: 16
  index_block_restart_interval: 1
  metadata_block_size: 4096
  partition_filters: 0
  use_delta_encoding: 1
  filter_policy: nullptr
  whole_key_filtering: 1
  verify_compression: 0
  read_amp_bytes_per_bit: 0
  format_version: 5
  enable_index_compression: 1
  block_align: 0
2022/02/11-15:51:21.950905 7fcf56d78340        Options.write_buffer_size: 67108864
2022/02/11-15:51:21.950922 7fcf56d78340  Options.max_write_buffer_number: 2
2022/02/11-15:51:21.950923 7fcf56d78340          Options.compression: Snappy
2022/02/11-15:51:21.950924 7fcf56d78340                  Options.bottommost_compression: Disabled
2022/02/11-15:51:21.950924 7fcf56d78340       Options.prefix_extractor: nullptr
2022/02/11-15:51:21.950925 7fcf56d78340   Options.memtable_insert_with_hint_prefix_extractor: nullptr
2022/02/11-15:51:21.950925 7fcf56d78340             Options.num_levels: 7
2022/02/11-15:51:21.950926 7fcf56d78340        Options.min_write_buffer_number_to_merge: 1
2022/02/11-15:51:21.950926 7fcf56d78340     Options.max_write_buffer_number_to_maintain: 0
2022/02/11-15:51:21.950927 7fcf56d78340     Options.max_write_buffer_size_to_maintain: 0
2022/02/11-15:51:21.950927 7fcf56d78340            Options.bottommost_compression_opts.window_bits: -14
2022/02/11-15:51:21.950928 7fcf56d78340                  Options.bottommost_compression_opts.level: 32767
2022/02/11-15:51:21.950928 7fcf56d78340               Options.bottommost_compression_opts.strategy: 0
2022/02/11-15:51:21.950929 7fcf56d78340         Options.bottommost_compression_opts.max_dict_bytes: 0
2022/02/11-15:51:21.950929 7fcf56d78340         Options.bottommost_compression_opts.zstd_max_train_bytes: 0
2022/02/11-15:51:21.950930 7fcf56d78340         Options.bottommost_compression_opts.parallel_threads: 1
2022/02/11-15:51:21.950930 7fcf56d78340                  Options.bottommost_compression_opts.enabled: false
2022/02/11-15:51:21.950931 7fcf56d78340         Options.bottommost_compression_opts.max_dict_buffer_bytes: 0
2022/02/11-15:51:21.950931 7fcf56d78340            Options.compression_opts.window_bits: -14
2022/02/11-15:51:21.950932 7fcf56d78340                  Options.compression_opts.level: 32767
2022/02/11-15:51:21.950932 7fcf56d78340               Options.compression_opts.strategy: 0
2022/02/11-15:51:21.950933 7fcf56d78340         Options.compression_opts.max_dict_bytes: 0
2022/02/11-15:51:21.950933 7fcf56d78340         Options.compression_opts.zstd_max_train_bytes: 0
2022/02/11-15:51:21.950933 7fcf56d78340         Options.compression_opts.parallel_threads: 1
2022/02/11-15:51:21.950934 7fcf56d78340                  Options.compression_opts.enabled: false
2022/02/11-15:51:21.950934 7fcf56d78340         Options.compression_opts.max_dict_buffer_bytes: 0
2022/02/11-15:51:21.950935 7fcf56d78340      Options.level0_file_num_compaction_trigger: 4
2022/02/11-15:51:21.950935 7fcf56d78340          Options.level0_slowdown_writes_trigger: 20
2022/02/11-15:51:21.950936 7fcf56d78340              Options.level0_stop_writes_trigger: 36
2022/02/11-15:51:21.950936 7fcf56d78340                   Options.target_file_size_base: 67108864
2022/02/11-15:51:21.950937 7fcf56d78340             Options.target_file_size_multiplier: 1
2022/02/11-15:51:21.950937 7fcf56d78340                Options.max_bytes_for_level_base: 268435456
2022/02/11-15:51:21.950938 7fcf56d78340 Options.level_compaction_dynamic_level_bytes: 0
2022/02/11-15:51:21.950938 7fcf56d78340          Options.max_bytes_for_level_multiplier: 10.000000
2022/02/11-15:51:21.950939 7fcf56d78340 Options.max_bytes_for_level_multiplier_addtl[0]: 1
2022/02/11-15:51:21.950940 7fcf56d78340 Options.max_bytes_for_level_multiplier_addtl[1]: 1
2022/02/11-15:51:21.950940 7fcf56d78340 Options.max_bytes_for_level_multiplier_addtl[2]: 1
2022/02/11-15:51:21.950941 7fcf56d78340 Options.max_bytes_for_level_multiplier_addtl[3]: 1
2022/02/11-15:51:21.950941 7fcf56d78340 Options.max_bytes_for_level_multiplier_addtl[4]: 1
2022/02/11-15:51:21.950941 7fcf56d78340 Options.max_bytes_for_level_multiplier_addtl[5]: 1
2022/02/11-15:51:21.950942 7fcf56d78340 Options.max_bytes_for_level_multiplier_addtl[6]: 1
2022/02/11-15:51:21.950942 7fcf56d78340       Options.max_sequential_skip_in_iterations: 8
2022/02/11-15:51:21.950943 7fcf56d78340                    Options.max_compaction_bytes: 1677721600
2022/02/11-15:51:21.950943 7fcf56d78340                        Options.arena_block_size: 8388608
2022/02/11-15:51:21.950947 7fcf56d78340   Options.soft_pending_compaction_bytes_limit: 68719476736
2022/02/11-15:51:21.950948 7fcf56d78340   Options.hard_pending_compaction_bytes_limit: 274877906944
2022/02/11-15:51:21.950948 7fcf56d78340       Options.rate_limit_delay_max_milliseconds: 100
2022/02/11-15:51:21.950949 7fcf56d78340                Options.disable_auto_compactions: 0
2022/02/11-15:51:21.950949 7fcf56d78340                        Options.compaction_style: kCompactionStyleLevel
2022/02/11-15:51:21.950950 7fcf56d78340                          Options.compaction_pri: kMinOverlappingRatio
2022/02/11-15:51:21.950950 7fcf56d78340 Options.compaction_options_universal.size_ratio: 1
2022/02/11-15:51:21.950951 7fcf56d78340 Options.compaction_options_universal.min_merge_width: 2
2022/02/11-15:51:21.950951 7fcf56d78340 Options.compaction_options_universal.max_merge_width: 4294967295
2022/02/11-15:51:21.950952 7fcf56d78340 Options.compaction_options_universal.max_size_amplification_percent: 200
2022/02/11-15:51:21.950952 7fcf56d78340 Options.compaction_options_universal.compression_size_percent: -1
2022/02/11-15:51:21.950953 7fcf56d78340 Options.compaction_options_universal.stop_style: kCompactionStopStyleTotalSize
2022/02/11-15:51:21.950953 7fcf56d78340 Options.compaction_options_fifo.max_table_files_size: 1073741824
2022/02/11-15:51:21.950954 7fcf56d78340 Options.compaction_options_fifo.allow_compaction: 0
2022/02/11-15:51:21.950955 7fcf56d78340                   Options.table_properties_collectors: 
2022/02/11-15:51:21.950956 7fcf56d78340                   Options.inplace_update_support: 0
2022/02/11-15:51:21.950956 7fcf56d78340                 Options.inplace_update_num_locks: 10000
2022/02/11-15:51:21.950956 7fcf56d78340               Options.memtable_prefix_bloom_size_ratio: 0.000000
2022/02/11-15:51:21.950957 7fcf56d78340               Options.memtable_whole_key_filtering: 0
2022/02/11-15:51:21.950958 7fcf56d78340   Options.memtable_huge_page_size: 0
2022/02/11-15:51:21.950958 7fcf56d78340                           Options.bloom_locality: 0
2022/02/11-15:51:21.950959 7fcf56d78340                    Options.max_successive_merges: 0
2022/02/11-15:51:21.950959 7fcf56d78340                Options.optimize_filters_for_hits: 0
2022/02/11-15:51:21.950960 7fcf56d78340                Options.paranoid_file_checks: 0
2022/02/11-15:51:21.950960 7fcf56d78340                Options.force_consistency_checks: 1
2022/02/11-15:51:21.950960 7fcf56d78340                Options.report_bg_io_stats: 0
2022/02/11-15:51:21.950961 7fcf56d78340                               Options.ttl: 2592000
2022/02/11-15:51:21.950961 7fcf56d78340          Options.periodic_compaction_seconds: 0
2022/02/11-15:51:21.950962 7fcf56d78340                    Options.enable_blob_files: false
2022/02/11-15:51:21.950962 7fcf56d78340                        Options.min_blob_size: 0
2022/02/11-15:51:21.950963 7fcf56d78340                       Options.blob_file_size: 268435456
2022/02/11-15:51:21.950963 7fcf56d78340                Options.blob_compression_type: NoCompression
2022/02/11-15:51:21.950964 7fcf56d78340       Options.enable_blob_garbage_collection: false
2022/02/11-15:51:21.950964 7fcf56d78340   Options.blob_garbage_collection_age_cutoff: 0.250000
2022/02/11-15:51:21.951010 7fcf56d78340 [db/column_family.cc:596] --------------- Options for column family [certificates]:
2022/02/11-15:51:21.951012 7fcf56d78340               Options.comparator: leveldb.BytewiseComparator
2022/02/11-15:51:21.951012 7fcf56d78340           Options.merge_operator: None
2022/02/11-15:51:21.951013 7fcf56d78340        Options.compaction_filter: None
2022/02/11-15:51:21.951014 7fcf56d78340        Options.compaction_filter_factory: None
2022/02/11-15:51:21.951014 7fcf56d78340  Options.sst_partitioner_factory: None
2022/02/11-15:51:21.951015 7fcf56d78340         Options.memtable_factory: SkipListFactory
2022/02/11-15:51:21.951015 7fcf56d78340            Options.table_factory: BlockBasedTable
2022/02/11-15:51:21.951038 7fcf56d78340            table_factory options:   flush_block_policy_factory: FlushBlockBySizePolicyFactory (0x561d578e2ac0)
  cache_index_and_filter_blocks: 0
  cache_index_and_filter_blocks_with_high_priority: 1
  pin_l0_filter_and_index_blocks_in_cache: 0
  pin_top_level_index_and_filter: 1
  index_type: 0
  data_block_index_type: 0
  index_shortening: 1
  data_block_hash_table_util_ratio: 0.750000
  hash_index_allow_collision: 1
  checksum: 1
  no_block_cache: 0
  block_cache: 0x561d57956ab0
  block_cache_name: LRUCache
  block_cache_options:
    capacity : 8388608
    num_shard_bits : 4
    strict_capacity_limit : 0
    memory_allocator : None
    high_pri_pool_ratio: 0.000
  block_cache_compressed: (nil)
  persistent_cache: (nil)
  block_size: 4096
  block_size_deviation: 10
  block_restart_interval: 16
  index_block_restart_interval: 1
  metadata_block_size: 4096
  partition_filters: 0
  use_delta_encoding: 1
  filter_policy: nullptr
  whole_key_filtering: 1
  verify_compression: 0
  read_amp_bytes_per_bit: 0
  format_version: 5
  enable_index_compression: 1
  block_align: 0
2022/02/11-15:51:21.951045 7fcf56d78340        Options.write_buffer_size: 67108864
2022/02/11-15:51:21.951046 7fcf56d78340  Options.max_write_buffer_number: 2
2022/02/11-15:51:21.951047 7fcf56d78340          Options.compression: Snappy
2022/02/11-15:51:21.951048 7fcf56d78340                  Options.bottommost_compression: Disabled
2022/02/11-15:51:21.951048 7fcf56d78340       Options.prefix_extractor: nullptr
2022/02/11-15:51:21.951049 7fcf56d78340   Options.memtable_insert_with_hint_prefix_extractor: nullptr
2022/02/11-15:51:21.951049 7fcf56d78340             Options.num_levels: 7
2022/02/11-15:51:21.951050 7fcf56d78340        Options.min_write_buffer_number_to_merge: 1
2022/02/11-15:51:21.951050 7fcf56d78340     Options.max_write_buffer_number_to_maintain: 0
2022/02/11-15:51:21.951051 7fcf56d78340     Options.max_write_buffer_size_to_maintain: 0
2022/02/11-15:51:21.951051 7fcf56d78340            Options.bottommost_compression_opts.window_bits: -14
2022/02/11-15:51:21.951052 7fcf56d78340                  Options.bottommost_compression_opts.level: 32767
2022/02/11-15:51:21.951052 7fcf56d78340               Options.bottommost_compression_opts.strategy: 0
2022/02/11-15:51:21.951053 7fcf56d78340         Options.bottommost_compression_opts.max_dict_bytes: 0
2022/02/11-15:51:21.951053 7fcf56d78340         Options.bottommost_compression_opts.zstd_max_train_bytes: 0
2022/02/11-15:51:21.951053 7fcf56d78340         Options.bottommost_compression_opts.parallel_threads: 1
2022/02/11-15:51:21.951054 7fcf56d78340                  Options.bottommost_compression_opts.enabled: false
2022/02/11-15:51:21.951054 7fcf56d78340         Options.bottommost_compression_opts.max_dict_buffer_bytes: 0
2022/02/11-15:51:21.951055 7fcf56d78340            Options.compression_opts.window_bits: -14
2022/02/11-15:51:21.951055 7fcf56d78340                  Options.compression_opts.level: 32767
2022/02/11-15:51:21.951056 7fcf56d78340               Options.compression_opts.strategy: 0
2022/02/11-15:51:21.951056 7fcf56d78340         Options.compression_opts.max_dict_bytes: 0
2022/02/11-15:51:21.951057 7fcf56d78340         Options.compression_opts.zstd_max_train_bytes: 0
2022/02/11-15:51:21.951057 7fcf56d78340         Options.compression_opts.parallel_threads: 1
2022/02/11-15:51:21.951058 7fcf56d78340                  Options.compression_opts.enabled: false
2022/02/11-15:51:21.951058 7fcf56d78340         Options.compression_opts.max_dict_buffer_bytes: 0
2022/02/11-15:51:21.951059 7fcf56d78340      Options.level0_file_num_compaction_trigger: 4
2022/02/11-15:51:21.951059 7fcf56d78340          Options.level0_slowdown_writes_trigger: 20
2022/02/11-15:51:21.951060 7fcf56d78340              Options.level0_stop_writes_trigger: 36
2022/02/11-15:51:21.951060 7fcf56d78340                   Options.target_file_size_base: 67108864
2022/02/11-15:51:21.951060 7fcf56d78340             Options.target_file_size_multiplier: 1
2022/02/11-15:51:21.951061 7fcf56d78340                Options.max_bytes_for_level_base: 268435456
2022/02/11-15:51:21.951061 7fcf56d78340 Options.level_compaction_dynamic_level_bytes: 0
2022/02/11-15:51:21.951064 7fcf56d78340          Options.max_bytes_for_level_multiplier: 10.000000
2022/02/11-15:51:21.951065 7fcf56d78340 Options.max_bytes_for_level_multiplier_addtl[0]: 1
2022/02/11-15:51:21.951066 7fcf56d78340 Options.max_bytes_for_level_multiplier_addtl[1]: 1
2022/02/11-15:51:21.951066 7fcf56d78340 Options.max_bytes_for_level_multiplier_addtl[2]: 1
2022/02/11-15:51:21.951067 7fcf56d78340 Options.max_bytes_for_level_multiplier_addtl[3]: 1
2022/02/11-15:51:21.951067 7fcf56d78340 Options.max_bytes_for_level_multiplier_addtl[4]: 1
2022/02/11-15:51:21.951068 7fcf56d78340 Options.max_bytes_for_level_multiplier_addtl[5]: 1
2022/02/11-15:51:21.951068 7fcf56d78340 Options.max_bytes_for_level_multiplier_addtl[6]: 1
2022/02/11-15:51:21.951068 7fcf56d78340       Options.max_sequential_skip_in_iterations: 8
2022/02/11-15:51:21.951069 7fcf56d78340                    Options.max_compaction_bytes: 1677721600
2022/02/11-15:51:21.951069 7fcf56d78340                        Options.arena_block_size: 8388608
2022/02/11-15:51:21.951070 7fcf56d78340   Options.soft_pending_compaction_bytes_limit: 68719476736
2022/02/11-15:51:21.951070 7fcf56d78340   Options.hard_pending_compaction_bytes_limit: 274877906944
2022/02/11-15:51:21.951071 7fcf56d78340       Options.rate_limit_delay_max_milliseconds: 100
2022/02/11-15:51:21.951071 7fcf56d78340                Options.disable_auto_compactions: 0
2022/02/11-15:51:21.951072 7fcf56d78340                        Options.compaction_style: kCompactionStyleLevel
2022/02/11-15:51:21.951072 7fcf56d78340                          Options.compaction_pri: kMinOverlappingRatio
2022/02/11-15:51:21.951073 7fcf56d78340 Options.compaction_options_universal.size_ratio: 1
2022/02/11-15:51:21.951073 7fcf56d78340 Options.compaction_options_universal.min_merge_width: 2
2022/02/11-15:51:21.951074 7fcf56d78340 Options.compaction_options_universal.max_merge_width: 4294967295
2022/02/11-15:51:21.951074 7fcf56d78340 Options.compaction_options_universal.max_size_amplification_percent: 200
2022/02/11-15:51:21.951075 7fcf56d78340 Options.compaction_options_universal.compression_size_percent: -1
2022/02/11-15:51:21.951075 7fcf56d78340 Options.compaction_options_universal.stop_style: kCompactionStopStyleTotalSize
2022/02/11-15:51:21.951076 7fcf56d78340 Options.compaction_options_fifo.max_table_files_size: 1073741824
2022/02/11-15:51:21.951076 7fcf56d78340 Options.compaction_options_fifo.allow_compaction: 0
2022/02/11-15:51:21.951077 7fcf56d78340                   Options.table_properties_collectors: 
2022/02/11-15:51:21.951078 7fcf56d78340                   Options.inplace_update_support: 0
2022/02/11-15:51:21.951078 7fcf56d78340                 Options.inplace_update_num_locks: 10000
2022/02/11-15:51:21.951079 7fcf56d78340               Options.memtable_prefix_bloom_size_ratio: 0.000000
2022/02/11-15:51:21.951079 7fcf56d78340               Options.memtable_whole_key_filtering: 0
2022/02/11-15:51:21.951080 7fcf56d78340   Options.memtable_huge_page_size: 0
2022/02/11-15:51:21.951080 7fcf56d78340                           Options.bloom_locality: 0
2022/02/11-15:51:21.951081 7fcf56d78340                    Options.max_successive_merges: 0
2022/02/11-15:51:21.951081 7fcf56d78340                Options.optimize_filters_for_hits: 0
2022/02/11-15:51:21.951082 7fcf56d78340                Options.paranoid_file_checks: 0
2022/02/11-15:51:21.951082 7fcf56d78340                Options.force_consistency_checks: 1
2022/02/11-15:51:21.951083 7fcf56d78340                Options.report_bg_io_stats: 0
2022/02/11-15:51:21.951083 7fcf56d78340                               Options.ttl: 2592000
2022/02/11-15:51:21.951083 7fcf56d78340          Options.periodic_compaction_seconds: 0
2022/02/11-15:51:21.951084 7fcf56d78340                    Options.enable_blob_files: false
2022/02/11-15:51:21.951084 7fcf56d78340                        Options.min_blob_size: 0
2022/02/11-15:51:21.951085 7fcf56d78340                       Options.blob_file_size: 268435456
2022/02/11-15:51:21.951085 7fcf56d78340                Options.blob_compression_type: NoCompression
2022/02/11-15:51:21.951088 7fcf56d78340       Options.enable_blob_garbage_collection: false
2022/02/11-15:51:21.951089 7fcf56d78340   Options.blob_garbage_collection_age_cutoff: 0.250000
2022/02/11-15:51:21.951108 7fcf56d78340 [db/column_family.cc:596] --------------- Options for column family [object_certs]:
2022/02/11-15:51:21.951109 7fcf56d78340               Options.comparator: leveldb.BytewiseComparator
2022/02/11-15:51:21.951110 7fcf56d78340           Options.merge_operator: None
2022/02/11-15:51:21.951110 7fcf56d78340        Options.compaction_filter: None
2022/02/11-15:51:21.951111 7fcf56d78340        Options.compaction_filter_factory: None
2022/02/11-15:51:21.951111 7fcf56d78340  Options.sst_partitioner_factory: None
2022/02/11-15:51:21.951111 7fcf56d78340         Options.memtable_factory: SkipListFactory
2022/02/11-15:51:21.951112 7fcf56d78340            Options.table_factory: BlockBasedTable
2022/02/11-15:51:21.951121 7fcf56d78340            table_factory options:   flush_block_policy_factory: FlushBlockBySizePolicyFactory (0x561d5787b420)
  cache_index_and_filter_blocks: 0
  cache_index_and_filter_blocks_with_high_priority: 1
  pin_l0_filter_and_index_blocks_in_cache: 0
  pin_top_level_index_and_filter: 1
  index_type: 0
  data_block_index_type: 0
  index_shortening: 1
  data_block_hash_table_util_ratio: 0.750000
  hash_index_allow_collision: 1
  checksum: 1
  no_block_cache: 0
  block_cache: 0x561d578f2c70
  block_cache_name: LRUCache
  block_cache_options:
    capacity : 8388608
    num_shard_bits : 4
    strict_capacity_limit : 0
    memory_allocator : None
    high_pri_pool_ratio: 0.000
  block_cache_compressed: (nil)
  persistent_cache: (nil)
  block_size: 4096
  block_size_deviation: 10
  block_restart_interval: 16
  index_block_restart_interval: 1
  metadata_block_size: 4096
  partition_filters: 0
  use_delta_encoding: 1
  filter_policy: nullptr
  whole_key_filtering: 1
  verify_compression: 0
  read_amp_bytes_per_bit: 0
  format_version: 5
  enable_index_compression: 1
  block_align: 0
2022/02/11-15:51:21.951122 7fcf56d78340        Options.write_buffer_size: 67108864
2022/02/11-15:51:21.951123 7fcf56d78340  Options.max_write_buffer_number: 2
2022/02/11-15:51:21.951124 7fcf56d78340          Options.compression: Snappy
2022/02/11-15:51:21.951125 7fcf56d78340                  Options.bottommost_compression: Disabled
2022/02/11-15:51:21.951125 7fcf56d78340       Options.prefix_extractor: nullptr
2022/02/11-15:51:21.951126 7fcf56d78340   Options.memtable_insert_with_hint_prefix_extractor: nullptr
2022/02/11-15:51:21.951126 7fcf56d78340             Options.num_levels: 7
2022/02/11-15:51:21.951127 7fcf56d78340        Options.min_write_buffer_number_to_merge: 1
2022/02/11-15:51:21.951127 7fcf56d78340     Options.max_write_buffer_number_to_maintain: 0
2022/02/11-15:51:21.951128 7fcf56d78340     Options.max_write_buffer_size_to_maintain: 0
