2022/02/11-15:32:41.648966 7fc4598f5340 RocksDB version: 6.20.3
2022/02/11-15:32:41.648995 7fc4598f5340 Git sha 8608d75d85f8e1b3b64b73a4fb6d19baec61ba5c
2022/02/11-15:32:41.648998 7fc4598f5340 Compile date 2021-05-05 20:35:30
2022/02/11-15:32:41.649054 7fc4598f5340 DB SUMMARY
2022/02/11-15:32:41.649056 7fc4598f5340 DB Session ID:  95DCSJ6N9XCGYAL6SQRZ
2022/02/11-15:32:41.649101 7fc4598f5340 CURRENT file:  CURRENT
2022/02/11-15:32:41.649104 7fc4598f5340 IDENTITY file:  IDENTITY
2022/02/11-15:32:41.649108 7fc4598f5340 MANIFEST file:  MANIFEST-000111 size: 1542 Bytes
2022/02/11-15:32:41.649111 7fc4598f5340 SST files in ./client_db/k#dc952b9e29d3756545eadb133c07bf01656e4ef2783459c19a71b1cece4bdce2 dir, Total Num: 5, files: 000044.sst 000060.sst 000076.sst 000092.sst 000108.sst 
2022/02/11-15:32:41.649114 7fc4598f5340 Write Ahead Log file in ./client_db/k#dc952b9e29d3756545eadb133c07bf01656e4ef2783459c19a71b1cece4bdce2: 000112.log size: 1640 ; 
2022/02/11-15:32:41.649117 7fc4598f5340                         Options.error_if_exists: 0
2022/02/11-15:32:41.649120 7fc4598f5340                       Options.create_if_missing: 1
2022/02/11-15:32:41.649122 7fc4598f5340                         Options.paranoid_checks: 1
2022/02/11-15:32:41.649123 7fc4598f5340                               Options.track_and_verify_wals_in_manifest: 0
2022/02/11-15:32:41.649125 7fc4598f5340                                     Options.env: 0x55c74b7c7420
2022/02/11-15:32:41.649128 7fc4598f5340                                      Options.fs: Posix File System
2022/02/11-15:32:41.649129 7fc4598f5340                                Options.info_log: 0x55c74c7546c0
2022/02/11-15:32:41.649131 7fc4598f5340                Options.max_file_opening_threads: 16
2022/02/11-15:32:41.649133 7fc4598f5340                              Options.statistics: (nil)
2022/02/11-15:32:41.649135 7fc4598f5340                               Options.use_fsync: 0
2022/02/11-15:32:41.649136 7fc4598f5340                       Options.max_log_file_size: 0
2022/02/11-15:32:41.649138 7fc4598f5340                  Options.max_manifest_file_size: 1073741824
2022/02/11-15:32:41.649140 7fc4598f5340                   Options.log_file_time_to_roll: 0
2022/02/11-15:32:41.649141 7fc4598f5340                       Options.keep_log_file_num: 1000
2022/02/11-15:32:41.649143 7fc4598f5340                    Options.recycle_log_file_num: 0
2022/02/11-15:32:41.649144 7fc4598f5340                         Options.allow_fallocate: 1
2022/02/11-15:32:41.649146 7fc4598f5340                        Options.allow_mmap_reads: 0
2022/02/11-15:32:41.649147 7fc4598f5340                       Options.allow_mmap_writes: 0
2022/02/11-15:32:41.649149 7fc4598f5340                        Options.use_direct_reads: 0
2022/02/11-15:32:41.649151 7fc4598f5340                        Options.use_direct_io_for_flush_and_compaction: 0
2022/02/11-15:32:41.649152 7fc4598f5340          Options.create_missing_column_families: 1
2022/02/11-15:32:41.649154 7fc4598f5340                              Options.db_log_dir: 
2022/02/11-15:32:41.649155 7fc4598f5340                                 Options.wal_dir: ./client_db/k#dc952b9e29d3756545eadb133c07bf01656e4ef2783459c19a71b1cece4bdce2
2022/02/11-15:32:41.649157 7fc4598f5340                Options.table_cache_numshardbits: 6
2022/02/11-15:32:41.649158 7fc4598f5340                         Options.WAL_ttl_seconds: 0
2022/02/11-15:32:41.649160 7fc4598f5340                       Options.WAL_size_limit_MB: 0
2022/02/11-15:32:41.649162 7fc4598f5340                        Options.max_write_batch_group_size_bytes: 1048576
2022/02/11-15:32:41.649163 7fc4598f5340             Options.manifest_preallocation_size: 4194304
2022/02/11-15:32:41.649165 7fc4598f5340                     Options.is_fd_close_on_exec: 1
2022/02/11-15:32:41.649166 7fc4598f5340                   Options.advise_random_on_open: 1
2022/02/11-15:32:41.649168 7fc4598f5340                    Options.db_write_buffer_size: 0
2022/02/11-15:32:41.649170 7fc4598f5340                    Options.write_buffer_manager: 0x55c74c690010
2022/02/11-15:32:41.649171 7fc4598f5340         Options.access_hint_on_compaction_start: 1
2022/02/11-15:32:41.649187 7fc4598f5340  Options.new_table_reader_for_compaction_inputs: 0
2022/02/11-15:32:41.649189 7fc4598f5340           Options.random_access_max_buffer_size: 1048576
2022/02/11-15:32:41.649191 7fc4598f5340                      Options.use_adaptive_mutex: 0
2022/02/11-15:32:41.649192 7fc4598f5340                            Options.rate_limiter: (nil)
2022/02/11-15:32:41.649194 7fc4598f5340     Options.sst_file_manager.rate_bytes_per_sec: 0
2022/02/11-15:32:41.649196 7fc4598f5340                       Options.wal_recovery_mode: 2
2022/02/11-15:32:41.649198 7fc4598f5340                  Options.enable_thread_tracking: 0
2022/02/11-15:32:41.649199 7fc4598f5340                  Options.enable_pipelined_write: 0
2022/02/11-15:32:41.649201 7fc4598f5340                  Options.unordered_write: 0
2022/02/11-15:32:41.649202 7fc4598f5340         Options.allow_concurrent_memtable_write: 1
2022/02/11-15:32:41.649204 7fc4598f5340      Options.enable_write_thread_adaptive_yield: 1
2022/02/11-15:32:41.649205 7fc4598f5340             Options.write_thread_max_yield_usec: 100
2022/02/11-15:32:41.649207 7fc4598f5340            Options.write_thread_slow_yield_usec: 3
2022/02/11-15:32:41.649208 7fc4598f5340                               Options.row_cache: None
2022/02/11-15:32:41.649210 7fc4598f5340                              Options.wal_filter: None
2022/02/11-15:32:41.649212 7fc4598f5340             Options.avoid_flush_during_recovery: 0
2022/02/11-15:32:41.649213 7fc4598f5340             Options.allow_ingest_behind: 0
2022/02/11-15:32:41.649215 7fc4598f5340             Options.preserve_deletes: 0
2022/02/11-15:32:41.649216 7fc4598f5340             Options.two_write_queues: 0
2022/02/11-15:32:41.649218 7fc4598f5340             Options.manual_wal_flush: 0
2022/02/11-15:32:41.649219 7fc4598f5340             Options.atomic_flush: 0
2022/02/11-15:32:41.649221 7fc4598f5340             Options.avoid_unnecessary_blocking_io: 0
2022/02/11-15:32:41.649222 7fc4598f5340                 Options.persist_stats_to_disk: 0
2022/02/11-15:32:41.649224 7fc4598f5340                 Options.write_dbid_to_manifest: 0
2022/02/11-15:32:41.649226 7fc4598f5340                 Options.log_readahead_size: 0
2022/02/11-15:32:41.649227 7fc4598f5340                 Options.file_checksum_gen_factory: Unknown
2022/02/11-15:32:41.649229 7fc4598f5340                 Options.best_efforts_recovery: 0
2022/02/11-15:32:41.649230 7fc4598f5340                Options.max_bgerror_resume_count: 2147483647
2022/02/11-15:32:41.649232 7fc4598f5340            Options.bgerror_resume_retry_interval: 1000000
2022/02/11-15:32:41.649234 7fc4598f5340             Options.allow_data_in_errors: 0
2022/02/11-15:32:41.649235 7fc4598f5340             Options.db_host_id: __hostname__
2022/02/11-15:32:41.649237 7fc4598f5340             Options.max_background_jobs: 2
2022/02/11-15:32:41.649238 7fc4598f5340             Options.max_background_compactions: -1
2022/02/11-15:32:41.649240 7fc4598f5340             Options.max_subcompactions: 1
2022/02/11-15:32:41.649242 7fc4598f5340             Options.avoid_flush_during_shutdown: 0
2022/02/11-15:32:41.649243 7fc4598f5340           Options.writable_file_max_buffer_size: 1048576
2022/02/11-15:32:41.649245 7fc4598f5340             Options.delayed_write_rate : 16777216
2022/02/11-15:32:41.649246 7fc4598f5340             Options.max_total_wal_size: 0
2022/02/11-15:32:41.649248 7fc4598f5340             Options.delete_obsolete_files_period_micros: 21600000000
2022/02/11-15:32:41.649250 7fc4598f5340                   Options.stats_dump_period_sec: 600
2022/02/11-15:32:41.649251 7fc4598f5340                 Options.stats_persist_period_sec: 600
2022/02/11-15:32:41.649253 7fc4598f5340                 Options.stats_history_buffer_size: 1048576
2022/02/11-15:32:41.649255 7fc4598f5340                          Options.max_open_files: -1
2022/02/11-15:32:41.649256 7fc4598f5340                          Options.bytes_per_sync: 0
2022/02/11-15:32:41.649258 7fc4598f5340                      Options.wal_bytes_per_sync: 0
2022/02/11-15:32:41.649260 7fc4598f5340                   Options.strict_bytes_per_sync: 0
2022/02/11-15:32:41.649269 7fc4598f5340       Options.compaction_readahead_size: 0
2022/02/11-15:32:41.649271 7fc4598f5340                  Options.max_background_flushes: -1
2022/02/11-15:32:41.649273 7fc4598f5340 Compression algorithms supported:
2022/02/11-15:32:41.649275 7fc4598f5340 	kZSTDNotFinalCompression supported: 1
2022/02/11-15:32:41.649277 7fc4598f5340 	kZSTD supported: 1
2022/02/11-15:32:41.649279 7fc4598f5340 	kXpressCompression supported: 0
2022/02/11-15:32:41.649281 7fc4598f5340 	kLZ4HCCompression supported: 1
2022/02/11-15:32:41.649282 7fc4598f5340 	kLZ4Compression supported: 1
2022/02/11-15:32:41.649284 7fc4598f5340 	kBZip2Compression supported: 1
2022/02/11-15:32:41.649286 7fc4598f5340 	kZlibCompression supported: 1
2022/02/11-15:32:41.649287 7fc4598f5340 	kSnappyCompression supported: 1
2022/02/11-15:32:41.649290 7fc4598f5340 Fast CRC32 supported: Not supported on x86
2022/02/11-15:32:41.649343 7fc4598f5340 [db/version_set.cc:4626] Recovering from manifest file: ./client_db/k#dc952b9e29d3756545eadb133c07bf01656e4ef2783459c19a71b1cece4bdce2/MANIFEST-000111
2022/02/11-15:32:41.649504 7fc4598f5340 [db/column_family.cc:596] --------------- Options for column family [default]:
2022/02/11-15:32:41.649508 7fc4598f5340               Options.comparator: leveldb.BytewiseComparator
2022/02/11-15:32:41.649509 7fc4598f5340           Options.merge_operator: None
2022/02/11-15:32:41.649511 7fc4598f5340        Options.compaction_filter: None
2022/02/11-15:32:41.649512 7fc4598f5340        Options.compaction_filter_factory: None
2022/02/11-15:32:41.649514 7fc4598f5340  Options.sst_partitioner_factory: None
2022/02/11-15:32:41.649515 7fc4598f5340         Options.memtable_factory: SkipListFactory
2022/02/11-15:32:41.649517 7fc4598f5340            Options.table_factory: BlockBasedTable
2022/02/11-15:32:41.649561 7fc4598f5340            table_factory options:   flush_block_policy_factory: FlushBlockBySizePolicyFactory (0x55c74c6e4480)
  cache_index_and_filter_blocks: 0
  cache_index_and_filter_blocks_with_high_priority: 1
  pin_l0_filter_and_index_blocks_in_cache: 0
  pin_top_level_index_and_filter: 1
  index_type: 0
  data_block_index_type: 0
  index_shortening: 1
  data_block_hash_table_util_ratio: 0.750000
  hash_index_allow_collision: 1
  checksum: 1
  no_block_cache: 0
  block_cache: 0x55c74c677090
  block_cache_name: LRUCache
  block_cache_options:
    capacity : 8388608
    num_shard_bits : 4
    strict_capacity_limit : 0
    memory_allocator : None
    high_pri_pool_ratio: 0.000
  block_cache_compressed: (nil)
  persistent_cache: (nil)
  block_size: 4096
  block_size_deviation: 10
  block_restart_interval: 16
  index_block_restart_interval: 1
  metadata_block_size: 4096
  partition_filters: 0
  use_delta_encoding: 1
  filter_policy: nullptr
  whole_key_filtering: 1
  verify_compression: 0
  read_amp_bytes_per_bit: 0
  format_version: 5
  enable_index_compression: 1
  block_align: 0
2022/02/11-15:32:41.649563 7fc4598f5340        Options.write_buffer_size: 67108864
2022/02/11-15:32:41.649565 7fc4598f5340  Options.max_write_buffer_number: 2
2022/02/11-15:32:41.649567 7fc4598f5340          Options.compression: Snappy
2022/02/11-15:32:41.649568 7fc4598f5340                  Options.bottommost_compression: Disabled
2022/02/11-15:32:41.649570 7fc4598f5340       Options.prefix_extractor: nullptr
2022/02/11-15:32:41.649571 7fc4598f5340   Options.memtable_insert_with_hint_prefix_extractor: nullptr
2022/02/11-15:32:41.649573 7fc4598f5340             Options.num_levels: 7
2022/02/11-15:32:41.649574 7fc4598f5340        Options.min_write_buffer_number_to_merge: 1
2022/02/11-15:32:41.649576 7fc4598f5340     Options.max_write_buffer_number_to_maintain: 0
2022/02/11-15:32:41.649577 7fc4598f5340     Options.max_write_buffer_size_to_maintain: 0
2022/02/11-15:32:41.649579 7fc4598f5340            Options.bottommost_compression_opts.window_bits: -14
2022/02/11-15:32:41.649580 7fc4598f5340                  Options.bottommost_compression_opts.level: 32767
2022/02/11-15:32:41.649582 7fc4598f5340               Options.bottommost_compression_opts.strategy: 0
2022/02/11-15:32:41.649595 7fc4598f5340         Options.bottommost_compression_opts.max_dict_bytes: 0
2022/02/11-15:32:41.649597 7fc4598f5340         Options.bottommost_compression_opts.zstd_max_train_bytes: 0
2022/02/11-15:32:41.649598 7fc4598f5340         Options.bottommost_compression_opts.parallel_threads: 1
2022/02/11-15:32:41.649600 7fc4598f5340                  Options.bottommost_compression_opts.enabled: false
2022/02/11-15:32:41.649601 7fc4598f5340         Options.bottommost_compression_opts.max_dict_buffer_bytes: 0
2022/02/11-15:32:41.649603 7fc4598f5340            Options.compression_opts.window_bits: -14
2022/02/11-15:32:41.649604 7fc4598f5340                  Options.compression_opts.level: 32767
2022/02/11-15:32:41.649606 7fc4598f5340               Options.compression_opts.strategy: 0
2022/02/11-15:32:41.649607 7fc4598f5340         Options.compression_opts.max_dict_bytes: 0
2022/02/11-15:32:41.649609 7fc4598f5340         Options.compression_opts.zstd_max_train_bytes: 0
2022/02/11-15:32:41.649610 7fc4598f5340         Options.compression_opts.parallel_threads: 1
2022/02/11-15:32:41.649612 7fc4598f5340                  Options.compression_opts.enabled: false
2022/02/11-15:32:41.649613 7fc4598f5340         Options.compression_opts.max_dict_buffer_bytes: 0
2022/02/11-15:32:41.649615 7fc4598f5340      Options.level0_file_num_compaction_trigger: 4
2022/02/11-15:32:41.649616 7fc4598f5340          Options.level0_slowdown_writes_trigger: 20
2022/02/11-15:32:41.649618 7fc4598f5340              Options.level0_stop_writes_trigger: 36
2022/02/11-15:32:41.649619 7fc4598f5340                   Options.target_file_size_base: 67108864
2022/02/11-15:32:41.649621 7fc4598f5340             Options.target_file_size_multiplier: 1
2022/02/11-15:32:41.649622 7fc4598f5340                Options.max_bytes_for_level_base: 268435456
2022/02/11-15:32:41.649624 7fc4598f5340 Options.level_compaction_dynamic_level_bytes: 0
2022/02/11-15:32:41.649625 7fc4598f5340          Options.max_bytes_for_level_multiplier: 10.000000
2022/02/11-15:32:41.649629 7fc4598f5340 Options.max_bytes_for_level_multiplier_addtl[0]: 1
2022/02/11-15:32:41.649631 7fc4598f5340 Options.max_bytes_for_level_multiplier_addtl[1]: 1
2022/02/11-15:32:41.649633 7fc4598f5340 Options.max_bytes_for_level_multiplier_addtl[2]: 1
2022/02/11-15:32:41.649634 7fc4598f5340 Options.max_bytes_for_level_multiplier_addtl[3]: 1
2022/02/11-15:32:41.649636 7fc4598f5340 Options.max_bytes_for_level_multiplier_addtl[4]: 1
2022/02/11-15:32:41.649637 7fc4598f5340 Options.max_bytes_for_level_multiplier_addtl[5]: 1
2022/02/11-15:32:41.649639 7fc4598f5340 Options.max_bytes_for_level_multiplier_addtl[6]: 1
2022/02/11-15:32:41.649640 7fc4598f5340       Options.max_sequential_skip_in_iterations: 8
2022/02/11-15:32:41.649642 7fc4598f5340                    Options.max_compaction_bytes: 1677721600
2022/02/11-15:32:41.649643 7fc4598f5340                        Options.arena_block_size: 8388608
2022/02/11-15:32:41.649645 7fc4598f5340   Options.soft_pending_compaction_bytes_limit: 68719476736
2022/02/11-15:32:41.649646 7fc4598f5340   Options.hard_pending_compaction_bytes_limit: 274877906944
2022/02/11-15:32:41.649648 7fc4598f5340       Options.rate_limit_delay_max_milliseconds: 100
2022/02/11-15:32:41.649650 7fc4598f5340                Options.disable_auto_compactions: 0
2022/02/11-15:32:41.649653 7fc4598f5340                        Options.compaction_style: kCompactionStyleLevel
2022/02/11-15:32:41.649655 7fc4598f5340                          Options.compaction_pri: kMinOverlappingRatio
2022/02/11-15:32:41.649657 7fc4598f5340 Options.compaction_options_universal.size_ratio: 1
2022/02/11-15:32:41.649658 7fc4598f5340 Options.compaction_options_universal.min_merge_width: 2
2022/02/11-15:32:41.649660 7fc4598f5340 Options.compaction_options_universal.max_merge_width: 4294967295
2022/02/11-15:32:41.649661 7fc4598f5340 Options.compaction_options_universal.max_size_amplification_percent: 200
2022/02/11-15:32:41.649663 7fc4598f5340 Options.compaction_options_universal.compression_size_percent: -1
2022/02/11-15:32:41.649672 7fc4598f5340 Options.compaction_options_universal.stop_style: kCompactionStopStyleTotalSize
2022/02/11-15:32:41.649674 7fc4598f5340 Options.compaction_options_fifo.max_table_files_size: 1073741824
2022/02/11-15:32:41.649676 7fc4598f5340 Options.compaction_options_fifo.allow_compaction: 0
2022/02/11-15:32:41.649689 7fc4598f5340                   Options.table_properties_collectors: 
2022/02/11-15:32:41.649691 7fc4598f5340                   Options.inplace_update_support: 0
2022/02/11-15:32:41.649693 7fc4598f5340                 Options.inplace_update_num_locks: 10000
2022/02/11-15:32:41.649694 7fc4598f5340               Options.memtable_prefix_bloom_size_ratio: 0.000000
2022/02/11-15:32:41.649696 7fc4598f5340               Options.memtable_whole_key_filtering: 0
2022/02/11-15:32:41.649698 7fc4598f5340   Options.memtable_huge_page_size: 0
2022/02/11-15:32:41.649700 7fc4598f5340                           Options.bloom_locality: 0
2022/02/11-15:32:41.649701 7fc4598f5340                    Options.max_successive_merges: 0
2022/02/11-15:32:41.649703 7fc4598f5340                Options.optimize_filters_for_hits: 0
2022/02/11-15:32:41.649704 7fc4598f5340                Options.paranoid_file_checks: 0
2022/02/11-15:32:41.649706 7fc4598f5340                Options.force_consistency_checks: 1
2022/02/11-15:32:41.649707 7fc4598f5340                Options.report_bg_io_stats: 0
2022/02/11-15:32:41.649709 7fc4598f5340                               Options.ttl: 2592000
2022/02/11-15:32:41.649710 7fc4598f5340          Options.periodic_compaction_seconds: 0
2022/02/11-15:32:41.649712 7fc4598f5340                    Options.enable_blob_files: false
2022/02/11-15:32:41.649713 7fc4598f5340                        Options.min_blob_size: 0
2022/02/11-15:32:41.649715 7fc4598f5340                       Options.blob_file_size: 268435456
2022/02/11-15:32:41.649717 7fc4598f5340                Options.blob_compression_type: NoCompression
2022/02/11-15:32:41.649718 7fc4598f5340       Options.enable_blob_garbage_collection: false
2022/02/11-15:32:41.649720 7fc4598f5340   Options.blob_garbage_collection_age_cutoff: 0.250000
2022/02/11-15:32:41.649778 7fc4598f5340 [db/column_family.cc:596] --------------- Options for column family [pending_orders]:
2022/02/11-15:32:41.649780 7fc4598f5340               Options.comparator: leveldb.BytewiseComparator
2022/02/11-15:32:41.649782 7fc4598f5340           Options.merge_operator: None
2022/02/11-15:32:41.649783 7fc4598f5340        Options.compaction_filter: None
2022/02/11-15:32:41.649785 7fc4598f5340        Options.compaction_filter_factory: None
2022/02/11-15:32:41.649787 7fc4598f5340  Options.sst_partitioner_factory: None
2022/02/11-15:32:41.649788 7fc4598f5340         Options.memtable_factory: SkipListFactory
2022/02/11-15:32:41.649790 7fc4598f5340            Options.table_factory: BlockBasedTable
2022/02/11-15:32:41.649821 7fc4598f5340            table_factory options:   flush_block_policy_factory: FlushBlockBySizePolicyFactory (0x55c74c707170)
  cache_index_and_filter_blocks: 0
  cache_index_and_filter_blocks_with_high_priority: 1
  pin_l0_filter_and_index_blocks_in_cache: 0
  pin_top_level_index_and_filter: 1
  index_type: 0
  data_block_index_type: 0
  index_shortening: 1
  data_block_hash_table_util_ratio: 0.750000
  hash_index_allow_collision: 1
  checksum: 1
  no_block_cache: 0
  block_cache: 0x55c74c75c630
  block_cache_name: LRUCache
  block_cache_options:
    capacity : 8388608
    num_shard_bits : 4
    strict_capacity_limit : 0
    memory_allocator : None
    high_pri_pool_ratio: 0.000
  block_cache_compressed: (nil)
  persistent_cache: (nil)
  block_size: 4096
  block_size_deviation: 10
  block_restart_interval: 16
  index_block_restart_interval: 1
  metadata_block_size: 4096
  partition_filters: 0
  use_delta_encoding: 1
  filter_policy: nullptr
  whole_key_filtering: 1
  verify_compression: 0
  read_amp_bytes_per_bit: 0
  format_version: 5
  enable_index_compression: 1
  block_align: 0
2022/02/11-15:32:41.649824 7fc4598f5340        Options.write_buffer_size: 67108864
2022/02/11-15:32:41.649835 7fc4598f5340  Options.max_write_buffer_number: 2
2022/02/11-15:32:41.649837 7fc4598f5340          Options.compression: Snappy
2022/02/11-15:32:41.649838 7fc4598f5340                  Options.bottommost_compression: Disabled
2022/02/11-15:32:41.649840 7fc4598f5340       Options.prefix_extractor: nullptr
2022/02/11-15:32:41.649841 7fc4598f5340   Options.memtable_insert_with_hint_prefix_extractor: nullptr
2022/02/11-15:32:41.649843 7fc4598f5340             Options.num_levels: 7
2022/02/11-15:32:41.649845 7fc4598f5340        Options.min_write_buffer_number_to_merge: 1
2022/02/11-15:32:41.649846 7fc4598f5340     Options.max_write_buffer_number_to_maintain: 0
2022/02/11-15:32:41.649848 7fc4598f5340     Options.max_write_buffer_size_to_maintain: 0
2022/02/11-15:32:41.649849 7fc4598f5340            Options.bottommost_compression_opts.window_bits: -14
2022/02/11-15:32:41.649851 7fc4598f5340                  Options.bottommost_compression_opts.level: 32767
2022/02/11-15:32:41.649852 7fc4598f5340               Options.bottommost_compression_opts.strategy: 0
2022/02/11-15:32:41.649854 7fc4598f5340         Options.bottommost_compression_opts.max_dict_bytes: 0
2022/02/11-15:32:41.649855 7fc4598f5340         Options.bottommost_compression_opts.zstd_max_train_bytes: 0
2022/02/11-15:32:41.649857 7fc4598f5340         Options.bottommost_compression_opts.parallel_threads: 1
2022/02/11-15:32:41.649858 7fc4598f5340                  Options.bottommost_compression_opts.enabled: false
2022/02/11-15:32:41.649860 7fc4598f5340         Options.bottommost_compression_opts.max_dict_buffer_bytes: 0
2022/02/11-15:32:41.649862 7fc4598f5340            Options.compression_opts.window_bits: -14
2022/02/11-15:32:41.649863 7fc4598f5340                  Options.compression_opts.level: 32767
2022/02/11-15:32:41.649865 7fc4598f5340               Options.compression_opts.strategy: 0
2022/02/11-15:32:41.649866 7fc4598f5340         Options.compression_opts.max_dict_bytes: 0
2022/02/11-15:32:41.649868 7fc4598f5340         Options.compression_opts.zstd_max_train_bytes: 0
2022/02/11-15:32:41.649869 7fc4598f5340         Options.compression_opts.parallel_threads: 1
2022/02/11-15:32:41.649871 7fc4598f5340                  Options.compression_opts.enabled: false
2022/02/11-15:32:41.649872 7fc4598f5340         Options.compression_opts.max_dict_buffer_bytes: 0
2022/02/11-15:32:41.649874 7fc4598f5340      Options.level0_file_num_compaction_trigger: 4
2022/02/11-15:32:41.649875 7fc4598f5340          Options.level0_slowdown_writes_trigger: 20
2022/02/11-15:32:41.649877 7fc4598f5340              Options.level0_stop_writes_trigger: 36
2022/02/11-15:32:41.649879 7fc4598f5340                   Options.target_file_size_base: 67108864
2022/02/11-15:32:41.649880 7fc4598f5340             Options.target_file_size_multiplier: 1
2022/02/11-15:32:41.649882 7fc4598f5340                Options.max_bytes_for_level_base: 268435456
2022/02/11-15:32:41.649883 7fc4598f5340 Options.level_compaction_dynamic_level_bytes: 0
2022/02/11-15:32:41.649885 7fc4598f5340          Options.max_bytes_for_level_multiplier: 10.000000
2022/02/11-15:32:41.649887 7fc4598f5340 Options.max_bytes_for_level_multiplier_addtl[0]: 1
2022/02/11-15:32:41.649889 7fc4598f5340 Options.max_bytes_for_level_multiplier_addtl[1]: 1
2022/02/11-15:32:41.649891 7fc4598f5340 Options.max_bytes_for_level_multiplier_addtl[2]: 1
2022/02/11-15:32:41.649893 7fc4598f5340 Options.max_bytes_for_level_multiplier_addtl[3]: 1
2022/02/11-15:32:41.649894 7fc4598f5340 Options.max_bytes_for_level_multiplier_addtl[4]: 1
2022/02/11-15:32:41.649896 7fc4598f5340 Options.max_bytes_for_level_multiplier_addtl[5]: 1
2022/02/11-15:32:41.649897 7fc4598f5340 Options.max_bytes_for_level_multiplier_addtl[6]: 1
2022/02/11-15:32:41.649899 7fc4598f5340       Options.max_sequential_skip_in_iterations: 8
2022/02/11-15:32:41.649900 7fc4598f5340                    Options.max_compaction_bytes: 1677721600
2022/02/11-15:32:41.649902 7fc4598f5340                        Options.arena_block_size: 8388608
2022/02/11-15:32:41.649910 7fc4598f5340   Options.soft_pending_compaction_bytes_limit: 68719476736
2022/02/11-15:32:41.649912 7fc4598f5340   Options.hard_pending_compaction_bytes_limit: 274877906944
2022/02/11-15:32:41.649914 7fc4598f5340       Options.rate_limit_delay_max_milliseconds: 100
2022/02/11-15:32:41.649916 7fc4598f5340                Options.disable_auto_compactions: 0
2022/02/11-15:32:41.649918 7fc4598f5340                        Options.compaction_style: kCompactionStyleLevel
2022/02/11-15:32:41.649919 7fc4598f5340                          Options.compaction_pri: kMinOverlappingRatio
2022/02/11-15:32:41.649921 7fc4598f5340 Options.compaction_options_universal.size_ratio: 1
2022/02/11-15:32:41.649923 7fc4598f5340 Options.compaction_options_universal.min_merge_width: 2
2022/02/11-15:32:41.649924 7fc4598f5340 Options.compaction_options_universal.max_merge_width: 4294967295
2022/02/11-15:32:41.649926 7fc4598f5340 Options.compaction_options_universal.max_size_amplification_percent: 200
2022/02/11-15:32:41.649927 7fc4598f5340 Options.compaction_options_universal.compression_size_percent: -1
2022/02/11-15:32:41.649929 7fc4598f5340 Options.compaction_options_universal.stop_style: kCompactionStopStyleTotalSize
2022/02/11-15:32:41.649930 7fc4598f5340 Options.compaction_options_fifo.max_table_files_size: 1073741824
2022/02/11-15:32:41.649932 7fc4598f5340 Options.compaction_options_fifo.allow_compaction: 0
2022/02/11-15:32:41.649935 7fc4598f5340                   Options.table_properties_collectors: 
2022/02/11-15:32:41.649937 7fc4598f5340                   Options.inplace_update_support: 0
2022/02/11-15:32:41.649938 7fc4598f5340                 Options.inplace_update_num_locks: 10000
2022/02/11-15:32:41.649940 7fc4598f5340               Options.memtable_prefix_bloom_size_ratio: 0.000000
2022/02/11-15:32:41.649942 7fc4598f5340               Options.memtable_whole_key_filtering: 0
2022/02/11-15:32:41.649943 7fc4598f5340   Options.memtable_huge_page_size: 0
2022/02/11-15:32:41.649945 7fc4598f5340                           Options.bloom_locality: 0
2022/02/11-15:32:41.649946 7fc4598f5340                    Options.max_successive_merges: 0
2022/02/11-15:32:41.649948 7fc4598f5340                Options.optimize_filters_for_hits: 0
2022/02/11-15:32:41.649950 7fc4598f5340                Options.paranoid_file_checks: 0
2022/02/11-15:32:41.649951 7fc4598f5340                Options.force_consistency_checks: 1
2022/02/11-15:32:41.649953 7fc4598f5340                Options.report_bg_io_stats: 0
2022/02/11-15:32:41.649954 7fc4598f5340                               Options.ttl: 2592000
2022/02/11-15:32:41.649956 7fc4598f5340          Options.periodic_compaction_seconds: 0
2022/02/11-15:32:41.649957 7fc4598f5340                    Options.enable_blob_files: false
2022/02/11-15:32:41.649959 7fc4598f5340                        Options.min_blob_size: 0
2022/02/11-15:32:41.649961 7fc4598f5340                       Options.blob_file_size: 268435456
2022/02/11-15:32:41.649962 7fc4598f5340                Options.blob_compression_type: NoCompression
2022/02/11-15:32:41.649964 7fc4598f5340       Options.enable_blob_garbage_collection: false
2022/02/11-15:32:41.649965 7fc4598f5340   Options.blob_garbage_collection_age_cutoff: 0.250000
2022/02/11-15:32:41.650005 7fc4598f5340 [db/column_family.cc:596] --------------- Options for column family [certificates]:
2022/02/11-15:32:41.650007 7fc4598f5340               Options.comparator: leveldb.BytewiseComparator
2022/02/11-15:32:41.650009 7fc4598f5340           Options.merge_operator: None
2022/02/11-15:32:41.650010 7fc4598f5340        Options.compaction_filter: None
2022/02/11-15:32:41.650011 7fc4598f5340        Options.compaction_filter_factory: None
2022/02/11-15:32:41.650013 7fc4598f5340  Options.sst_partitioner_factory: None
2022/02/11-15:32:41.650014 7fc4598f5340         Options.memtable_factory: SkipListFactory
2022/02/11-15:32:41.650016 7fc4598f5340            Options.table_factory: BlockBasedTable
2022/02/11-15:32:41.650044 7fc4598f5340            table_factory options:   flush_block_policy_factory: FlushBlockBySizePolicyFactory (0x55c74c6e1960)
  cache_index_and_filter_blocks: 0
  cache_index_and_filter_blocks_with_high_priority: 1
  pin_l0_filter_and_index_blocks_in_cache: 0
  pin_top_level_index_and_filter: 1
  index_type: 0
  data_block_index_type: 0
  index_shortening: 1
  data_block_hash_table_util_ratio: 0.750000
  hash_index_allow_collision: 1
  checksum: 1
  no_block_cache: 0
  block_cache: 0x55c74c700130
  block_cache_name: LRUCache
  block_cache_options:
    capacity : 8388608
    num_shard_bits : 4
    strict_capacity_limit : 0
    memory_allocator : None
    high_pri_pool_ratio: 0.000
  block_cache_compressed: (nil)
  persistent_cache: (nil)
  block_size: 4096
  block_size_deviation: 10
  block_restart_interval: 16
  index_block_restart_interval: 1
  metadata_block_size: 4096
  partition_filters: 0
  use_delta_encoding: 1
  filter_policy: nullptr
  whole_key_filtering: 1
  verify_compression: 0
  read_amp_bytes_per_bit: 0
  format_version: 5
  enable_index_compression: 1
  block_align: 0
2022/02/11-15:32:41.650055 7fc4598f5340        Options.write_buffer_size: 67108864
2022/02/11-15:32:41.650057 7fc4598f5340  Options.max_write_buffer_number: 2
2022/02/11-15:32:41.650058 7fc4598f5340          Options.compression: Snappy
2022/02/11-15:32:41.650060 7fc4598f5340                  Options.bottommost_compression: Disabled
2022/02/11-15:32:41.650061 7fc4598f5340       Options.prefix_extractor: nullptr
2022/02/11-15:32:41.650063 7fc4598f5340   Options.memtable_insert_with_hint_prefix_extractor: nullptr
2022/02/11-15:32:41.650064 7fc4598f5340             Options.num_levels: 7
2022/02/11-15:32:41.650066 7fc4598f5340        Options.min_write_buffer_number_to_merge: 1
2022/02/11-15:32:41.650067 7fc4598f5340     Options.max_write_buffer_number_to_maintain: 0
2022/02/11-15:32:41.650069 7fc4598f5340     Options.max_write_buffer_size_to_maintain: 0
2022/02/11-15:32:41.650070 7fc4598f5340            Options.bottommost_compression_opts.window_bits: -14
2022/02/11-15:32:41.650072 7fc4598f5340                  Options.bottommost_compression_opts.level: 32767
2022/02/11-15:32:41.650073 7fc4598f5340               Options.bottommost_compression_opts.strategy: 0
2022/02/11-15:32:41.650075 7fc4598f5340         Options.bottommost_compression_opts.max_dict_bytes: 0
2022/02/11-15:32:41.650076 7fc4598f5340         Options.bottommost_compression_opts.zstd_max_train_bytes: 0
2022/02/11-15:32:41.650078 7fc4598f5340         Options.bottommost_compression_opts.parallel_threads: 1
2022/02/11-15:32:41.650079 7fc4598f5340                  Options.bottommost_compression_opts.enabled: false
2022/02/11-15:32:41.650081 7fc4598f5340         Options.bottommost_compression_opts.max_dict_buffer_bytes: 0
2022/02/11-15:32:41.650082 7fc4598f5340            Options.compression_opts.window_bits: -14
2022/02/11-15:32:41.650084 7fc4598f5340                  Options.compression_opts.level: 32767
2022/02/11-15:32:41.650085 7fc4598f5340               Options.compression_opts.strategy: 0
2022/02/11-15:32:41.650087 7fc4598f5340         Options.compression_opts.max_dict_bytes: 0
2022/02/11-15:32:41.650088 7fc4598f5340         Options.compression_opts.zstd_max_train_bytes: 0
2022/02/11-15:32:41.650089 7fc4598f5340         Options.compression_opts.parallel_threads: 1
2022/02/11-15:32:41.650091 7fc4598f5340                  Options.compression_opts.enabled: false
2022/02/11-15:32:41.650092 7fc4598f5340         Options.compression_opts.max_dict_buffer_bytes: 0
2022/02/11-15:32:41.650094 7fc4598f5340      Options.level0_file_num_compaction_trigger: 4
2022/02/11-15:32:41.650095 7fc4598f5340          Options.level0_slowdown_writes_trigger: 20
2022/02/11-15:32:41.650097 7fc4598f5340              Options.level0_stop_writes_trigger: 36
2022/02/11-15:32:41.650098 7fc4598f5340                   Options.target_file_size_base: 67108864
2022/02/11-15:32:41.650100 7fc4598f5340             Options.target_file_size_multiplier: 1
2022/02/11-15:32:41.650101 7fc4598f5340                Options.max_bytes_for_level_base: 268435456
2022/02/11-15:32:41.650103 7fc4598f5340 Options.level_compaction_dynamic_level_bytes: 0
2022/02/11-15:32:41.650111 7fc4598f5340          Options.max_bytes_for_level_multiplier: 10.000000
2022/02/11-15:32:41.650114 7fc4598f5340 Options.max_bytes_for_level_multiplier_addtl[0]: 1
2022/02/11-15:32:41.650116 7fc4598f5340 Options.max_bytes_for_level_multiplier_addtl[1]: 1
2022/02/11-15:32:41.650117 7fc4598f5340 Options.max_bytes_for_level_multiplier_addtl[2]: 1
2022/02/11-15:32:41.650119 7fc4598f5340 Options.max_bytes_for_level_multiplier_addtl[3]: 1
2022/02/11-15:32:41.650120 7fc4598f5340 Options.max_bytes_for_level_multiplier_addtl[4]: 1
2022/02/11-15:32:41.650122 7fc4598f5340 Options.max_bytes_for_level_multiplier_addtl[5]: 1
2022/02/11-15:32:41.650123 7fc4598f5340 Options.max_bytes_for_level_multiplier_addtl[6]: 1
2022/02/11-15:32:41.650125 7fc4598f5340       Options.max_sequential_skip_in_iterations: 8
2022/02/11-15:32:41.650126 7fc4598f5340                    Options.max_compaction_bytes: 1677721600
2022/02/11-15:32:41.650128 7fc4598f5340                        Options.arena_block_size: 8388608
2022/02/11-15:32:41.650130 7fc4598f5340   Options.soft_pending_compaction_bytes_limit: 68719476736
2022/02/11-15:32:41.650131 7fc4598f5340   Options.hard_pending_compaction_bytes_limit: 274877906944
2022/02/11-15:32:41.650133 7fc4598f5340       Options.rate_limit_delay_max_milliseconds: 100
2022/02/11-15:32:41.650134 7fc4598f5340                Options.disable_auto_compactions: 0
2022/02/11-15:32:41.650136 7fc4598f5340                        Options.compaction_style: kCompactionStyleLevel
2022/02/11-15:32:41.650138 7fc4598f5340                          Options.compaction_pri: kMinOverlappingRatio
2022/02/11-15:32:41.650139 7fc4598f5340 Options.compaction_options_universal.size_ratio: 1
2022/02/11-15:32:41.650141 7fc4598f5340 Options.compaction_options_universal.min_merge_width: 2
2022/02/11-15:32:41.650142 7fc4598f5340 Options.compaction_options_universal.max_merge_width: 4294967295
2022/02/11-15:32:41.650144 7fc4598f5340 Options.compaction_options_universal.max_size_amplification_percent: 200
2022/02/11-15:32:41.650146 7fc4598f5340 Options.compaction_options_universal.compression_size_percent: -1
2022/02/11-15:32:41.650147 7fc4598f5340 Options.compaction_options_universal.stop_style: kCompactionStopStyleTotalSize
2022/02/11-15:32:41.650149 7fc4598f5340 Options.compaction_options_fifo.max_table_files_size: 1073741824
2022/02/11-15:32:41.650150 7fc4598f5340 Options.compaction_options_fifo.allow_compaction: 0
2022/02/11-15:32:41.650153 7fc4598f5340                   Options.table_properties_collectors: 
2022/02/11-15:32:41.650155 7fc4598f5340                   Options.inplace_update_support: 0
2022/02/11-15:32:41.650156 7fc4598f5340                 Options.inplace_update_num_locks: 10000
2022/02/11-15:32:41.650158 7fc4598f5340               Options.memtable_prefix_bloom_size_ratio: 0.000000
2022/02/11-15:32:41.650160 7fc4598f5340               Options.memtable_whole_key_filtering: 0
2022/02/11-15:32:41.650161 7fc4598f5340   Options.memtable_huge_page_size: 0
2022/02/11-15:32:41.650163 7fc4598f5340                           Options.bloom_locality: 0
2022/02/11-15:32:41.650164 7fc4598f5340                    Options.max_successive_merges: 0
2022/02/11-15:32:41.650166 7fc4598f5340                Options.optimize_filters_for_hits: 0
2022/02/11-15:32:41.650167 7fc4598f5340                Options.paranoid_file_checks: 0
2022/02/11-15:32:41.650169 7fc4598f5340                Options.force_consistency_checks: 1
2022/02/11-15:32:41.650170 7fc4598f5340                Options.report_bg_io_stats: 0
2022/02/11-15:32:41.650172 7fc4598f5340                               Options.ttl: 2592000
2022/02/11-15:32:41.650174 7fc4598f5340          Options.periodic_compaction_seconds: 0
2022/02/11-15:32:41.650175 7fc4598f5340                    Options.enable_blob_files: false
2022/02/11-15:32:41.650177 7fc4598f5340                        Options.min_blob_size: 0
2022/02/11-15:32:41.650178 7fc4598f5340                       Options.blob_file_size: 268435456
2022/02/11-15:32:41.650180 7fc4598f5340                Options.blob_compression_type: NoCompression
2022/02/11-15:32:41.650189 7fc4598f5340       Options.enable_blob_garbage_collection: false
2022/02/11-15:32:41.650191 7fc4598f5340   Options.blob_garbage_collection_age_cutoff: 0.250000
2022/02/11-15:32:41.650244 7fc4598f5340 [db/column_family.cc:596] --------------- Options for column family [object_certs]:
2022/02/11-15:32:41.650247 7fc4598f5340               Options.comparator: leveldb.BytewiseComparator
2022/02/11-15:32:41.650248 7fc4598f5340           Options.merge_operator: None
2022/02/11-15:32:41.650249 7fc4598f5340        Options.compaction_filter: None
2022/02/11-15:32:41.650251 7fc4598f5340        Options.compaction_filter_factory: None
2022/02/11-15:32:41.650252 7fc4598f5340  Options.sst_partitioner_factory: None
2022/02/11-15:32:41.650254 7fc4598f5340         Options.memtable_factory: SkipListFactory
2022/02/11-15:32:41.650255 7fc4598f5340            Options.table_factory: BlockBasedTable
2022/02/11-15:32:41.650282 7fc4598f5340            table_factory options:   flush_block_policy_factory: FlushBlockBySizePolicyFactory (0x55c74c6cca70)
  cache_index_and_filter_blocks: 0
  cache_index_and_filter_blocks_with_high_priority: 1
  pin_l0_filter_and_index_blocks_in_cache: 0
  pin_top_level_index_and_filter: 1
  index_type: 0
  data_block_index_type: 0
  index_shortening: 1
  data_block_hash_table_util_ratio: 0.750000
  hash_index_allow_collision: 1
  checksum: 1
  no_block_cache: 0
  block_cache: 0x55c74c714e20
  block_cache_name: LRUCache
  block_cache_options:
    capacity : 8388608
    num_shard_bits : 4
    strict_capacity_limit : 0
    memory_allocator : None
    high_pri_pool_ratio: 0.000
  block_cache_compressed: (nil)
  persistent_cache: (nil)
  block_size: 4096
  block_size_deviation: 10
  block_restart_interval: 16
  index_block_restart_interval: 1
  metadata_block_size: 4096
  partition_filters: 0
  use_delta_encoding: 1
  filter_policy: nullptr
  whole_key_filtering: 1
  verify_compression: 0
  read_amp_bytes_per_bit: 0
  format_version: 5
  enable_index_compression: 1
  block_align: 0
2022/02/11-15:32:41.650284 7fc4598f5340        Options.write_buffer_size: 67108864
2022/02/11-15:32:41.650286 7fc4598f5340  Options.max_write_buffer_number: 2
2022/02/11-15:32:41.650287 7fc4598f5340          Options.compression: Snappy
2022/02/11-15:32:41.650289 7fc4598f5340                  Options.bottommost_compression: Disabled
2022/02/11-15:32:41.650290 7fc4598f5340       Options.prefix_extractor: nullptr
2022/02/11-15:32:41.650291 7fc4598f5340   Options.memtable_insert_with_hint_prefix_extractor: nullptr
2022/02/11-15:32:41.650293 7fc4598f5340             Options.num_levels: 7
2022/02/11-15:32:41.650294 7fc4598f5340        Options.min_write_buffer_number_to_merge: 1
2022/02/11-15:32:41.650296 7fc4598f5340     Options.max_write_buffer_number_to_maintain: 0
2022/02/11-15:32:41.650297 7fc4598f5340     Options.max_write_buffer_size_to_maintain: 0
