2022/02/11-15:32:39.254239 7fd8dabf0340 RocksDB version: 6.20.3
2022/02/11-15:32:39.254249 7fd8dabf0340 Git sha 8608d75d85f8e1b3b64b73a4fb6d19baec61ba5c
2022/02/11-15:32:39.254251 7fd8dabf0340 Compile date 2021-05-05 20:35:30
2022/02/11-15:32:39.254272 7fd8dabf0340 DB SUMMARY
2022/02/11-15:32:39.254273 7fd8dabf0340 DB Session ID:  KZDYVJY1R2L27QPMU25Q
2022/02/11-15:32:39.254287 7fd8dabf0340 CURRENT file:  CURRENT
2022/02/11-15:32:39.254288 7fd8dabf0340 IDENTITY file:  IDENTITY
2022/02/11-15:32:39.254289 7fd8dabf0340 MANIFEST file:  MANIFEST-000063 size: 1161 Bytes
2022/02/11-15:32:39.254290 7fd8dabf0340 SST files in ./client_db/k#dc952b9e29d3756545eadb133c07bf01656e4ef2783459c19a71b1cece4bdce2 dir, Total Num: 2, files: 000044.sst 000060.sst 
2022/02/11-15:32:39.254291 7fd8dabf0340 Write Ahead Log file in ./client_db/k#dc952b9e29d3756545eadb133c07bf01656e4ef2783459c19a71b1cece4bdce2: 000064.log size: 1640 ; 
2022/02/11-15:32:39.254292 7fd8dabf0340                         Options.error_if_exists: 0
2022/02/11-15:32:39.254293 7fd8dabf0340                       Options.create_if_missing: 1
2022/02/11-15:32:39.254293 7fd8dabf0340                         Options.paranoid_checks: 1
2022/02/11-15:32:39.254294 7fd8dabf0340                               Options.track_and_verify_wals_in_manifest: 0
2022/02/11-15:32:39.254294 7fd8dabf0340                                     Options.env: 0x55b88c43a420
2022/02/11-15:32:39.254295 7fd8dabf0340                                      Options.fs: Posix File System
2022/02/11-15:32:39.254296 7fd8dabf0340                                Options.info_log: 0x55b88cda5220
2022/02/11-15:32:39.254296 7fd8dabf0340                Options.max_file_opening_threads: 16
2022/02/11-15:32:39.254296 7fd8dabf0340                              Options.statistics: (nil)
2022/02/11-15:32:39.254297 7fd8dabf0340                               Options.use_fsync: 0
2022/02/11-15:32:39.254298 7fd8dabf0340                       Options.max_log_file_size: 0
2022/02/11-15:32:39.254298 7fd8dabf0340                  Options.max_manifest_file_size: 1073741824
2022/02/11-15:32:39.254299 7fd8dabf0340                   Options.log_file_time_to_roll: 0
2022/02/11-15:32:39.254299 7fd8dabf0340                       Options.keep_log_file_num: 1000
2022/02/11-15:32:39.254299 7fd8dabf0340                    Options.recycle_log_file_num: 0
2022/02/11-15:32:39.254300 7fd8dabf0340                         Options.allow_fallocate: 1
2022/02/11-15:32:39.254300 7fd8dabf0340                        Options.allow_mmap_reads: 0
2022/02/11-15:32:39.254301 7fd8dabf0340                       Options.allow_mmap_writes: 0
2022/02/11-15:32:39.254301 7fd8dabf0340                        Options.use_direct_reads: 0
2022/02/11-15:32:39.254302 7fd8dabf0340                        Options.use_direct_io_for_flush_and_compaction: 0
2022/02/11-15:32:39.254302 7fd8dabf0340          Options.create_missing_column_families: 1
2022/02/11-15:32:39.254302 7fd8dabf0340                              Options.db_log_dir: 
2022/02/11-15:32:39.254303 7fd8dabf0340                                 Options.wal_dir: ./client_db/k#dc952b9e29d3756545eadb133c07bf01656e4ef2783459c19a71b1cece4bdce2
2022/02/11-15:32:39.254303 7fd8dabf0340                Options.table_cache_numshardbits: 6
2022/02/11-15:32:39.254304 7fd8dabf0340                         Options.WAL_ttl_seconds: 0
2022/02/11-15:32:39.254304 7fd8dabf0340                       Options.WAL_size_limit_MB: 0
2022/02/11-15:32:39.254305 7fd8dabf0340                        Options.max_write_batch_group_size_bytes: 1048576
2022/02/11-15:32:39.254305 7fd8dabf0340             Options.manifest_preallocation_size: 4194304
2022/02/11-15:32:39.254306 7fd8dabf0340                     Options.is_fd_close_on_exec: 1
2022/02/11-15:32:39.254306 7fd8dabf0340                   Options.advise_random_on_open: 1
2022/02/11-15:32:39.254307 7fd8dabf0340                    Options.db_write_buffer_size: 0
2022/02/11-15:32:39.254307 7fd8dabf0340                    Options.write_buffer_manager: 0x55b88cd3e860
2022/02/11-15:32:39.254308 7fd8dabf0340         Options.access_hint_on_compaction_start: 1
2022/02/11-15:32:39.254308 7fd8dabf0340  Options.new_table_reader_for_compaction_inputs: 0
2022/02/11-15:32:39.254313 7fd8dabf0340           Options.random_access_max_buffer_size: 1048576
2022/02/11-15:32:39.254314 7fd8dabf0340                      Options.use_adaptive_mutex: 0
2022/02/11-15:32:39.254314 7fd8dabf0340                            Options.rate_limiter: (nil)
2022/02/11-15:32:39.254315 7fd8dabf0340     Options.sst_file_manager.rate_bytes_per_sec: 0
2022/02/11-15:32:39.254315 7fd8dabf0340                       Options.wal_recovery_mode: 2
2022/02/11-15:32:39.254316 7fd8dabf0340                  Options.enable_thread_tracking: 0
2022/02/11-15:32:39.254316 7fd8dabf0340                  Options.enable_pipelined_write: 0
2022/02/11-15:32:39.254317 7fd8dabf0340                  Options.unordered_write: 0
2022/02/11-15:32:39.254317 7fd8dabf0340         Options.allow_concurrent_memtable_write: 1
2022/02/11-15:32:39.254317 7fd8dabf0340      Options.enable_write_thread_adaptive_yield: 1
2022/02/11-15:32:39.254318 7fd8dabf0340             Options.write_thread_max_yield_usec: 100
2022/02/11-15:32:39.254318 7fd8dabf0340            Options.write_thread_slow_yield_usec: 3
2022/02/11-15:32:39.254319 7fd8dabf0340                               Options.row_cache: None
2022/02/11-15:32:39.254319 7fd8dabf0340                              Options.wal_filter: None
2022/02/11-15:32:39.254320 7fd8dabf0340             Options.avoid_flush_during_recovery: 0
2022/02/11-15:32:39.254320 7fd8dabf0340             Options.allow_ingest_behind: 0
2022/02/11-15:32:39.254321 7fd8dabf0340             Options.preserve_deletes: 0
2022/02/11-15:32:39.254321 7fd8dabf0340             Options.two_write_queues: 0
2022/02/11-15:32:39.254322 7fd8dabf0340             Options.manual_wal_flush: 0
2022/02/11-15:32:39.254322 7fd8dabf0340             Options.atomic_flush: 0
2022/02/11-15:32:39.254322 7fd8dabf0340             Options.avoid_unnecessary_blocking_io: 0
2022/02/11-15:32:39.254323 7fd8dabf0340                 Options.persist_stats_to_disk: 0
2022/02/11-15:32:39.254323 7fd8dabf0340                 Options.write_dbid_to_manifest: 0
2022/02/11-15:32:39.254324 7fd8dabf0340                 Options.log_readahead_size: 0
2022/02/11-15:32:39.254324 7fd8dabf0340                 Options.file_checksum_gen_factory: Unknown
2022/02/11-15:32:39.254325 7fd8dabf0340                 Options.best_efforts_recovery: 0
2022/02/11-15:32:39.254325 7fd8dabf0340                Options.max_bgerror_resume_count: 2147483647
2022/02/11-15:32:39.254326 7fd8dabf0340            Options.bgerror_resume_retry_interval: 1000000
2022/02/11-15:32:39.254326 7fd8dabf0340             Options.allow_data_in_errors: 0
2022/02/11-15:32:39.254326 7fd8dabf0340             Options.db_host_id: __hostname__
2022/02/11-15:32:39.254327 7fd8dabf0340             Options.max_background_jobs: 2
2022/02/11-15:32:39.254327 7fd8dabf0340             Options.max_background_compactions: -1
2022/02/11-15:32:39.254328 7fd8dabf0340             Options.max_subcompactions: 1
2022/02/11-15:32:39.254328 7fd8dabf0340             Options.avoid_flush_during_shutdown: 0
2022/02/11-15:32:39.254329 7fd8dabf0340           Options.writable_file_max_buffer_size: 1048576
2022/02/11-15:32:39.254329 7fd8dabf0340             Options.delayed_write_rate : 16777216
2022/02/11-15:32:39.254330 7fd8dabf0340             Options.max_total_wal_size: 0
2022/02/11-15:32:39.254330 7fd8dabf0340             Options.delete_obsolete_files_period_micros: 21600000000
2022/02/11-15:32:39.254331 7fd8dabf0340                   Options.stats_dump_period_sec: 600
2022/02/11-15:32:39.254331 7fd8dabf0340                 Options.stats_persist_period_sec: 600
2022/02/11-15:32:39.254332 7fd8dabf0340                 Options.stats_history_buffer_size: 1048576
2022/02/11-15:32:39.254332 7fd8dabf0340                          Options.max_open_files: -1
2022/02/11-15:32:39.254333 7fd8dabf0340                          Options.bytes_per_sync: 0
2022/02/11-15:32:39.254333 7fd8dabf0340                      Options.wal_bytes_per_sync: 0
2022/02/11-15:32:39.254333 7fd8dabf0340                   Options.strict_bytes_per_sync: 0
2022/02/11-15:32:39.254337 7fd8dabf0340       Options.compaction_readahead_size: 0
2022/02/11-15:32:39.254337 7fd8dabf0340                  Options.max_background_flushes: -1
2022/02/11-15:32:39.254338 7fd8dabf0340 Compression algorithms supported:
2022/02/11-15:32:39.254338 7fd8dabf0340 	kZSTDNotFinalCompression supported: 1
2022/02/11-15:32:39.254339 7fd8dabf0340 	kZSTD supported: 1
2022/02/11-15:32:39.254340 7fd8dabf0340 	kXpressCompression supported: 0
2022/02/11-15:32:39.254340 7fd8dabf0340 	kLZ4HCCompression supported: 1
2022/02/11-15:32:39.254341 7fd8dabf0340 	kLZ4Compression supported: 1
2022/02/11-15:32:39.254342 7fd8dabf0340 	kBZip2Compression supported: 1
2022/02/11-15:32:39.254342 7fd8dabf0340 	kZlibCompression supported: 1
2022/02/11-15:32:39.254343 7fd8dabf0340 	kSnappyCompression supported: 1
2022/02/11-15:32:39.254343 7fd8dabf0340 Fast CRC32 supported: Not supported on x86
2022/02/11-15:32:39.254362 7fd8dabf0340 [db/version_set.cc:4626] Recovering from manifest file: ./client_db/k#dc952b9e29d3756545eadb133c07bf01656e4ef2783459c19a71b1cece4bdce2/MANIFEST-000063
2022/02/11-15:32:39.254417 7fd8dabf0340 [db/column_family.cc:596] --------------- Options for column family [default]:
2022/02/11-15:32:39.254418 7fd8dabf0340               Options.comparator: leveldb.BytewiseComparator
2022/02/11-15:32:39.254419 7fd8dabf0340           Options.merge_operator: None
2022/02/11-15:32:39.254419 7fd8dabf0340        Options.compaction_filter: None
2022/02/11-15:32:39.254420 7fd8dabf0340        Options.compaction_filter_factory: None
2022/02/11-15:32:39.254420 7fd8dabf0340  Options.sst_partitioner_factory: None
2022/02/11-15:32:39.254421 7fd8dabf0340         Options.memtable_factory: SkipListFactory
2022/02/11-15:32:39.254421 7fd8dabf0340            Options.table_factory: BlockBasedTable
2022/02/11-15:32:39.254434 7fd8dabf0340            table_factory options:   flush_block_policy_factory: FlushBlockBySizePolicyFactory (0x55b88cd390c0)
  cache_index_and_filter_blocks: 0
  cache_index_and_filter_blocks_with_high_priority: 1
  pin_l0_filter_and_index_blocks_in_cache: 0
  pin_top_level_index_and_filter: 1
  index_type: 0
  data_block_index_type: 0
  index_shortening: 1
  data_block_hash_table_util_ratio: 0.750000
  hash_index_allow_collision: 1
  checksum: 1
  no_block_cache: 0
  block_cache: 0x55b88cd92450
  block_cache_name: LRUCache
  block_cache_options:
    capacity : 8388608
    num_shard_bits : 4
    strict_capacity_limit : 0
    memory_allocator : None
    high_pri_pool_ratio: 0.000
  block_cache_compressed: (nil)
  persistent_cache: (nil)
  block_size: 4096
  block_size_deviation: 10
  block_restart_interval: 16
  index_block_restart_interval: 1
  metadata_block_size: 4096
  partition_filters: 0
  use_delta_encoding: 1
  filter_policy: nullptr
  whole_key_filtering: 1
  verify_compression: 0
  read_amp_bytes_per_bit: 0
  format_version: 5
  enable_index_compression: 1
  block_align: 0
2022/02/11-15:32:39.254435 7fd8dabf0340        Options.write_buffer_size: 67108864
2022/02/11-15:32:39.254435 7fd8dabf0340  Options.max_write_buffer_number: 2
2022/02/11-15:32:39.254436 7fd8dabf0340          Options.compression: Snappy
2022/02/11-15:32:39.254436 7fd8dabf0340                  Options.bottommost_compression: Disabled
2022/02/11-15:32:39.254437 7fd8dabf0340       Options.prefix_extractor: nullptr
2022/02/11-15:32:39.254437 7fd8dabf0340   Options.memtable_insert_with_hint_prefix_extractor: nullptr
2022/02/11-15:32:39.254438 7fd8dabf0340             Options.num_levels: 7
2022/02/11-15:32:39.254438 7fd8dabf0340        Options.min_write_buffer_number_to_merge: 1
2022/02/11-15:32:39.254439 7fd8dabf0340     Options.max_write_buffer_number_to_maintain: 0
2022/02/11-15:32:39.254439 7fd8dabf0340     Options.max_write_buffer_size_to_maintain: 0
2022/02/11-15:32:39.254440 7fd8dabf0340            Options.bottommost_compression_opts.window_bits: -14
2022/02/11-15:32:39.254440 7fd8dabf0340                  Options.bottommost_compression_opts.level: 32767
2022/02/11-15:32:39.254441 7fd8dabf0340               Options.bottommost_compression_opts.strategy: 0
2022/02/11-15:32:39.254445 7fd8dabf0340         Options.bottommost_compression_opts.max_dict_bytes: 0
2022/02/11-15:32:39.254446 7fd8dabf0340         Options.bottommost_compression_opts.zstd_max_train_bytes: 0
2022/02/11-15:32:39.254446 7fd8dabf0340         Options.bottommost_compression_opts.parallel_threads: 1
2022/02/11-15:32:39.254447 7fd8dabf0340                  Options.bottommost_compression_opts.enabled: false
2022/02/11-15:32:39.254447 7fd8dabf0340         Options.bottommost_compression_opts.max_dict_buffer_bytes: 0
2022/02/11-15:32:39.254448 7fd8dabf0340            Options.compression_opts.window_bits: -14
2022/02/11-15:32:39.254448 7fd8dabf0340                  Options.compression_opts.level: 32767
2022/02/11-15:32:39.254449 7fd8dabf0340               Options.compression_opts.strategy: 0
2022/02/11-15:32:39.254449 7fd8dabf0340         Options.compression_opts.max_dict_bytes: 0
2022/02/11-15:32:39.254449 7fd8dabf0340         Options.compression_opts.zstd_max_train_bytes: 0
2022/02/11-15:32:39.254450 7fd8dabf0340         Options.compression_opts.parallel_threads: 1
2022/02/11-15:32:39.254450 7fd8dabf0340                  Options.compression_opts.enabled: false
2022/02/11-15:32:39.254451 7fd8dabf0340         Options.compression_opts.max_dict_buffer_bytes: 0
2022/02/11-15:32:39.254451 7fd8dabf0340      Options.level0_file_num_compaction_trigger: 4
2022/02/11-15:32:39.254452 7fd8dabf0340          Options.level0_slowdown_writes_trigger: 20
2022/02/11-15:32:39.254452 7fd8dabf0340              Options.level0_stop_writes_trigger: 36
2022/02/11-15:32:39.254453 7fd8dabf0340                   Options.target_file_size_base: 67108864
2022/02/11-15:32:39.254453 7fd8dabf0340             Options.target_file_size_multiplier: 1
2022/02/11-15:32:39.254453 7fd8dabf0340                Options.max_bytes_for_level_base: 268435456
2022/02/11-15:32:39.254454 7fd8dabf0340 Options.level_compaction_dynamic_level_bytes: 0
2022/02/11-15:32:39.254454 7fd8dabf0340          Options.max_bytes_for_level_multiplier: 10.000000
2022/02/11-15:32:39.254456 7fd8dabf0340 Options.max_bytes_for_level_multiplier_addtl[0]: 1
2022/02/11-15:32:39.254456 7fd8dabf0340 Options.max_bytes_for_level_multiplier_addtl[1]: 1
2022/02/11-15:32:39.254457 7fd8dabf0340 Options.max_bytes_for_level_multiplier_addtl[2]: 1
2022/02/11-15:32:39.254457 7fd8dabf0340 Options.max_bytes_for_level_multiplier_addtl[3]: 1
2022/02/11-15:32:39.254458 7fd8dabf0340 Options.max_bytes_for_level_multiplier_addtl[4]: 1
2022/02/11-15:32:39.254458 7fd8dabf0340 Options.max_bytes_for_level_multiplier_addtl[5]: 1
2022/02/11-15:32:39.254458 7fd8dabf0340 Options.max_bytes_for_level_multiplier_addtl[6]: 1
2022/02/11-15:32:39.254459 7fd8dabf0340       Options.max_sequential_skip_in_iterations: 8
2022/02/11-15:32:39.254459 7fd8dabf0340                    Options.max_compaction_bytes: 1677721600
2022/02/11-15:32:39.254460 7fd8dabf0340                        Options.arena_block_size: 8388608
2022/02/11-15:32:39.254460 7fd8dabf0340   Options.soft_pending_compaction_bytes_limit: 68719476736
2022/02/11-15:32:39.254461 7fd8dabf0340   Options.hard_pending_compaction_bytes_limit: 274877906944
2022/02/11-15:32:39.254461 7fd8dabf0340       Options.rate_limit_delay_max_milliseconds: 100
2022/02/11-15:32:39.254462 7fd8dabf0340                Options.disable_auto_compactions: 0
2022/02/11-15:32:39.254462 7fd8dabf0340                        Options.compaction_style: kCompactionStyleLevel
2022/02/11-15:32:39.254463 7fd8dabf0340                          Options.compaction_pri: kMinOverlappingRatio
2022/02/11-15:32:39.254463 7fd8dabf0340 Options.compaction_options_universal.size_ratio: 1
2022/02/11-15:32:39.254464 7fd8dabf0340 Options.compaction_options_universal.min_merge_width: 2
2022/02/11-15:32:39.254464 7fd8dabf0340 Options.compaction_options_universal.max_merge_width: 4294967295
2022/02/11-15:32:39.254465 7fd8dabf0340 Options.compaction_options_universal.max_size_amplification_percent: 200
2022/02/11-15:32:39.254465 7fd8dabf0340 Options.compaction_options_universal.compression_size_percent: -1
2022/02/11-15:32:39.254468 7fd8dabf0340 Options.compaction_options_universal.stop_style: kCompactionStopStyleTotalSize
2022/02/11-15:32:39.254469 7fd8dabf0340 Options.compaction_options_fifo.max_table_files_size: 1073741824
2022/02/11-15:32:39.254470 7fd8dabf0340 Options.compaction_options_fifo.allow_compaction: 0
2022/02/11-15:32:39.254474 7fd8dabf0340                   Options.table_properties_collectors: 
2022/02/11-15:32:39.254475 7fd8dabf0340                   Options.inplace_update_support: 0
2022/02/11-15:32:39.254475 7fd8dabf0340                 Options.inplace_update_num_locks: 10000
2022/02/11-15:32:39.254476 7fd8dabf0340               Options.memtable_prefix_bloom_size_ratio: 0.000000
2022/02/11-15:32:39.254476 7fd8dabf0340               Options.memtable_whole_key_filtering: 0
2022/02/11-15:32:39.254477 7fd8dabf0340   Options.memtable_huge_page_size: 0
2022/02/11-15:32:39.254477 7fd8dabf0340                           Options.bloom_locality: 0
2022/02/11-15:32:39.254478 7fd8dabf0340                    Options.max_successive_merges: 0
2022/02/11-15:32:39.254478 7fd8dabf0340                Options.optimize_filters_for_hits: 0
2022/02/11-15:32:39.254478 7fd8dabf0340                Options.paranoid_file_checks: 0
2022/02/11-15:32:39.254479 7fd8dabf0340                Options.force_consistency_checks: 1
2022/02/11-15:32:39.254479 7fd8dabf0340                Options.report_bg_io_stats: 0
2022/02/11-15:32:39.254480 7fd8dabf0340                               Options.ttl: 2592000
2022/02/11-15:32:39.254480 7fd8dabf0340          Options.periodic_compaction_seconds: 0
2022/02/11-15:32:39.254481 7fd8dabf0340                    Options.enable_blob_files: false
2022/02/11-15:32:39.254481 7fd8dabf0340                        Options.min_blob_size: 0
2022/02/11-15:32:39.254481 7fd8dabf0340                       Options.blob_file_size: 268435456
2022/02/11-15:32:39.254482 7fd8dabf0340                Options.blob_compression_type: NoCompression
2022/02/11-15:32:39.254482 7fd8dabf0340       Options.enable_blob_garbage_collection: false
2022/02/11-15:32:39.254483 7fd8dabf0340   Options.blob_garbage_collection_age_cutoff: 0.250000
2022/02/11-15:32:39.254506 7fd8dabf0340 [db/column_family.cc:596] --------------- Options for column family [pending_orders]:
2022/02/11-15:32:39.254507 7fd8dabf0340               Options.comparator: leveldb.BytewiseComparator
2022/02/11-15:32:39.254507 7fd8dabf0340           Options.merge_operator: None
2022/02/11-15:32:39.254508 7fd8dabf0340        Options.compaction_filter: None
2022/02/11-15:32:39.254508 7fd8dabf0340        Options.compaction_filter_factory: None
2022/02/11-15:32:39.254509 7fd8dabf0340  Options.sst_partitioner_factory: None
2022/02/11-15:32:39.254509 7fd8dabf0340         Options.memtable_factory: SkipListFactory
2022/02/11-15:32:39.254509 7fd8dabf0340            Options.table_factory: BlockBasedTable
2022/02/11-15:32:39.254519 7fd8dabf0340            table_factory options:   flush_block_policy_factory: FlushBlockBySizePolicyFactory (0x55b88cccbeb0)
  cache_index_and_filter_blocks: 0
  cache_index_and_filter_blocks_with_high_priority: 1
  pin_l0_filter_and_index_blocks_in_cache: 0
  pin_top_level_index_and_filter: 1
  index_type: 0
  data_block_index_type: 0
  index_shortening: 1
  data_block_hash_table_util_ratio: 0.750000
  hash_index_allow_collision: 1
  checksum: 1
  no_block_cache: 0
  block_cache: 0x55b88cd44670
  block_cache_name: LRUCache
  block_cache_options:
    capacity : 8388608
    num_shard_bits : 4
    strict_capacity_limit : 0
    memory_allocator : None
    high_pri_pool_ratio: 0.000
  block_cache_compressed: (nil)
  persistent_cache: (nil)
  block_size: 4096
  block_size_deviation: 10
  block_restart_interval: 16
  index_block_restart_interval: 1
  metadata_block_size: 4096
  partition_filters: 0
  use_delta_encoding: 1
  filter_policy: nullptr
  whole_key_filtering: 1
  verify_compression: 0
  read_amp_bytes_per_bit: 0
  format_version: 5
  enable_index_compression: 1
  block_align: 0
2022/02/11-15:32:39.254519 7fd8dabf0340        Options.write_buffer_size: 67108864
2022/02/11-15:32:39.254523 7fd8dabf0340  Options.max_write_buffer_number: 2
2022/02/11-15:32:39.254523 7fd8dabf0340          Options.compression: Snappy
2022/02/11-15:32:39.254524 7fd8dabf0340                  Options.bottommost_compression: Disabled
2022/02/11-15:32:39.254524 7fd8dabf0340       Options.prefix_extractor: nullptr
2022/02/11-15:32:39.254525 7fd8dabf0340   Options.memtable_insert_with_hint_prefix_extractor: nullptr
2022/02/11-15:32:39.254525 7fd8dabf0340             Options.num_levels: 7
2022/02/11-15:32:39.254526 7fd8dabf0340        Options.min_write_buffer_number_to_merge: 1
2022/02/11-15:32:39.254526 7fd8dabf0340     Options.max_write_buffer_number_to_maintain: 0
2022/02/11-15:32:39.254527 7fd8dabf0340     Options.max_write_buffer_size_to_maintain: 0
2022/02/11-15:32:39.254527 7fd8dabf0340            Options.bottommost_compression_opts.window_bits: -14
2022/02/11-15:32:39.254527 7fd8dabf0340                  Options.bottommost_compression_opts.level: 32767
2022/02/11-15:32:39.254528 7fd8dabf0340               Options.bottommost_compression_opts.strategy: 0
2022/02/11-15:32:39.254528 7fd8dabf0340         Options.bottommost_compression_opts.max_dict_bytes: 0
2022/02/11-15:32:39.254529 7fd8dabf0340         Options.bottommost_compression_opts.zstd_max_train_bytes: 0
2022/02/11-15:32:39.254529 7fd8dabf0340         Options.bottommost_compression_opts.parallel_threads: 1
2022/02/11-15:32:39.254530 7fd8dabf0340                  Options.bottommost_compression_opts.enabled: false
2022/02/11-15:32:39.254530 7fd8dabf0340         Options.bottommost_compression_opts.max_dict_buffer_bytes: 0
2022/02/11-15:32:39.254531 7fd8dabf0340            Options.compression_opts.window_bits: -14
2022/02/11-15:32:39.254531 7fd8dabf0340                  Options.compression_opts.level: 32767
2022/02/11-15:32:39.254532 7fd8dabf0340               Options.compression_opts.strategy: 0
2022/02/11-15:32:39.254532 7fd8dabf0340         Options.compression_opts.max_dict_bytes: 0
2022/02/11-15:32:39.254532 7fd8dabf0340         Options.compression_opts.zstd_max_train_bytes: 0
2022/02/11-15:32:39.254533 7fd8dabf0340         Options.compression_opts.parallel_threads: 1
2022/02/11-15:32:39.254533 7fd8dabf0340                  Options.compression_opts.enabled: false
2022/02/11-15:32:39.254534 7fd8dabf0340         Options.compression_opts.max_dict_buffer_bytes: 0
2022/02/11-15:32:39.254534 7fd8dabf0340      Options.level0_file_num_compaction_trigger: 4
2022/02/11-15:32:39.254535 7fd8dabf0340          Options.level0_slowdown_writes_trigger: 20
2022/02/11-15:32:39.254535 7fd8dabf0340              Options.level0_stop_writes_trigger: 36
2022/02/11-15:32:39.254535 7fd8dabf0340                   Options.target_file_size_base: 67108864
2022/02/11-15:32:39.254536 7fd8dabf0340             Options.target_file_size_multiplier: 1
2022/02/11-15:32:39.254536 7fd8dabf0340                Options.max_bytes_for_level_base: 268435456
2022/02/11-15:32:39.254537 7fd8dabf0340 Options.level_compaction_dynamic_level_bytes: 0
2022/02/11-15:32:39.254537 7fd8dabf0340          Options.max_bytes_for_level_multiplier: 10.000000
2022/02/11-15:32:39.254538 7fd8dabf0340 Options.max_bytes_for_level_multiplier_addtl[0]: 1
2022/02/11-15:32:39.254538 7fd8dabf0340 Options.max_bytes_for_level_multiplier_addtl[1]: 1
2022/02/11-15:32:39.254539 7fd8dabf0340 Options.max_bytes_for_level_multiplier_addtl[2]: 1
2022/02/11-15:32:39.254539 7fd8dabf0340 Options.max_bytes_for_level_multiplier_addtl[3]: 1
2022/02/11-15:32:39.254540 7fd8dabf0340 Options.max_bytes_for_level_multiplier_addtl[4]: 1
2022/02/11-15:32:39.254540 7fd8dabf0340 Options.max_bytes_for_level_multiplier_addtl[5]: 1
2022/02/11-15:32:39.254541 7fd8dabf0340 Options.max_bytes_for_level_multiplier_addtl[6]: 1
2022/02/11-15:32:39.254541 7fd8dabf0340       Options.max_sequential_skip_in_iterations: 8
2022/02/11-15:32:39.254542 7fd8dabf0340                    Options.max_compaction_bytes: 1677721600
2022/02/11-15:32:39.254542 7fd8dabf0340                        Options.arena_block_size: 8388608
2022/02/11-15:32:39.254543 7fd8dabf0340   Options.soft_pending_compaction_bytes_limit: 68719476736
2022/02/11-15:32:39.254546 7fd8dabf0340   Options.hard_pending_compaction_bytes_limit: 274877906944
2022/02/11-15:32:39.254546 7fd8dabf0340       Options.rate_limit_delay_max_milliseconds: 100
2022/02/11-15:32:39.254547 7fd8dabf0340                Options.disable_auto_compactions: 0
2022/02/11-15:32:39.254547 7fd8dabf0340                        Options.compaction_style: kCompactionStyleLevel
2022/02/11-15:32:39.254548 7fd8dabf0340                          Options.compaction_pri: kMinOverlappingRatio
2022/02/11-15:32:39.254548 7fd8dabf0340 Options.compaction_options_universal.size_ratio: 1
2022/02/11-15:32:39.254549 7fd8dabf0340 Options.compaction_options_universal.min_merge_width: 2
2022/02/11-15:32:39.254549 7fd8dabf0340 Options.compaction_options_universal.max_merge_width: 4294967295
2022/02/11-15:32:39.254549 7fd8dabf0340 Options.compaction_options_universal.max_size_amplification_percent: 200
2022/02/11-15:32:39.254550 7fd8dabf0340 Options.compaction_options_universal.compression_size_percent: -1
2022/02/11-15:32:39.254550 7fd8dabf0340 Options.compaction_options_universal.stop_style: kCompactionStopStyleTotalSize
2022/02/11-15:32:39.254551 7fd8dabf0340 Options.compaction_options_fifo.max_table_files_size: 1073741824
2022/02/11-15:32:39.254551 7fd8dabf0340 Options.compaction_options_fifo.allow_compaction: 0
2022/02/11-15:32:39.254552 7fd8dabf0340                   Options.table_properties_collectors: 
2022/02/11-15:32:39.254553 7fd8dabf0340                   Options.inplace_update_support: 0
2022/02/11-15:32:39.254553 7fd8dabf0340                 Options.inplace_update_num_locks: 10000
2022/02/11-15:32:39.254554 7fd8dabf0340               Options.memtable_prefix_bloom_size_ratio: 0.000000
2022/02/11-15:32:39.254554 7fd8dabf0340               Options.memtable_whole_key_filtering: 0
2022/02/11-15:32:39.254555 7fd8dabf0340   Options.memtable_huge_page_size: 0
2022/02/11-15:32:39.254555 7fd8dabf0340                           Options.bloom_locality: 0
2022/02/11-15:32:39.254556 7fd8dabf0340                    Options.max_successive_merges: 0
2022/02/11-15:32:39.254556 7fd8dabf0340                Options.optimize_filters_for_hits: 0
2022/02/11-15:32:39.254557 7fd8dabf0340                Options.paranoid_file_checks: 0
2022/02/11-15:32:39.254557 7fd8dabf0340                Options.force_consistency_checks: 1
2022/02/11-15:32:39.254557 7fd8dabf0340                Options.report_bg_io_stats: 0
2022/02/11-15:32:39.254558 7fd8dabf0340                               Options.ttl: 2592000
2022/02/11-15:32:39.254558 7fd8dabf0340          Options.periodic_compaction_seconds: 0
2022/02/11-15:32:39.254559 7fd8dabf0340                    Options.enable_blob_files: false
2022/02/11-15:32:39.254559 7fd8dabf0340                        Options.min_blob_size: 0
2022/02/11-15:32:39.254560 7fd8dabf0340                       Options.blob_file_size: 268435456
2022/02/11-15:32:39.254560 7fd8dabf0340                Options.blob_compression_type: NoCompression
2022/02/11-15:32:39.254561 7fd8dabf0340       Options.enable_blob_garbage_collection: false
2022/02/11-15:32:39.254561 7fd8dabf0340   Options.blob_garbage_collection_age_cutoff: 0.250000
2022/02/11-15:32:39.254574 7fd8dabf0340 [db/column_family.cc:596] --------------- Options for column family [certificates]:
2022/02/11-15:32:39.254575 7fd8dabf0340               Options.comparator: leveldb.BytewiseComparator
2022/02/11-15:32:39.254576 7fd8dabf0340           Options.merge_operator: None
2022/02/11-15:32:39.254576 7fd8dabf0340        Options.compaction_filter: None
2022/02/11-15:32:39.254577 7fd8dabf0340        Options.compaction_filter_factory: None
2022/02/11-15:32:39.254577 7fd8dabf0340  Options.sst_partitioner_factory: None
2022/02/11-15:32:39.254577 7fd8dabf0340         Options.memtable_factory: SkipListFactory
2022/02/11-15:32:39.254578 7fd8dabf0340            Options.table_factory: BlockBasedTable
2022/02/11-15:32:39.254586 7fd8dabf0340            table_factory options:   flush_block_policy_factory: FlushBlockBySizePolicyFactory (0x55b88cd32bb0)
  cache_index_and_filter_blocks: 0
  cache_index_and_filter_blocks_with_high_priority: 1
  pin_l0_filter_and_index_blocks_in_cache: 0
  pin_top_level_index_and_filter: 1
  index_type: 0
  data_block_index_type: 0
  index_shortening: 1
  data_block_hash_table_util_ratio: 0.750000
  hash_index_allow_collision: 1
  checksum: 1
  no_block_cache: 0
  block_cache: 0x55b88cd25a20
  block_cache_name: LRUCache
  block_cache_options:
    capacity : 8388608
    num_shard_bits : 4
    strict_capacity_limit : 0
    memory_allocator : None
    high_pri_pool_ratio: 0.000
  block_cache_compressed: (nil)
  persistent_cache: (nil)
  block_size: 4096
  block_size_deviation: 10
  block_restart_interval: 16
  index_block_restart_interval: 1
  metadata_block_size: 4096
  partition_filters: 0
  use_delta_encoding: 1
  filter_policy: nullptr
  whole_key_filtering: 1
  verify_compression: 0
  read_amp_bytes_per_bit: 0
  format_version: 5
  enable_index_compression: 1
  block_align: 0
2022/02/11-15:32:39.254593 7fd8dabf0340        Options.write_buffer_size: 67108864
2022/02/11-15:32:39.254594 7fd8dabf0340  Options.max_write_buffer_number: 2
2022/02/11-15:32:39.254594 7fd8dabf0340          Options.compression: Snappy
2022/02/11-15:32:39.254595 7fd8dabf0340                  Options.bottommost_compression: Disabled
2022/02/11-15:32:39.254595 7fd8dabf0340       Options.prefix_extractor: nullptr
2022/02/11-15:32:39.254595 7fd8dabf0340   Options.memtable_insert_with_hint_prefix_extractor: nullptr
2022/02/11-15:32:39.254596 7fd8dabf0340             Options.num_levels: 7
2022/02/11-15:32:39.254596 7fd8dabf0340        Options.min_write_buffer_number_to_merge: 1
2022/02/11-15:32:39.254597 7fd8dabf0340     Options.max_write_buffer_number_to_maintain: 0
2022/02/11-15:32:39.254597 7fd8dabf0340     Options.max_write_buffer_size_to_maintain: 0
2022/02/11-15:32:39.254598 7fd8dabf0340            Options.bottommost_compression_opts.window_bits: -14
2022/02/11-15:32:39.254598 7fd8dabf0340                  Options.bottommost_compression_opts.level: 32767
2022/02/11-15:32:39.254598 7fd8dabf0340               Options.bottommost_compression_opts.strategy: 0
2022/02/11-15:32:39.254599 7fd8dabf0340         Options.bottommost_compression_opts.max_dict_bytes: 0
2022/02/11-15:32:39.254599 7fd8dabf0340         Options.bottommost_compression_opts.zstd_max_train_bytes: 0
2022/02/11-15:32:39.254600 7fd8dabf0340         Options.bottommost_compression_opts.parallel_threads: 1
2022/02/11-15:32:39.254600 7fd8dabf0340                  Options.bottommost_compression_opts.enabled: false
2022/02/11-15:32:39.254601 7fd8dabf0340         Options.bottommost_compression_opts.max_dict_buffer_bytes: 0
2022/02/11-15:32:39.254601 7fd8dabf0340            Options.compression_opts.window_bits: -14
2022/02/11-15:32:39.254602 7fd8dabf0340                  Options.compression_opts.level: 32767
2022/02/11-15:32:39.254602 7fd8dabf0340               Options.compression_opts.strategy: 0
2022/02/11-15:32:39.254602 7fd8dabf0340         Options.compression_opts.max_dict_bytes: 0
2022/02/11-15:32:39.254603 7fd8dabf0340         Options.compression_opts.zstd_max_train_bytes: 0
2022/02/11-15:32:39.254603 7fd8dabf0340         Options.compression_opts.parallel_threads: 1
2022/02/11-15:32:39.254604 7fd8dabf0340                  Options.compression_opts.enabled: false
2022/02/11-15:32:39.254604 7fd8dabf0340         Options.compression_opts.max_dict_buffer_bytes: 0
2022/02/11-15:32:39.254605 7fd8dabf0340      Options.level0_file_num_compaction_trigger: 4
2022/02/11-15:32:39.254605 7fd8dabf0340          Options.level0_slowdown_writes_trigger: 20
2022/02/11-15:32:39.254606 7fd8dabf0340              Options.level0_stop_writes_trigger: 36
2022/02/11-15:32:39.254606 7fd8dabf0340                   Options.target_file_size_base: 67108864
2022/02/11-15:32:39.254606 7fd8dabf0340             Options.target_file_size_multiplier: 1
2022/02/11-15:32:39.254607 7fd8dabf0340                Options.max_bytes_for_level_base: 268435456
2022/02/11-15:32:39.254607 7fd8dabf0340 Options.level_compaction_dynamic_level_bytes: 0
2022/02/11-15:32:39.254610 7fd8dabf0340          Options.max_bytes_for_level_multiplier: 10.000000
2022/02/11-15:32:39.254611 7fd8dabf0340 Options.max_bytes_for_level_multiplier_addtl[0]: 1
2022/02/11-15:32:39.254611 7fd8dabf0340 Options.max_bytes_for_level_multiplier_addtl[1]: 1
2022/02/11-15:32:39.254612 7fd8dabf0340 Options.max_bytes_for_level_multiplier_addtl[2]: 1
2022/02/11-15:32:39.254612 7fd8dabf0340 Options.max_bytes_for_level_multiplier_addtl[3]: 1
2022/02/11-15:32:39.254613 7fd8dabf0340 Options.max_bytes_for_level_multiplier_addtl[4]: 1
2022/02/11-15:32:39.254613 7fd8dabf0340 Options.max_bytes_for_level_multiplier_addtl[5]: 1
2022/02/11-15:32:39.254614 7fd8dabf0340 Options.max_bytes_for_level_multiplier_addtl[6]: 1
2022/02/11-15:32:39.254614 7fd8dabf0340       Options.max_sequential_skip_in_iterations: 8
2022/02/11-15:32:39.254615 7fd8dabf0340                    Options.max_compaction_bytes: 1677721600
2022/02/11-15:32:39.254615 7fd8dabf0340                        Options.arena_block_size: 8388608
2022/02/11-15:32:39.254615 7fd8dabf0340   Options.soft_pending_compaction_bytes_limit: 68719476736
2022/02/11-15:32:39.254616 7fd8dabf0340   Options.hard_pending_compaction_bytes_limit: 274877906944
2022/02/11-15:32:39.254616 7fd8dabf0340       Options.rate_limit_delay_max_milliseconds: 100
2022/02/11-15:32:39.254617 7fd8dabf0340                Options.disable_auto_compactions: 0
2022/02/11-15:32:39.254617 7fd8dabf0340                        Options.compaction_style: kCompactionStyleLevel
2022/02/11-15:32:39.254618 7fd8dabf0340                          Options.compaction_pri: kMinOverlappingRatio
2022/02/11-15:32:39.254618 7fd8dabf0340 Options.compaction_options_universal.size_ratio: 1
2022/02/11-15:32:39.254619 7fd8dabf0340 Options.compaction_options_universal.min_merge_width: 2
2022/02/11-15:32:39.254619 7fd8dabf0340 Options.compaction_options_universal.max_merge_width: 4294967295
2022/02/11-15:32:39.254619 7fd8dabf0340 Options.compaction_options_universal.max_size_amplification_percent: 200
2022/02/11-15:32:39.254620 7fd8dabf0340 Options.compaction_options_universal.compression_size_percent: -1
2022/02/11-15:32:39.254620 7fd8dabf0340 Options.compaction_options_universal.stop_style: kCompactionStopStyleTotalSize
2022/02/11-15:32:39.254621 7fd8dabf0340 Options.compaction_options_fifo.max_table_files_size: 1073741824
2022/02/11-15:32:39.254621 7fd8dabf0340 Options.compaction_options_fifo.allow_compaction: 0
2022/02/11-15:32:39.254622 7fd8dabf0340                   Options.table_properties_collectors: 
2022/02/11-15:32:39.254623 7fd8dabf0340                   Options.inplace_update_support: 0
2022/02/11-15:32:39.254623 7fd8dabf0340                 Options.inplace_update_num_locks: 10000
2022/02/11-15:32:39.254624 7fd8dabf0340               Options.memtable_prefix_bloom_size_ratio: 0.000000
2022/02/11-15:32:39.254624 7fd8dabf0340               Options.memtable_whole_key_filtering: 0
2022/02/11-15:32:39.254625 7fd8dabf0340   Options.memtable_huge_page_size: 0
2022/02/11-15:32:39.254625 7fd8dabf0340                           Options.bloom_locality: 0
2022/02/11-15:32:39.254625 7fd8dabf0340                    Options.max_successive_merges: 0
2022/02/11-15:32:39.254626 7fd8dabf0340                Options.optimize_filters_for_hits: 0
2022/02/11-15:32:39.254626 7fd8dabf0340                Options.paranoid_file_checks: 0
2022/02/11-15:32:39.254627 7fd8dabf0340                Options.force_consistency_checks: 1
2022/02/11-15:32:39.254627 7fd8dabf0340                Options.report_bg_io_stats: 0
2022/02/11-15:32:39.254628 7fd8dabf0340                               Options.ttl: 2592000
2022/02/11-15:32:39.254628 7fd8dabf0340          Options.periodic_compaction_seconds: 0
2022/02/11-15:32:39.254628 7fd8dabf0340                    Options.enable_blob_files: false
2022/02/11-15:32:39.254629 7fd8dabf0340                        Options.min_blob_size: 0
2022/02/11-15:32:39.254629 7fd8dabf0340                       Options.blob_file_size: 268435456
2022/02/11-15:32:39.254630 7fd8dabf0340                Options.blob_compression_type: NoCompression
2022/02/11-15:32:39.254634 7fd8dabf0340       Options.enable_blob_garbage_collection: false
2022/02/11-15:32:39.254634 7fd8dabf0340   Options.blob_garbage_collection_age_cutoff: 0.250000
2022/02/11-15:32:39.254649 7fd8dabf0340 [db/column_family.cc:596] --------------- Options for column family [object_certs]:
2022/02/11-15:32:39.254650 7fd8dabf0340               Options.comparator: leveldb.BytewiseComparator
2022/02/11-15:32:39.254651 7fd8dabf0340           Options.merge_operator: None
2022/02/11-15:32:39.254651 7fd8dabf0340        Options.compaction_filter: None
2022/02/11-15:32:39.254651 7fd8dabf0340        Options.compaction_filter_factory: None
2022/02/11-15:32:39.254652 7fd8dabf0340  Options.sst_partitioner_factory: None
2022/02/11-15:32:39.254652 7fd8dabf0340         Options.memtable_factory: SkipListFactory
2022/02/11-15:32:39.254653 7fd8dabf0340            Options.table_factory: BlockBasedTable
2022/02/11-15:32:39.254661 7fd8dabf0340            table_factory options:   flush_block_policy_factory: FlushBlockBySizePolicyFactory (0x55b88cd380b0)
  cache_index_and_filter_blocks: 0
  cache_index_and_filter_blocks_with_high_priority: 1
  pin_l0_filter_and_index_blocks_in_cache: 0
  pin_top_level_index_and_filter: 1
  index_type: 0
  data_block_index_type: 0
  index_shortening: 1
  data_block_hash_table_util_ratio: 0.750000
  hash_index_allow_collision: 1
  checksum: 1
  no_block_cache: 0
  block_cache: 0x55b88cd89a30
  block_cache_name: LRUCache
  block_cache_options:
    capacity : 8388608
    num_shard_bits : 4
    strict_capacity_limit : 0
    memory_allocator : None
    high_pri_pool_ratio: 0.000
  block_cache_compressed: (nil)
  persistent_cache: (nil)
  block_size: 4096
  block_size_deviation: 10
  block_restart_interval: 16
  index_block_restart_interval: 1
  metadata_block_size: 4096
  partition_filters: 0
  use_delta_encoding: 1
  filter_policy: nullptr
  whole_key_filtering: 1
  verify_compression: 0
  read_amp_bytes_per_bit: 0
  format_version: 5
  enable_index_compression: 1
  block_align: 0
2022/02/11-15:32:39.254662 7fd8dabf0340        Options.write_buffer_size: 67108864
2022/02/11-15:32:39.254662 7fd8dabf0340  Options.max_write_buffer_number: 2
2022/02/11-15:32:39.254663 7fd8dabf0340          Options.compression: Snappy
2022/02/11-15:32:39.254663 7fd8dabf0340                  Options.bottommost_compression: Disabled
2022/02/11-15:32:39.254664 7fd8dabf0340       Options.prefix_extractor: nullptr
2022/02/11-15:32:39.254664 7fd8dabf0340   Options.memtable_insert_with_hint_prefix_extractor: nullptr
2022/02/11-15:32:39.254664 7fd8dabf0340             Options.num_levels: 7
2022/02/11-15:32:39.254665 7fd8dabf0340        Options.min_write_buffer_number_to_merge: 1
2022/02/11-15:32:39.254665 7fd8dabf0340     Options.max_write_buffer_number_to_maintain: 0
2022/02/11-15:32:39.254666 7fd8dabf0340     Options.max_write_buffer_size_to_maintain: 0
2022/02/11-15:32:39.254666 7fd8dabf0340            Options.bottommost_compression_opts.window_bits: -14
