2022/02/11-15:49:24.517781 7fe45ba6f340 RocksDB version: 6.20.3
2022/02/11-15:49:24.517793 7fe45ba6f340 Git sha 8608d75d85f8e1b3b64b73a4fb6d19baec61ba5c
2022/02/11-15:49:24.517794 7fe45ba6f340 Compile date 2021-05-05 20:35:30
2022/02/11-15:49:24.517818 7fe45ba6f340 DB SUMMARY
2022/02/11-15:49:24.517819 7fe45ba6f340 DB Session ID:  8N5E8H1WYFLAK2QGGLI7
2022/02/11-15:49:24.517836 7fe45ba6f340 CURRENT file:  CURRENT
2022/02/11-15:49:24.517837 7fe45ba6f340 IDENTITY file:  IDENTITY
2022/02/11-15:49:24.517838 7fe45ba6f340 MANIFEST file:  MANIFEST-000241 size: 1213 Bytes
2022/02/11-15:49:24.517839 7fe45ba6f340 SST files in ./client_db/k#dc952b9e29d3756545eadb133c07bf01656e4ef2783459c19a71b1cece4bdce2 dir, Total Num: 2, files: 000228.sst 000238.sst 
2022/02/11-15:49:24.517840 7fe45ba6f340 Write Ahead Log file in ./client_db/k#dc952b9e29d3756545eadb133c07bf01656e4ef2783459c19a71b1cece4bdce2: 000242.log size: 1640 ; 
2022/02/11-15:49:24.517841 7fe45ba6f340                         Options.error_if_exists: 0
2022/02/11-15:49:24.517842 7fe45ba6f340                       Options.create_if_missing: 1
2022/02/11-15:49:24.517843 7fe45ba6f340                         Options.paranoid_checks: 1
2022/02/11-15:49:24.517843 7fe45ba6f340                               Options.track_and_verify_wals_in_manifest: 0
2022/02/11-15:49:24.517844 7fe45ba6f340                                     Options.env: 0x559ea3661420
2022/02/11-15:49:24.517845 7fe45ba6f340                                      Options.fs: Posix File System
2022/02/11-15:49:24.517845 7fe45ba6f340                                Options.info_log: 0x559ea4879c90
2022/02/11-15:49:24.517846 7fe45ba6f340                Options.max_file_opening_threads: 16
2022/02/11-15:49:24.517846 7fe45ba6f340                              Options.statistics: (nil)
2022/02/11-15:49:24.517847 7fe45ba6f340                               Options.use_fsync: 0
2022/02/11-15:49:24.517847 7fe45ba6f340                       Options.max_log_file_size: 0
2022/02/11-15:49:24.517848 7fe45ba6f340                  Options.max_manifest_file_size: 1073741824
2022/02/11-15:49:24.517848 7fe45ba6f340                   Options.log_file_time_to_roll: 0
2022/02/11-15:49:24.517849 7fe45ba6f340                       Options.keep_log_file_num: 1000
2022/02/11-15:49:24.517849 7fe45ba6f340                    Options.recycle_log_file_num: 0
2022/02/11-15:49:24.517850 7fe45ba6f340                         Options.allow_fallocate: 1
2022/02/11-15:49:24.517850 7fe45ba6f340                        Options.allow_mmap_reads: 0
2022/02/11-15:49:24.517851 7fe45ba6f340                       Options.allow_mmap_writes: 0
2022/02/11-15:49:24.517851 7fe45ba6f340                        Options.use_direct_reads: 0
2022/02/11-15:49:24.517852 7fe45ba6f340                        Options.use_direct_io_for_flush_and_compaction: 0
2022/02/11-15:49:24.517852 7fe45ba6f340          Options.create_missing_column_families: 1
2022/02/11-15:49:24.517853 7fe45ba6f340                              Options.db_log_dir: 
2022/02/11-15:49:24.517853 7fe45ba6f340                                 Options.wal_dir: ./client_db/k#dc952b9e29d3756545eadb133c07bf01656e4ef2783459c19a71b1cece4bdce2
2022/02/11-15:49:24.517854 7fe45ba6f340                Options.table_cache_numshardbits: 6
2022/02/11-15:49:24.517854 7fe45ba6f340                         Options.WAL_ttl_seconds: 0
2022/02/11-15:49:24.517854 7fe45ba6f340                       Options.WAL_size_limit_MB: 0
2022/02/11-15:49:24.517855 7fe45ba6f340                        Options.max_write_batch_group_size_bytes: 1048576
2022/02/11-15:49:24.517855 7fe45ba6f340             Options.manifest_preallocation_size: 4194304
2022/02/11-15:49:24.517856 7fe45ba6f340                     Options.is_fd_close_on_exec: 1
2022/02/11-15:49:24.517856 7fe45ba6f340                   Options.advise_random_on_open: 1
2022/02/11-15:49:24.517857 7fe45ba6f340                    Options.db_write_buffer_size: 0
2022/02/11-15:49:24.517857 7fe45ba6f340                    Options.write_buffer_manager: 0x559ea484f850
2022/02/11-15:49:24.517858 7fe45ba6f340         Options.access_hint_on_compaction_start: 1
2022/02/11-15:49:24.517858 7fe45ba6f340  Options.new_table_reader_for_compaction_inputs: 0
2022/02/11-15:49:24.517863 7fe45ba6f340           Options.random_access_max_buffer_size: 1048576
2022/02/11-15:49:24.517864 7fe45ba6f340                      Options.use_adaptive_mutex: 0
2022/02/11-15:49:24.517864 7fe45ba6f340                            Options.rate_limiter: (nil)
2022/02/11-15:49:24.517865 7fe45ba6f340     Options.sst_file_manager.rate_bytes_per_sec: 0
2022/02/11-15:49:24.517865 7fe45ba6f340                       Options.wal_recovery_mode: 2
2022/02/11-15:49:24.517866 7fe45ba6f340                  Options.enable_thread_tracking: 0
2022/02/11-15:49:24.517866 7fe45ba6f340                  Options.enable_pipelined_write: 0
2022/02/11-15:49:24.517867 7fe45ba6f340                  Options.unordered_write: 0
2022/02/11-15:49:24.517867 7fe45ba6f340         Options.allow_concurrent_memtable_write: 1
2022/02/11-15:49:24.517867 7fe45ba6f340      Options.enable_write_thread_adaptive_yield: 1
2022/02/11-15:49:24.517868 7fe45ba6f340             Options.write_thread_max_yield_usec: 100
2022/02/11-15:49:24.517868 7fe45ba6f340            Options.write_thread_slow_yield_usec: 3
2022/02/11-15:49:24.517869 7fe45ba6f340                               Options.row_cache: None
2022/02/11-15:49:24.517869 7fe45ba6f340                              Options.wal_filter: None
2022/02/11-15:49:24.517870 7fe45ba6f340             Options.avoid_flush_during_recovery: 0
2022/02/11-15:49:24.517870 7fe45ba6f340             Options.allow_ingest_behind: 0
2022/02/11-15:49:24.517871 7fe45ba6f340             Options.preserve_deletes: 0
2022/02/11-15:49:24.517871 7fe45ba6f340             Options.two_write_queues: 0
2022/02/11-15:49:24.517872 7fe45ba6f340             Options.manual_wal_flush: 0
2022/02/11-15:49:24.517872 7fe45ba6f340             Options.atomic_flush: 0
2022/02/11-15:49:24.517872 7fe45ba6f340             Options.avoid_unnecessary_blocking_io: 0
2022/02/11-15:49:24.517873 7fe45ba6f340                 Options.persist_stats_to_disk: 0
2022/02/11-15:49:24.517873 7fe45ba6f340                 Options.write_dbid_to_manifest: 0
2022/02/11-15:49:24.517874 7fe45ba6f340                 Options.log_readahead_size: 0
2022/02/11-15:49:24.517874 7fe45ba6f340                 Options.file_checksum_gen_factory: Unknown
2022/02/11-15:49:24.517875 7fe45ba6f340                 Options.best_efforts_recovery: 0
2022/02/11-15:49:24.517875 7fe45ba6f340                Options.max_bgerror_resume_count: 2147483647
2022/02/11-15:49:24.517876 7fe45ba6f340            Options.bgerror_resume_retry_interval: 1000000
2022/02/11-15:49:24.517876 7fe45ba6f340             Options.allow_data_in_errors: 0
2022/02/11-15:49:24.517877 7fe45ba6f340             Options.db_host_id: __hostname__
2022/02/11-15:49:24.517877 7fe45ba6f340             Options.max_background_jobs: 2
2022/02/11-15:49:24.517878 7fe45ba6f340             Options.max_background_compactions: -1
2022/02/11-15:49:24.517878 7fe45ba6f340             Options.max_subcompactions: 1
2022/02/11-15:49:24.517879 7fe45ba6f340             Options.avoid_flush_during_shutdown: 0
2022/02/11-15:49:24.517879 7fe45ba6f340           Options.writable_file_max_buffer_size: 1048576
2022/02/11-15:49:24.517879 7fe45ba6f340             Options.delayed_write_rate : 16777216
2022/02/11-15:49:24.517880 7fe45ba6f340             Options.max_total_wal_size: 0
2022/02/11-15:49:24.517880 7fe45ba6f340             Options.delete_obsolete_files_period_micros: 21600000000
2022/02/11-15:49:24.517881 7fe45ba6f340                   Options.stats_dump_period_sec: 600
2022/02/11-15:49:24.517881 7fe45ba6f340                 Options.stats_persist_period_sec: 600
2022/02/11-15:49:24.517882 7fe45ba6f340                 Options.stats_history_buffer_size: 1048576
2022/02/11-15:49:24.517882 7fe45ba6f340                          Options.max_open_files: -1
2022/02/11-15:49:24.517883 7fe45ba6f340                          Options.bytes_per_sync: 0
2022/02/11-15:49:24.517883 7fe45ba6f340                      Options.wal_bytes_per_sync: 0
2022/02/11-15:49:24.517884 7fe45ba6f340                   Options.strict_bytes_per_sync: 0
2022/02/11-15:49:24.517887 7fe45ba6f340       Options.compaction_readahead_size: 0
2022/02/11-15:49:24.517887 7fe45ba6f340                  Options.max_background_flushes: -1
2022/02/11-15:49:24.517888 7fe45ba6f340 Compression algorithms supported:
2022/02/11-15:49:24.517889 7fe45ba6f340 	kZSTDNotFinalCompression supported: 1
2022/02/11-15:49:24.517889 7fe45ba6f340 	kZSTD supported: 1
2022/02/11-15:49:24.517890 7fe45ba6f340 	kXpressCompression supported: 0
2022/02/11-15:49:24.517891 7fe45ba6f340 	kLZ4HCCompression supported: 1
2022/02/11-15:49:24.517891 7fe45ba6f340 	kLZ4Compression supported: 1
2022/02/11-15:49:24.517892 7fe45ba6f340 	kBZip2Compression supported: 1
2022/02/11-15:49:24.517892 7fe45ba6f340 	kZlibCompression supported: 1
2022/02/11-15:49:24.517893 7fe45ba6f340 	kSnappyCompression supported: 1
2022/02/11-15:49:24.517893 7fe45ba6f340 Fast CRC32 supported: Not supported on x86
2022/02/11-15:49:24.517913 7fe45ba6f340 [db/version_set.cc:4626] Recovering from manifest file: ./client_db/k#dc952b9e29d3756545eadb133c07bf01656e4ef2783459c19a71b1cece4bdce2/MANIFEST-000241
2022/02/11-15:49:24.517974 7fe45ba6f340 [db/column_family.cc:596] --------------- Options for column family [default]:
2022/02/11-15:49:24.517975 7fe45ba6f340               Options.comparator: leveldb.BytewiseComparator
2022/02/11-15:49:24.517976 7fe45ba6f340           Options.merge_operator: None
2022/02/11-15:49:24.517977 7fe45ba6f340        Options.compaction_filter: None
2022/02/11-15:49:24.517977 7fe45ba6f340        Options.compaction_filter_factory: None
2022/02/11-15:49:24.517978 7fe45ba6f340  Options.sst_partitioner_factory: None
2022/02/11-15:49:24.517978 7fe45ba6f340         Options.memtable_factory: SkipListFactory
2022/02/11-15:49:24.517978 7fe45ba6f340            Options.table_factory: BlockBasedTable
2022/02/11-15:49:24.517993 7fe45ba6f340            table_factory options:   flush_block_policy_factory: FlushBlockBySizePolicyFactory (0x559ea474d4c0)
  cache_index_and_filter_blocks: 0
  cache_index_and_filter_blocks_with_high_priority: 1
  pin_l0_filter_and_index_blocks_in_cache: 0
  pin_top_level_index_and_filter: 1
  index_type: 0
  data_block_index_type: 0
  index_shortening: 1
  data_block_hash_table_util_ratio: 0.750000
  hash_index_allow_collision: 1
  checksum: 1
  no_block_cache: 0
  block_cache: 0x559ea4854c70
  block_cache_name: LRUCache
  block_cache_options:
    capacity : 8388608
    num_shard_bits : 4
    strict_capacity_limit : 0
    memory_allocator : None
    high_pri_pool_ratio: 0.000
  block_cache_compressed: (nil)
  persistent_cache: (nil)
  block_size: 4096
  block_size_deviation: 10
  block_restart_interval: 16
  index_block_restart_interval: 1
  metadata_block_size: 4096
  partition_filters: 0
  use_delta_encoding: 1
  filter_policy: nullptr
  whole_key_filtering: 1
  verify_compression: 0
  read_amp_bytes_per_bit: 0
  format_version: 5
  enable_index_compression: 1
  block_align: 0
2022/02/11-15:49:24.517994 7fe45ba6f340        Options.write_buffer_size: 67108864
2022/02/11-15:49:24.517995 7fe45ba6f340  Options.max_write_buffer_number: 2
2022/02/11-15:49:24.517995 7fe45ba6f340          Options.compression: Snappy
2022/02/11-15:49:24.517996 7fe45ba6f340                  Options.bottommost_compression: Disabled
2022/02/11-15:49:24.517996 7fe45ba6f340       Options.prefix_extractor: nullptr
2022/02/11-15:49:24.517997 7fe45ba6f340   Options.memtable_insert_with_hint_prefix_extractor: nullptr
2022/02/11-15:49:24.517997 7fe45ba6f340             Options.num_levels: 7
2022/02/11-15:49:24.517997 7fe45ba6f340        Options.min_write_buffer_number_to_merge: 1
2022/02/11-15:49:24.517998 7fe45ba6f340     Options.max_write_buffer_number_to_maintain: 0
2022/02/11-15:49:24.517998 7fe45ba6f340     Options.max_write_buffer_size_to_maintain: 0
2022/02/11-15:49:24.517999 7fe45ba6f340            Options.bottommost_compression_opts.window_bits: -14
2022/02/11-15:49:24.517999 7fe45ba6f340                  Options.bottommost_compression_opts.level: 32767
2022/02/11-15:49:24.518000 7fe45ba6f340               Options.bottommost_compression_opts.strategy: 0
2022/02/11-15:49:24.518004 7fe45ba6f340         Options.bottommost_compression_opts.max_dict_bytes: 0
2022/02/11-15:49:24.518005 7fe45ba6f340         Options.bottommost_compression_opts.zstd_max_train_bytes: 0
2022/02/11-15:49:24.518005 7fe45ba6f340         Options.bottommost_compression_opts.parallel_threads: 1
2022/02/11-15:49:24.518006 7fe45ba6f340                  Options.bottommost_compression_opts.enabled: false
2022/02/11-15:49:24.518006 7fe45ba6f340         Options.bottommost_compression_opts.max_dict_buffer_bytes: 0
2022/02/11-15:49:24.518007 7fe45ba6f340            Options.compression_opts.window_bits: -14
2022/02/11-15:49:24.518007 7fe45ba6f340                  Options.compression_opts.level: 32767
2022/02/11-15:49:24.518008 7fe45ba6f340               Options.compression_opts.strategy: 0
2022/02/11-15:49:24.518008 7fe45ba6f340         Options.compression_opts.max_dict_bytes: 0
2022/02/11-15:49:24.518009 7fe45ba6f340         Options.compression_opts.zstd_max_train_bytes: 0
2022/02/11-15:49:24.518009 7fe45ba6f340         Options.compression_opts.parallel_threads: 1
2022/02/11-15:49:24.518010 7fe45ba6f340                  Options.compression_opts.enabled: false
2022/02/11-15:49:24.518010 7fe45ba6f340         Options.compression_opts.max_dict_buffer_bytes: 0
2022/02/11-15:49:24.518011 7fe45ba6f340      Options.level0_file_num_compaction_trigger: 4
2022/02/11-15:49:24.518011 7fe45ba6f340          Options.level0_slowdown_writes_trigger: 20
2022/02/11-15:49:24.518011 7fe45ba6f340              Options.level0_stop_writes_trigger: 36
2022/02/11-15:49:24.518012 7fe45ba6f340                   Options.target_file_size_base: 67108864
2022/02/11-15:49:24.518012 7fe45ba6f340             Options.target_file_size_multiplier: 1
2022/02/11-15:49:24.518013 7fe45ba6f340                Options.max_bytes_for_level_base: 268435456
2022/02/11-15:49:24.518013 7fe45ba6f340 Options.level_compaction_dynamic_level_bytes: 0
2022/02/11-15:49:24.518014 7fe45ba6f340          Options.max_bytes_for_level_multiplier: 10.000000
2022/02/11-15:49:24.518015 7fe45ba6f340 Options.max_bytes_for_level_multiplier_addtl[0]: 1
2022/02/11-15:49:24.518015 7fe45ba6f340 Options.max_bytes_for_level_multiplier_addtl[1]: 1
2022/02/11-15:49:24.518016 7fe45ba6f340 Options.max_bytes_for_level_multiplier_addtl[2]: 1
2022/02/11-15:49:24.518017 7fe45ba6f340 Options.max_bytes_for_level_multiplier_addtl[3]: 1
2022/02/11-15:49:24.518017 7fe45ba6f340 Options.max_bytes_for_level_multiplier_addtl[4]: 1
2022/02/11-15:49:24.518017 7fe45ba6f340 Options.max_bytes_for_level_multiplier_addtl[5]: 1
2022/02/11-15:49:24.518018 7fe45ba6f340 Options.max_bytes_for_level_multiplier_addtl[6]: 1
2022/02/11-15:49:24.518018 7fe45ba6f340       Options.max_sequential_skip_in_iterations: 8
2022/02/11-15:49:24.518019 7fe45ba6f340                    Options.max_compaction_bytes: 1677721600
2022/02/11-15:49:24.518019 7fe45ba6f340                        Options.arena_block_size: 8388608
2022/02/11-15:49:24.518020 7fe45ba6f340   Options.soft_pending_compaction_bytes_limit: 68719476736
2022/02/11-15:49:24.518020 7fe45ba6f340   Options.hard_pending_compaction_bytes_limit: 274877906944
2022/02/11-15:49:24.518021 7fe45ba6f340       Options.rate_limit_delay_max_milliseconds: 100
2022/02/11-15:49:24.518021 7fe45ba6f340                Options.disable_auto_compactions: 0
2022/02/11-15:49:24.518022 7fe45ba6f340                        Options.compaction_style: kCompactionStyleLevel
2022/02/11-15:49:24.518023 7fe45ba6f340                          Options.compaction_pri: kMinOverlappingRatio
2022/02/11-15:49:24.518023 7fe45ba6f340 Options.compaction_options_universal.size_ratio: 1
2022/02/11-15:49:24.518024 7fe45ba6f340 Options.compaction_options_universal.min_merge_width: 2
2022/02/11-15:49:24.518024 7fe45ba6f340 Options.compaction_options_universal.max_merge_width: 4294967295
2022/02/11-15:49:24.518025 7fe45ba6f340 Options.compaction_options_universal.max_size_amplification_percent: 200
2022/02/11-15:49:24.518025 7fe45ba6f340 Options.compaction_options_universal.compression_size_percent: -1
2022/02/11-15:49:24.518031 7fe45ba6f340 Options.compaction_options_universal.stop_style: kCompactionStopStyleTotalSize
2022/02/11-15:49:24.518031 7fe45ba6f340 Options.compaction_options_fifo.max_table_files_size: 1073741824
2022/02/11-15:49:24.518032 7fe45ba6f340 Options.compaction_options_fifo.allow_compaction: 0
2022/02/11-15:49:24.518037 7fe45ba6f340                   Options.table_properties_collectors: 
2022/02/11-15:49:24.518038 7fe45ba6f340                   Options.inplace_update_support: 0
2022/02/11-15:49:24.518038 7fe45ba6f340                 Options.inplace_update_num_locks: 10000
2022/02/11-15:49:24.518039 7fe45ba6f340               Options.memtable_prefix_bloom_size_ratio: 0.000000
2022/02/11-15:49:24.518040 7fe45ba6f340               Options.memtable_whole_key_filtering: 0
2022/02/11-15:49:24.518040 7fe45ba6f340   Options.memtable_huge_page_size: 0
2022/02/11-15:49:24.518041 7fe45ba6f340                           Options.bloom_locality: 0
2022/02/11-15:49:24.518041 7fe45ba6f340                    Options.max_successive_merges: 0
2022/02/11-15:49:24.518041 7fe45ba6f340                Options.optimize_filters_for_hits: 0
2022/02/11-15:49:24.518042 7fe45ba6f340                Options.paranoid_file_checks: 0
2022/02/11-15:49:24.518042 7fe45ba6f340                Options.force_consistency_checks: 1
2022/02/11-15:49:24.518043 7fe45ba6f340                Options.report_bg_io_stats: 0
2022/02/11-15:49:24.518043 7fe45ba6f340                               Options.ttl: 2592000
2022/02/11-15:49:24.518044 7fe45ba6f340          Options.periodic_compaction_seconds: 0
2022/02/11-15:49:24.518044 7fe45ba6f340                    Options.enable_blob_files: false
2022/02/11-15:49:24.518045 7fe45ba6f340                        Options.min_blob_size: 0
2022/02/11-15:49:24.518045 7fe45ba6f340                       Options.blob_file_size: 268435456
2022/02/11-15:49:24.518046 7fe45ba6f340                Options.blob_compression_type: NoCompression
2022/02/11-15:49:24.518046 7fe45ba6f340       Options.enable_blob_garbage_collection: false
2022/02/11-15:49:24.518047 7fe45ba6f340   Options.blob_garbage_collection_age_cutoff: 0.250000
2022/02/11-15:49:24.518068 7fe45ba6f340 [db/column_family.cc:596] --------------- Options for column family [pending_orders]:
2022/02/11-15:49:24.518069 7fe45ba6f340               Options.comparator: leveldb.BytewiseComparator
2022/02/11-15:49:24.518070 7fe45ba6f340           Options.merge_operator: None
2022/02/11-15:49:24.518070 7fe45ba6f340        Options.compaction_filter: None
2022/02/11-15:49:24.518070 7fe45ba6f340        Options.compaction_filter_factory: None
2022/02/11-15:49:24.518071 7fe45ba6f340  Options.sst_partitioner_factory: None
2022/02/11-15:49:24.518071 7fe45ba6f340         Options.memtable_factory: SkipListFactory
2022/02/11-15:49:24.518072 7fe45ba6f340            Options.table_factory: BlockBasedTable
2022/02/11-15:49:24.518080 7fe45ba6f340            table_factory options:   flush_block_policy_factory: FlushBlockBySizePolicyFactory (0x559ea47e2e70)
  cache_index_and_filter_blocks: 0
  cache_index_and_filter_blocks_with_high_priority: 1
  pin_l0_filter_and_index_blocks_in_cache: 0
  pin_top_level_index_and_filter: 1
  index_type: 0
  data_block_index_type: 0
  index_shortening: 1
  data_block_hash_table_util_ratio: 0.750000
  hash_index_allow_collision: 1
  checksum: 1
  no_block_cache: 0
  block_cache: 0x559ea4851130
  block_cache_name: LRUCache
  block_cache_options:
    capacity : 8388608
    num_shard_bits : 4
    strict_capacity_limit : 0
    memory_allocator : None
    high_pri_pool_ratio: 0.000
  block_cache_compressed: (nil)
  persistent_cache: (nil)
  block_size: 4096
  block_size_deviation: 10
  block_restart_interval: 16
  index_block_restart_interval: 1
  metadata_block_size: 4096
  partition_filters: 0
  use_delta_encoding: 1
  filter_policy: nullptr
  whole_key_filtering: 1
  verify_compression: 0
  read_amp_bytes_per_bit: 0
  format_version: 5
  enable_index_compression: 1
  block_align: 0
2022/02/11-15:49:24.518081 7fe45ba6f340        Options.write_buffer_size: 67108864
2022/02/11-15:49:24.518085 7fe45ba6f340  Options.max_write_buffer_number: 2
2022/02/11-15:49:24.518085 7fe45ba6f340          Options.compression: Snappy
2022/02/11-15:49:24.518086 7fe45ba6f340                  Options.bottommost_compression: Disabled
2022/02/11-15:49:24.518086 7fe45ba6f340       Options.prefix_extractor: nullptr
2022/02/11-15:49:24.518087 7fe45ba6f340   Options.memtable_insert_with_hint_prefix_extractor: nullptr
2022/02/11-15:49:24.518087 7fe45ba6f340             Options.num_levels: 7
2022/02/11-15:49:24.518088 7fe45ba6f340        Options.min_write_buffer_number_to_merge: 1
2022/02/11-15:49:24.518088 7fe45ba6f340     Options.max_write_buffer_number_to_maintain: 0
2022/02/11-15:49:24.518089 7fe45ba6f340     Options.max_write_buffer_size_to_maintain: 0
2022/02/11-15:49:24.518089 7fe45ba6f340            Options.bottommost_compression_opts.window_bits: -14
2022/02/11-15:49:24.518090 7fe45ba6f340                  Options.bottommost_compression_opts.level: 32767
2022/02/11-15:49:24.518090 7fe45ba6f340               Options.bottommost_compression_opts.strategy: 0
2022/02/11-15:49:24.518091 7fe45ba6f340         Options.bottommost_compression_opts.max_dict_bytes: 0
2022/02/11-15:49:24.518091 7fe45ba6f340         Options.bottommost_compression_opts.zstd_max_train_bytes: 0
2022/02/11-15:49:24.518091 7fe45ba6f340         Options.bottommost_compression_opts.parallel_threads: 1
2022/02/11-15:49:24.518092 7fe45ba6f340                  Options.bottommost_compression_opts.enabled: false
2022/02/11-15:49:24.518092 7fe45ba6f340         Options.bottommost_compression_opts.max_dict_buffer_bytes: 0
2022/02/11-15:49:24.518093 7fe45ba6f340            Options.compression_opts.window_bits: -14
2022/02/11-15:49:24.518093 7fe45ba6f340                  Options.compression_opts.level: 32767
2022/02/11-15:49:24.518094 7fe45ba6f340               Options.compression_opts.strategy: 0
2022/02/11-15:49:24.518094 7fe45ba6f340         Options.compression_opts.max_dict_bytes: 0
2022/02/11-15:49:24.518095 7fe45ba6f340         Options.compression_opts.zstd_max_train_bytes: 0
2022/02/11-15:49:24.518095 7fe45ba6f340         Options.compression_opts.parallel_threads: 1
2022/02/11-15:49:24.518096 7fe45ba6f340                  Options.compression_opts.enabled: false
2022/02/11-15:49:24.518096 7fe45ba6f340         Options.compression_opts.max_dict_buffer_bytes: 0
2022/02/11-15:49:24.518096 7fe45ba6f340      Options.level0_file_num_compaction_trigger: 4
2022/02/11-15:49:24.518097 7fe45ba6f340          Options.level0_slowdown_writes_trigger: 20
2022/02/11-15:49:24.518097 7fe45ba6f340              Options.level0_stop_writes_trigger: 36
2022/02/11-15:49:24.518098 7fe45ba6f340                   Options.target_file_size_base: 67108864
2022/02/11-15:49:24.518098 7fe45ba6f340             Options.target_file_size_multiplier: 1
2022/02/11-15:49:24.518099 7fe45ba6f340                Options.max_bytes_for_level_base: 268435456
2022/02/11-15:49:24.518099 7fe45ba6f340 Options.level_compaction_dynamic_level_bytes: 0
2022/02/11-15:49:24.518100 7fe45ba6f340          Options.max_bytes_for_level_multiplier: 10.000000
2022/02/11-15:49:24.518100 7fe45ba6f340 Options.max_bytes_for_level_multiplier_addtl[0]: 1
2022/02/11-15:49:24.518101 7fe45ba6f340 Options.max_bytes_for_level_multiplier_addtl[1]: 1
2022/02/11-15:49:24.518102 7fe45ba6f340 Options.max_bytes_for_level_multiplier_addtl[2]: 1
2022/02/11-15:49:24.518102 7fe45ba6f340 Options.max_bytes_for_level_multiplier_addtl[3]: 1
2022/02/11-15:49:24.518102 7fe45ba6f340 Options.max_bytes_for_level_multiplier_addtl[4]: 1
2022/02/11-15:49:24.518103 7fe45ba6f340 Options.max_bytes_for_level_multiplier_addtl[5]: 1
2022/02/11-15:49:24.518103 7fe45ba6f340 Options.max_bytes_for_level_multiplier_addtl[6]: 1
2022/02/11-15:49:24.518104 7fe45ba6f340       Options.max_sequential_skip_in_iterations: 8
2022/02/11-15:49:24.518104 7fe45ba6f340                    Options.max_compaction_bytes: 1677721600
2022/02/11-15:49:24.518105 7fe45ba6f340                        Options.arena_block_size: 8388608
2022/02/11-15:49:24.518105 7fe45ba6f340   Options.soft_pending_compaction_bytes_limit: 68719476736
2022/02/11-15:49:24.518108 7fe45ba6f340   Options.hard_pending_compaction_bytes_limit: 274877906944
2022/02/11-15:49:24.518109 7fe45ba6f340       Options.rate_limit_delay_max_milliseconds: 100
2022/02/11-15:49:24.518109 7fe45ba6f340                Options.disable_auto_compactions: 0
2022/02/11-15:49:24.518110 7fe45ba6f340                        Options.compaction_style: kCompactionStyleLevel
2022/02/11-15:49:24.518110 7fe45ba6f340                          Options.compaction_pri: kMinOverlappingRatio
2022/02/11-15:49:24.518111 7fe45ba6f340 Options.compaction_options_universal.size_ratio: 1
2022/02/11-15:49:24.518111 7fe45ba6f340 Options.compaction_options_universal.min_merge_width: 2
2022/02/11-15:49:24.518112 7fe45ba6f340 Options.compaction_options_universal.max_merge_width: 4294967295
2022/02/11-15:49:24.518112 7fe45ba6f340 Options.compaction_options_universal.max_size_amplification_percent: 200
2022/02/11-15:49:24.518112 7fe45ba6f340 Options.compaction_options_universal.compression_size_percent: -1
2022/02/11-15:49:24.518113 7fe45ba6f340 Options.compaction_options_universal.stop_style: kCompactionStopStyleTotalSize
2022/02/11-15:49:24.518114 7fe45ba6f340 Options.compaction_options_fifo.max_table_files_size: 1073741824
2022/02/11-15:49:24.518114 7fe45ba6f340 Options.compaction_options_fifo.allow_compaction: 0
2022/02/11-15:49:24.518115 7fe45ba6f340                   Options.table_properties_collectors: 
2022/02/11-15:49:24.518116 7fe45ba6f340                   Options.inplace_update_support: 0
2022/02/11-15:49:24.518116 7fe45ba6f340                 Options.inplace_update_num_locks: 10000
2022/02/11-15:49:24.518116 7fe45ba6f340               Options.memtable_prefix_bloom_size_ratio: 0.000000
2022/02/11-15:49:24.518117 7fe45ba6f340               Options.memtable_whole_key_filtering: 0
2022/02/11-15:49:24.518117 7fe45ba6f340   Options.memtable_huge_page_size: 0
2022/02/11-15:49:24.518118 7fe45ba6f340                           Options.bloom_locality: 0
2022/02/11-15:49:24.518118 7fe45ba6f340                    Options.max_successive_merges: 0
2022/02/11-15:49:24.518119 7fe45ba6f340                Options.optimize_filters_for_hits: 0
2022/02/11-15:49:24.518119 7fe45ba6f340                Options.paranoid_file_checks: 0
2022/02/11-15:49:24.518120 7fe45ba6f340                Options.force_consistency_checks: 1
2022/02/11-15:49:24.518120 7fe45ba6f340                Options.report_bg_io_stats: 0
2022/02/11-15:49:24.518121 7fe45ba6f340                               Options.ttl: 2592000
2022/02/11-15:49:24.518121 7fe45ba6f340          Options.periodic_compaction_seconds: 0
2022/02/11-15:49:24.518122 7fe45ba6f340                    Options.enable_blob_files: false
2022/02/11-15:49:24.518122 7fe45ba6f340                        Options.min_blob_size: 0
2022/02/11-15:49:24.518122 7fe45ba6f340                       Options.blob_file_size: 268435456
2022/02/11-15:49:24.518123 7fe45ba6f340                Options.blob_compression_type: NoCompression
2022/02/11-15:49:24.518123 7fe45ba6f340       Options.enable_blob_garbage_collection: false
2022/02/11-15:49:24.518124 7fe45ba6f340   Options.blob_garbage_collection_age_cutoff: 0.250000
2022/02/11-15:49:24.518138 7fe45ba6f340 [db/column_family.cc:596] --------------- Options for column family [certificates]:
2022/02/11-15:49:24.518138 7fe45ba6f340               Options.comparator: leveldb.BytewiseComparator
2022/02/11-15:49:24.518139 7fe45ba6f340           Options.merge_operator: None
2022/02/11-15:49:24.518139 7fe45ba6f340        Options.compaction_filter: None
2022/02/11-15:49:24.518140 7fe45ba6f340        Options.compaction_filter_factory: None
2022/02/11-15:49:24.518140 7fe45ba6f340  Options.sst_partitioner_factory: None
2022/02/11-15:49:24.518141 7fe45ba6f340         Options.memtable_factory: SkipListFactory
2022/02/11-15:49:24.518141 7fe45ba6f340            Options.table_factory: BlockBasedTable
2022/02/11-15:49:24.518150 7fe45ba6f340            table_factory options:   flush_block_policy_factory: FlushBlockBySizePolicyFactory (0x559ea4750f80)
  cache_index_and_filter_blocks: 0
  cache_index_and_filter_blocks_with_high_priority: 1
  pin_l0_filter_and_index_blocks_in_cache: 0
  pin_top_level_index_and_filter: 1
  index_type: 0
  data_block_index_type: 0
  index_shortening: 1
  data_block_hash_table_util_ratio: 0.750000
  hash_index_allow_collision: 1
  checksum: 1
  no_block_cache: 0
  block_cache: 0x559ea48ab300
  block_cache_name: LRUCache
  block_cache_options:
    capacity : 8388608
    num_shard_bits : 4
    strict_capacity_limit : 0
    memory_allocator : None
    high_pri_pool_ratio: 0.000
  block_cache_compressed: (nil)
  persistent_cache: (nil)
  block_size: 4096
  block_size_deviation: 10
  block_restart_interval: 16
  index_block_restart_interval: 1
  metadata_block_size: 4096
  partition_filters: 0
  use_delta_encoding: 1
  filter_policy: nullptr
  whole_key_filtering: 1
  verify_compression: 0
  read_amp_bytes_per_bit: 0
  format_version: 5
  enable_index_compression: 1
  block_align: 0
2022/02/11-15:49:24.518154 7fe45ba6f340        Options.write_buffer_size: 67108864
2022/02/11-15:49:24.518155 7fe45ba6f340  Options.max_write_buffer_number: 2
2022/02/11-15:49:24.518155 7fe45ba6f340          Options.compression: Snappy
2022/02/11-15:49:24.518156 7fe45ba6f340                  Options.bottommost_compression: Disabled
2022/02/11-15:49:24.518156 7fe45ba6f340       Options.prefix_extractor: nullptr
2022/02/11-15:49:24.518156 7fe45ba6f340   Options.memtable_insert_with_hint_prefix_extractor: nullptr
2022/02/11-15:49:24.518157 7fe45ba6f340             Options.num_levels: 7
2022/02/11-15:49:24.518157 7fe45ba6f340        Options.min_write_buffer_number_to_merge: 1
2022/02/11-15:49:24.518158 7fe45ba6f340     Options.max_write_buffer_number_to_maintain: 0
2022/02/11-15:49:24.518158 7fe45ba6f340     Options.max_write_buffer_size_to_maintain: 0
2022/02/11-15:49:24.518159 7fe45ba6f340            Options.bottommost_compression_opts.window_bits: -14
2022/02/11-15:49:24.518159 7fe45ba6f340                  Options.bottommost_compression_opts.level: 32767
2022/02/11-15:49:24.518160 7fe45ba6f340               Options.bottommost_compression_opts.strategy: 0
2022/02/11-15:49:24.518160 7fe45ba6f340         Options.bottommost_compression_opts.max_dict_bytes: 0
2022/02/11-15:49:24.518160 7fe45ba6f340         Options.bottommost_compression_opts.zstd_max_train_bytes: 0
2022/02/11-15:49:24.518161 7fe45ba6f340         Options.bottommost_compression_opts.parallel_threads: 1
2022/02/11-15:49:24.518161 7fe45ba6f340                  Options.bottommost_compression_opts.enabled: false
2022/02/11-15:49:24.518162 7fe45ba6f340         Options.bottommost_compression_opts.max_dict_buffer_bytes: 0
2022/02/11-15:49:24.518162 7fe45ba6f340            Options.compression_opts.window_bits: -14
2022/02/11-15:49:24.518163 7fe45ba6f340                  Options.compression_opts.level: 32767
2022/02/11-15:49:24.518163 7fe45ba6f340               Options.compression_opts.strategy: 0
2022/02/11-15:49:24.518164 7fe45ba6f340         Options.compression_opts.max_dict_bytes: 0
2022/02/11-15:49:24.518164 7fe45ba6f340         Options.compression_opts.zstd_max_train_bytes: 0
2022/02/11-15:49:24.518164 7fe45ba6f340         Options.compression_opts.parallel_threads: 1
2022/02/11-15:49:24.518165 7fe45ba6f340                  Options.compression_opts.enabled: false
2022/02/11-15:49:24.518165 7fe45ba6f340         Options.compression_opts.max_dict_buffer_bytes: 0
2022/02/11-15:49:24.518166 7fe45ba6f340      Options.level0_file_num_compaction_trigger: 4
2022/02/11-15:49:24.518166 7fe45ba6f340          Options.level0_slowdown_writes_trigger: 20
2022/02/11-15:49:24.518167 7fe45ba6f340              Options.level0_stop_writes_trigger: 36
2022/02/11-15:49:24.518167 7fe45ba6f340                   Options.target_file_size_base: 67108864
2022/02/11-15:49:24.518168 7fe45ba6f340             Options.target_file_size_multiplier: 1
2022/02/11-15:49:24.518168 7fe45ba6f340                Options.max_bytes_for_level_base: 268435456
2022/02/11-15:49:24.518168 7fe45ba6f340 Options.level_compaction_dynamic_level_bytes: 0
2022/02/11-15:49:24.518172 7fe45ba6f340          Options.max_bytes_for_level_multiplier: 10.000000
2022/02/11-15:49:24.518173 7fe45ba6f340 Options.max_bytes_for_level_multiplier_addtl[0]: 1
2022/02/11-15:49:24.518173 7fe45ba6f340 Options.max_bytes_for_level_multiplier_addtl[1]: 1
2022/02/11-15:49:24.518174 7fe45ba6f340 Options.max_bytes_for_level_multiplier_addtl[2]: 1
2022/02/11-15:49:24.518174 7fe45ba6f340 Options.max_bytes_for_level_multiplier_addtl[3]: 1
2022/02/11-15:49:24.518175 7fe45ba6f340 Options.max_bytes_for_level_multiplier_addtl[4]: 1
2022/02/11-15:49:24.518175 7fe45ba6f340 Options.max_bytes_for_level_multiplier_addtl[5]: 1
2022/02/11-15:49:24.518176 7fe45ba6f340 Options.max_bytes_for_level_multiplier_addtl[6]: 1
2022/02/11-15:49:24.518176 7fe45ba6f340       Options.max_sequential_skip_in_iterations: 8
2022/02/11-15:49:24.518177 7fe45ba6f340                    Options.max_compaction_bytes: 1677721600
2022/02/11-15:49:24.518177 7fe45ba6f340                        Options.arena_block_size: 8388608
2022/02/11-15:49:24.518178 7fe45ba6f340   Options.soft_pending_compaction_bytes_limit: 68719476736
2022/02/11-15:49:24.518178 7fe45ba6f340   Options.hard_pending_compaction_bytes_limit: 274877906944
2022/02/11-15:49:24.518178 7fe45ba6f340       Options.rate_limit_delay_max_milliseconds: 100
2022/02/11-15:49:24.518179 7fe45ba6f340                Options.disable_auto_compactions: 0
2022/02/11-15:49:24.518179 7fe45ba6f340                        Options.compaction_style: kCompactionStyleLevel
2022/02/11-15:49:24.518180 7fe45ba6f340                          Options.compaction_pri: kMinOverlappingRatio
2022/02/11-15:49:24.518180 7fe45ba6f340 Options.compaction_options_universal.size_ratio: 1
2022/02/11-15:49:24.518181 7fe45ba6f340 Options.compaction_options_universal.min_merge_width: 2
2022/02/11-15:49:24.518181 7fe45ba6f340 Options.compaction_options_universal.max_merge_width: 4294967295
2022/02/11-15:49:24.518182 7fe45ba6f340 Options.compaction_options_universal.max_size_amplification_percent: 200
2022/02/11-15:49:24.518182 7fe45ba6f340 Options.compaction_options_universal.compression_size_percent: -1
2022/02/11-15:49:24.518183 7fe45ba6f340 Options.compaction_options_universal.stop_style: kCompactionStopStyleTotalSize
2022/02/11-15:49:24.518183 7fe45ba6f340 Options.compaction_options_fifo.max_table_files_size: 1073741824
2022/02/11-15:49:24.518184 7fe45ba6f340 Options.compaction_options_fifo.allow_compaction: 0
2022/02/11-15:49:24.518185 7fe45ba6f340                   Options.table_properties_collectors: 
2022/02/11-15:49:24.518185 7fe45ba6f340                   Options.inplace_update_support: 0
2022/02/11-15:49:24.518186 7fe45ba6f340                 Options.inplace_update_num_locks: 10000
2022/02/11-15:49:24.518186 7fe45ba6f340               Options.memtable_prefix_bloom_size_ratio: 0.000000
2022/02/11-15:49:24.518187 7fe45ba6f340               Options.memtable_whole_key_filtering: 0
2022/02/11-15:49:24.518187 7fe45ba6f340   Options.memtable_huge_page_size: 0
2022/02/11-15:49:24.518187 7fe45ba6f340                           Options.bloom_locality: 0
2022/02/11-15:49:24.518188 7fe45ba6f340                    Options.max_successive_merges: 0
2022/02/11-15:49:24.518188 7fe45ba6f340                Options.optimize_filters_for_hits: 0
2022/02/11-15:49:24.518189 7fe45ba6f340                Options.paranoid_file_checks: 0
2022/02/11-15:49:24.518189 7fe45ba6f340                Options.force_consistency_checks: 1
2022/02/11-15:49:24.518190 7fe45ba6f340                Options.report_bg_io_stats: 0
2022/02/11-15:49:24.518190 7fe45ba6f340                               Options.ttl: 2592000
2022/02/11-15:49:24.518191 7fe45ba6f340          Options.periodic_compaction_seconds: 0
2022/02/11-15:49:24.518191 7fe45ba6f340                    Options.enable_blob_files: false
2022/02/11-15:49:24.518192 7fe45ba6f340                        Options.min_blob_size: 0
2022/02/11-15:49:24.518192 7fe45ba6f340                       Options.blob_file_size: 268435456
2022/02/11-15:49:24.518192 7fe45ba6f340                Options.blob_compression_type: NoCompression
2022/02/11-15:49:24.518195 7fe45ba6f340       Options.enable_blob_garbage_collection: false
2022/02/11-15:49:24.518196 7fe45ba6f340   Options.blob_garbage_collection_age_cutoff: 0.250000
2022/02/11-15:49:24.518213 7fe45ba6f340 [db/column_family.cc:596] --------------- Options for column family [object_certs]:
2022/02/11-15:49:24.518214 7fe45ba6f340               Options.comparator: leveldb.BytewiseComparator
2022/02/11-15:49:24.518214 7fe45ba6f340           Options.merge_operator: None
2022/02/11-15:49:24.518215 7fe45ba6f340        Options.compaction_filter: None
2022/02/11-15:49:24.518215 7fe45ba6f340        Options.compaction_filter_factory: None
2022/02/11-15:49:24.518216 7fe45ba6f340  Options.sst_partitioner_factory: None
2022/02/11-15:49:24.518216 7fe45ba6f340         Options.memtable_factory: SkipListFactory
2022/02/11-15:49:24.518217 7fe45ba6f340            Options.table_factory: BlockBasedTable
2022/02/11-15:49:24.518225 7fe45ba6f340            table_factory options:   flush_block_policy_factory: FlushBlockBySizePolicyFactory (0x559ea483cc60)
  cache_index_and_filter_blocks: 0
  cache_index_and_filter_blocks_with_high_priority: 1
  pin_l0_filter_and_index_blocks_in_cache: 0
  pin_top_level_index_and_filter: 1
  index_type: 0
  data_block_index_type: 0
  index_shortening: 1
  data_block_hash_table_util_ratio: 0.750000
  hash_index_allow_collision: 1
  checksum: 1
  no_block_cache: 0
  block_cache: 0x559ea4853a70
  block_cache_name: LRUCache
  block_cache_options:
    capacity : 8388608
    num_shard_bits : 4
    strict_capacity_limit : 0
    memory_allocator : None
    high_pri_pool_ratio: 0.000
  block_cache_compressed: (nil)
  persistent_cache: (nil)
  block_size: 4096
  block_size_deviation: 10
  block_restart_interval: 16
  index_block_restart_interval: 1
  metadata_block_size: 4096
  partition_filters: 0
  use_delta_encoding: 1
  filter_policy: nullptr
  whole_key_filtering: 1
  verify_compression: 0
  read_amp_bytes_per_bit: 0
  format_version: 5
  enable_index_compression: 1
  block_align: 0
2022/02/11-15:49:24.518225 7fe45ba6f340        Options.write_buffer_size: 67108864
2022/02/11-15:49:24.518226 7fe45ba6f340  Options.max_write_buffer_number: 2
2022/02/11-15:49:24.518226 7fe45ba6f340          Options.compression: Snappy
2022/02/11-15:49:24.518227 7fe45ba6f340                  Options.bottommost_compression: Disabled
2022/02/11-15:49:24.518227 7fe45ba6f340       Options.prefix_extractor: nullptr
2022/02/11-15:49:24.518228 7fe45ba6f340   Options.memtable_insert_with_hint_prefix_extractor: nullptr
2022/02/11-15:49:24.518228 7fe45ba6f340             Options.num_levels: 7
2022/02/11-15:49:24.518228 7fe45ba6f340        Options.min_write_buffer_number_to_merge: 1
2022/02/11-15:49:24.518229 7fe45ba6f340     Options.max_write_buffer_number_to_maintain: 0
2022/02/11-15:49:24.518229 7fe45ba6f340     Options.max_write_buffer_size_to_maintain: 0
2022/02/11-15:49:24.518230 7fe45ba6f340            Options.bottommost_compression_opts.window_bits: -14
