2022/02/11-15:32:40.594944 7f40ee4f4340 RocksDB version: 6.20.3
2022/02/11-15:32:40.594956 7f40ee4f4340 Git sha 8608d75d85f8e1b3b64b73a4fb6d19baec61ba5c
2022/02/11-15:32:40.594957 7f40ee4f4340 Compile date 2021-05-05 20:35:30
2022/02/11-15:32:40.594981 7f40ee4f4340 DB SUMMARY
2022/02/11-15:32:40.594982 7f40ee4f4340 DB Session ID:  09KHCFH8O243Y9DY6I1O
2022/02/11-15:32:40.594996 7f40ee4f4340 CURRENT file:  CURRENT
2022/02/11-15:32:40.594997 7f40ee4f4340 IDENTITY file:  IDENTITY
2022/02/11-15:32:40.594999 7f40ee4f4340 MANIFEST file:  MANIFEST-000095 size: 1951 Bytes
2022/02/11-15:32:40.595000 7f40ee4f4340 SST files in ./client_db/k#dc952b9e29d3756545eadb133c07bf01656e4ef2783459c19a71b1cece4bdce2 dir, Total Num: 4, files: 000044.sst 000060.sst 000076.sst 000092.sst 
2022/02/11-15:32:40.595000 7f40ee4f4340 Write Ahead Log file in ./client_db/k#dc952b9e29d3756545eadb133c07bf01656e4ef2783459c19a71b1cece4bdce2: 000096.log size: 1640 ; 
2022/02/11-15:32:40.595002 7f40ee4f4340                         Options.error_if_exists: 0
2022/02/11-15:32:40.595002 7f40ee4f4340                       Options.create_if_missing: 1
2022/02/11-15:32:40.595003 7f40ee4f4340                         Options.paranoid_checks: 1
2022/02/11-15:32:40.595003 7f40ee4f4340                               Options.track_and_verify_wals_in_manifest: 0
2022/02/11-15:32:40.595004 7f40ee4f4340                                     Options.env: 0x56248e2e0420
2022/02/11-15:32:40.595005 7f40ee4f4340                                      Options.fs: Posix File System
2022/02/11-15:32:40.595006 7f40ee4f4340                                Options.info_log: 0x56248e711ce0
2022/02/11-15:32:40.595006 7f40ee4f4340                Options.max_file_opening_threads: 16
2022/02/11-15:32:40.595007 7f40ee4f4340                              Options.statistics: (nil)
2022/02/11-15:32:40.595008 7f40ee4f4340                               Options.use_fsync: 0
2022/02/11-15:32:40.595008 7f40ee4f4340                       Options.max_log_file_size: 0
2022/02/11-15:32:40.595009 7f40ee4f4340                  Options.max_manifest_file_size: 1073741824
2022/02/11-15:32:40.595010 7f40ee4f4340                   Options.log_file_time_to_roll: 0
2022/02/11-15:32:40.595010 7f40ee4f4340                       Options.keep_log_file_num: 1000
2022/02/11-15:32:40.595011 7f40ee4f4340                    Options.recycle_log_file_num: 0
2022/02/11-15:32:40.595011 7f40ee4f4340                         Options.allow_fallocate: 1
2022/02/11-15:32:40.595012 7f40ee4f4340                        Options.allow_mmap_reads: 0
2022/02/11-15:32:40.595012 7f40ee4f4340                       Options.allow_mmap_writes: 0
2022/02/11-15:32:40.595013 7f40ee4f4340                        Options.use_direct_reads: 0
2022/02/11-15:32:40.595013 7f40ee4f4340                        Options.use_direct_io_for_flush_and_compaction: 0
2022/02/11-15:32:40.595014 7f40ee4f4340          Options.create_missing_column_families: 1
2022/02/11-15:32:40.595014 7f40ee4f4340                              Options.db_log_dir: 
2022/02/11-15:32:40.595015 7f40ee4f4340                                 Options.wal_dir: ./client_db/k#dc952b9e29d3756545eadb133c07bf01656e4ef2783459c19a71b1cece4bdce2
2022/02/11-15:32:40.595015 7f40ee4f4340                Options.table_cache_numshardbits: 6
2022/02/11-15:32:40.595016 7f40ee4f4340                         Options.WAL_ttl_seconds: 0
2022/02/11-15:32:40.595016 7f40ee4f4340                       Options.WAL_size_limit_MB: 0
2022/02/11-15:32:40.595017 7f40ee4f4340                        Options.max_write_batch_group_size_bytes: 1048576
2022/02/11-15:32:40.595017 7f40ee4f4340             Options.manifest_preallocation_size: 4194304
2022/02/11-15:32:40.595018 7f40ee4f4340                     Options.is_fd_close_on_exec: 1
2022/02/11-15:32:40.595018 7f40ee4f4340                   Options.advise_random_on_open: 1
2022/02/11-15:32:40.595019 7f40ee4f4340                    Options.db_write_buffer_size: 0
2022/02/11-15:32:40.595019 7f40ee4f4340                    Options.write_buffer_manager: 0x56248e6c43e0
2022/02/11-15:32:40.595020 7f40ee4f4340         Options.access_hint_on_compaction_start: 1
2022/02/11-15:32:40.595025 7f40ee4f4340  Options.new_table_reader_for_compaction_inputs: 0
2022/02/11-15:32:40.595026 7f40ee4f4340           Options.random_access_max_buffer_size: 1048576
2022/02/11-15:32:40.595026 7f40ee4f4340                      Options.use_adaptive_mutex: 0
2022/02/11-15:32:40.595027 7f40ee4f4340                            Options.rate_limiter: (nil)
2022/02/11-15:32:40.595028 7f40ee4f4340     Options.sst_file_manager.rate_bytes_per_sec: 0
2022/02/11-15:32:40.595028 7f40ee4f4340                       Options.wal_recovery_mode: 2
2022/02/11-15:32:40.595029 7f40ee4f4340                  Options.enable_thread_tracking: 0
2022/02/11-15:32:40.595029 7f40ee4f4340                  Options.enable_pipelined_write: 0
2022/02/11-15:32:40.595030 7f40ee4f4340                  Options.unordered_write: 0
2022/02/11-15:32:40.595030 7f40ee4f4340         Options.allow_concurrent_memtable_write: 1
2022/02/11-15:32:40.595031 7f40ee4f4340      Options.enable_write_thread_adaptive_yield: 1
2022/02/11-15:32:40.595031 7f40ee4f4340             Options.write_thread_max_yield_usec: 100
2022/02/11-15:32:40.595032 7f40ee4f4340            Options.write_thread_slow_yield_usec: 3
2022/02/11-15:32:40.595032 7f40ee4f4340                               Options.row_cache: None
2022/02/11-15:32:40.595033 7f40ee4f4340                              Options.wal_filter: None
2022/02/11-15:32:40.595033 7f40ee4f4340             Options.avoid_flush_during_recovery: 0
2022/02/11-15:32:40.595034 7f40ee4f4340             Options.allow_ingest_behind: 0
2022/02/11-15:32:40.595034 7f40ee4f4340             Options.preserve_deletes: 0
2022/02/11-15:32:40.595035 7f40ee4f4340             Options.two_write_queues: 0
2022/02/11-15:32:40.595035 7f40ee4f4340             Options.manual_wal_flush: 0
2022/02/11-15:32:40.595036 7f40ee4f4340             Options.atomic_flush: 0
2022/02/11-15:32:40.595036 7f40ee4f4340             Options.avoid_unnecessary_blocking_io: 0
2022/02/11-15:32:40.595037 7f40ee4f4340                 Options.persist_stats_to_disk: 0
2022/02/11-15:32:40.595037 7f40ee4f4340                 Options.write_dbid_to_manifest: 0
2022/02/11-15:32:40.595038 7f40ee4f4340                 Options.log_readahead_size: 0
2022/02/11-15:32:40.595038 7f40ee4f4340                 Options.file_checksum_gen_factory: Unknown
2022/02/11-15:32:40.595039 7f40ee4f4340                 Options.best_efforts_recovery: 0
2022/02/11-15:32:40.595039 7f40ee4f4340                Options.max_bgerror_resume_count: 2147483647
2022/02/11-15:32:40.595040 7f40ee4f4340            Options.bgerror_resume_retry_interval: 1000000
2022/02/11-15:32:40.595041 7f40ee4f4340             Options.allow_data_in_errors: 0
2022/02/11-15:32:40.595041 7f40ee4f4340             Options.db_host_id: __hostname__
2022/02/11-15:32:40.595042 7f40ee4f4340             Options.max_background_jobs: 2
2022/02/11-15:32:40.595042 7f40ee4f4340             Options.max_background_compactions: -1
2022/02/11-15:32:40.595043 7f40ee4f4340             Options.max_subcompactions: 1
2022/02/11-15:32:40.595043 7f40ee4f4340             Options.avoid_flush_during_shutdown: 0
2022/02/11-15:32:40.595044 7f40ee4f4340           Options.writable_file_max_buffer_size: 1048576
2022/02/11-15:32:40.595044 7f40ee4f4340             Options.delayed_write_rate : 16777216
2022/02/11-15:32:40.595045 7f40ee4f4340             Options.max_total_wal_size: 0
2022/02/11-15:32:40.595045 7f40ee4f4340             Options.delete_obsolete_files_period_micros: 21600000000
2022/02/11-15:32:40.595046 7f40ee4f4340                   Options.stats_dump_period_sec: 600
2022/02/11-15:32:40.595047 7f40ee4f4340                 Options.stats_persist_period_sec: 600
2022/02/11-15:32:40.595047 7f40ee4f4340                 Options.stats_history_buffer_size: 1048576
2022/02/11-15:32:40.595048 7f40ee4f4340                          Options.max_open_files: -1
2022/02/11-15:32:40.595048 7f40ee4f4340                          Options.bytes_per_sync: 0
2022/02/11-15:32:40.595049 7f40ee4f4340                      Options.wal_bytes_per_sync: 0
2022/02/11-15:32:40.595049 7f40ee4f4340                   Options.strict_bytes_per_sync: 0
2022/02/11-15:32:40.595053 7f40ee4f4340       Options.compaction_readahead_size: 0
2022/02/11-15:32:40.595054 7f40ee4f4340                  Options.max_background_flushes: -1
2022/02/11-15:32:40.595055 7f40ee4f4340 Compression algorithms supported:
2022/02/11-15:32:40.595055 7f40ee4f4340 	kZSTDNotFinalCompression supported: 1
2022/02/11-15:32:40.595056 7f40ee4f4340 	kZSTD supported: 1
2022/02/11-15:32:40.595057 7f40ee4f4340 	kXpressCompression supported: 0
2022/02/11-15:32:40.595057 7f40ee4f4340 	kLZ4HCCompression supported: 1
2022/02/11-15:32:40.595058 7f40ee4f4340 	kLZ4Compression supported: 1
2022/02/11-15:32:40.595059 7f40ee4f4340 	kBZip2Compression supported: 1
2022/02/11-15:32:40.595059 7f40ee4f4340 	kZlibCompression supported: 1
2022/02/11-15:32:40.595060 7f40ee4f4340 	kSnappyCompression supported: 1
2022/02/11-15:32:40.595061 7f40ee4f4340 Fast CRC32 supported: Not supported on x86
2022/02/11-15:32:40.595082 7f40ee4f4340 [db/version_set.cc:4626] Recovering from manifest file: ./client_db/k#dc952b9e29d3756545eadb133c07bf01656e4ef2783459c19a71b1cece4bdce2/MANIFEST-000095
2022/02/11-15:32:40.595145 7f40ee4f4340 [db/column_family.cc:596] --------------- Options for column family [default]:
2022/02/11-15:32:40.595147 7f40ee4f4340               Options.comparator: leveldb.BytewiseComparator
2022/02/11-15:32:40.595147 7f40ee4f4340           Options.merge_operator: None
2022/02/11-15:32:40.595148 7f40ee4f4340        Options.compaction_filter: None
2022/02/11-15:32:40.595148 7f40ee4f4340        Options.compaction_filter_factory: None
2022/02/11-15:32:40.595149 7f40ee4f4340  Options.sst_partitioner_factory: None
2022/02/11-15:32:40.595149 7f40ee4f4340         Options.memtable_factory: SkipListFactory
2022/02/11-15:32:40.595150 7f40ee4f4340            Options.table_factory: BlockBasedTable
2022/02/11-15:32:40.595164 7f40ee4f4340            table_factory options:   flush_block_policy_factory: FlushBlockBySizePolicyFactory (0x56248e71fdc0)
  cache_index_and_filter_blocks: 0
  cache_index_and_filter_blocks_with_high_priority: 1
  pin_l0_filter_and_index_blocks_in_cache: 0
  pin_top_level_index_and_filter: 1
  index_type: 0
  data_block_index_type: 0
  index_shortening: 1
  data_block_hash_table_util_ratio: 0.750000
  hash_index_allow_collision: 1
  checksum: 1
  no_block_cache: 0
  block_cache: 0x56248e6b2c70
  block_cache_name: LRUCache
  block_cache_options:
    capacity : 8388608
    num_shard_bits : 4
    strict_capacity_limit : 0
    memory_allocator : None
    high_pri_pool_ratio: 0.000
  block_cache_compressed: (nil)
  persistent_cache: (nil)
  block_size: 4096
  block_size_deviation: 10
  block_restart_interval: 16
  index_block_restart_interval: 1
  metadata_block_size: 4096
  partition_filters: 0
  use_delta_encoding: 1
  filter_policy: nullptr
  whole_key_filtering: 1
  verify_compression: 0
  read_amp_bytes_per_bit: 0
  format_version: 5
  enable_index_compression: 1
  block_align: 0
2022/02/11-15:32:40.595165 7f40ee4f4340        Options.write_buffer_size: 67108864
2022/02/11-15:32:40.595165 7f40ee4f4340  Options.max_write_buffer_number: 2
2022/02/11-15:32:40.595166 7f40ee4f4340          Options.compression: Snappy
2022/02/11-15:32:40.595167 7f40ee4f4340                  Options.bottommost_compression: Disabled
2022/02/11-15:32:40.595167 7f40ee4f4340       Options.prefix_extractor: nullptr
2022/02/11-15:32:40.595168 7f40ee4f4340   Options.memtable_insert_with_hint_prefix_extractor: nullptr
2022/02/11-15:32:40.595168 7f40ee4f4340             Options.num_levels: 7
2022/02/11-15:32:40.595169 7f40ee4f4340        Options.min_write_buffer_number_to_merge: 1
2022/02/11-15:32:40.595169 7f40ee4f4340     Options.max_write_buffer_number_to_maintain: 0
2022/02/11-15:32:40.595170 7f40ee4f4340     Options.max_write_buffer_size_to_maintain: 0
2022/02/11-15:32:40.595170 7f40ee4f4340            Options.bottommost_compression_opts.window_bits: -14
2022/02/11-15:32:40.595171 7f40ee4f4340                  Options.bottommost_compression_opts.level: 32767
2022/02/11-15:32:40.595171 7f40ee4f4340               Options.bottommost_compression_opts.strategy: 0
2022/02/11-15:32:40.595176 7f40ee4f4340         Options.bottommost_compression_opts.max_dict_bytes: 0
2022/02/11-15:32:40.595177 7f40ee4f4340         Options.bottommost_compression_opts.zstd_max_train_bytes: 0
2022/02/11-15:32:40.595177 7f40ee4f4340         Options.bottommost_compression_opts.parallel_threads: 1
2022/02/11-15:32:40.595178 7f40ee4f4340                  Options.bottommost_compression_opts.enabled: false
2022/02/11-15:32:40.595178 7f40ee4f4340         Options.bottommost_compression_opts.max_dict_buffer_bytes: 0
2022/02/11-15:32:40.595179 7f40ee4f4340            Options.compression_opts.window_bits: -14
2022/02/11-15:32:40.595179 7f40ee4f4340                  Options.compression_opts.level: 32767
2022/02/11-15:32:40.595180 7f40ee4f4340               Options.compression_opts.strategy: 0
2022/02/11-15:32:40.595180 7f40ee4f4340         Options.compression_opts.max_dict_bytes: 0
2022/02/11-15:32:40.595181 7f40ee4f4340         Options.compression_opts.zstd_max_train_bytes: 0
2022/02/11-15:32:40.595181 7f40ee4f4340         Options.compression_opts.parallel_threads: 1
2022/02/11-15:32:40.595182 7f40ee4f4340                  Options.compression_opts.enabled: false
2022/02/11-15:32:40.595182 7f40ee4f4340         Options.compression_opts.max_dict_buffer_bytes: 0
2022/02/11-15:32:40.595183 7f40ee4f4340      Options.level0_file_num_compaction_trigger: 4
2022/02/11-15:32:40.595183 7f40ee4f4340          Options.level0_slowdown_writes_trigger: 20
2022/02/11-15:32:40.595184 7f40ee4f4340              Options.level0_stop_writes_trigger: 36
2022/02/11-15:32:40.595184 7f40ee4f4340                   Options.target_file_size_base: 67108864
2022/02/11-15:32:40.595185 7f40ee4f4340             Options.target_file_size_multiplier: 1
2022/02/11-15:32:40.595185 7f40ee4f4340                Options.max_bytes_for_level_base: 268435456
2022/02/11-15:32:40.595186 7f40ee4f4340 Options.level_compaction_dynamic_level_bytes: 0
2022/02/11-15:32:40.595186 7f40ee4f4340          Options.max_bytes_for_level_multiplier: 10.000000
2022/02/11-15:32:40.595188 7f40ee4f4340 Options.max_bytes_for_level_multiplier_addtl[0]: 1
2022/02/11-15:32:40.595188 7f40ee4f4340 Options.max_bytes_for_level_multiplier_addtl[1]: 1
2022/02/11-15:32:40.595189 7f40ee4f4340 Options.max_bytes_for_level_multiplier_addtl[2]: 1
2022/02/11-15:32:40.595189 7f40ee4f4340 Options.max_bytes_for_level_multiplier_addtl[3]: 1
2022/02/11-15:32:40.595190 7f40ee4f4340 Options.max_bytes_for_level_multiplier_addtl[4]: 1
2022/02/11-15:32:40.595190 7f40ee4f4340 Options.max_bytes_for_level_multiplier_addtl[5]: 1
2022/02/11-15:32:40.595191 7f40ee4f4340 Options.max_bytes_for_level_multiplier_addtl[6]: 1
2022/02/11-15:32:40.595191 7f40ee4f4340       Options.max_sequential_skip_in_iterations: 8
2022/02/11-15:32:40.595192 7f40ee4f4340                    Options.max_compaction_bytes: 1677721600
2022/02/11-15:32:40.595192 7f40ee4f4340                        Options.arena_block_size: 8388608
2022/02/11-15:32:40.595193 7f40ee4f4340   Options.soft_pending_compaction_bytes_limit: 68719476736
2022/02/11-15:32:40.595193 7f40ee4f4340   Options.hard_pending_compaction_bytes_limit: 274877906944
2022/02/11-15:32:40.595194 7f40ee4f4340       Options.rate_limit_delay_max_milliseconds: 100
2022/02/11-15:32:40.595194 7f40ee4f4340                Options.disable_auto_compactions: 0
2022/02/11-15:32:40.595195 7f40ee4f4340                        Options.compaction_style: kCompactionStyleLevel
2022/02/11-15:32:40.595196 7f40ee4f4340                          Options.compaction_pri: kMinOverlappingRatio
2022/02/11-15:32:40.595197 7f40ee4f4340 Options.compaction_options_universal.size_ratio: 1
2022/02/11-15:32:40.595197 7f40ee4f4340 Options.compaction_options_universal.min_merge_width: 2
2022/02/11-15:32:40.595198 7f40ee4f4340 Options.compaction_options_universal.max_merge_width: 4294967295
2022/02/11-15:32:40.595198 7f40ee4f4340 Options.compaction_options_universal.max_size_amplification_percent: 200
2022/02/11-15:32:40.595199 7f40ee4f4340 Options.compaction_options_universal.compression_size_percent: -1
2022/02/11-15:32:40.595202 7f40ee4f4340 Options.compaction_options_universal.stop_style: kCompactionStopStyleTotalSize
2022/02/11-15:32:40.595203 7f40ee4f4340 Options.compaction_options_fifo.max_table_files_size: 1073741824
2022/02/11-15:32:40.595204 7f40ee4f4340 Options.compaction_options_fifo.allow_compaction: 0
2022/02/11-15:32:40.595210 7f40ee4f4340                   Options.table_properties_collectors: 
2022/02/11-15:32:40.595211 7f40ee4f4340                   Options.inplace_update_support: 0
2022/02/11-15:32:40.595211 7f40ee4f4340                 Options.inplace_update_num_locks: 10000
2022/02/11-15:32:40.595212 7f40ee4f4340               Options.memtable_prefix_bloom_size_ratio: 0.000000
2022/02/11-15:32:40.595213 7f40ee4f4340               Options.memtable_whole_key_filtering: 0
2022/02/11-15:32:40.595213 7f40ee4f4340   Options.memtable_huge_page_size: 0
2022/02/11-15:32:40.595214 7f40ee4f4340                           Options.bloom_locality: 0
2022/02/11-15:32:40.595214 7f40ee4f4340                    Options.max_successive_merges: 0
2022/02/11-15:32:40.595215 7f40ee4f4340                Options.optimize_filters_for_hits: 0
2022/02/11-15:32:40.595215 7f40ee4f4340                Options.paranoid_file_checks: 0
2022/02/11-15:32:40.595216 7f40ee4f4340                Options.force_consistency_checks: 1
2022/02/11-15:32:40.595216 7f40ee4f4340                Options.report_bg_io_stats: 0
2022/02/11-15:32:40.595217 7f40ee4f4340                               Options.ttl: 2592000
2022/02/11-15:32:40.595217 7f40ee4f4340          Options.periodic_compaction_seconds: 0
2022/02/11-15:32:40.595218 7f40ee4f4340                    Options.enable_blob_files: false
2022/02/11-15:32:40.595218 7f40ee4f4340                        Options.min_blob_size: 0
2022/02/11-15:32:40.595219 7f40ee4f4340                       Options.blob_file_size: 268435456
2022/02/11-15:32:40.595219 7f40ee4f4340                Options.blob_compression_type: NoCompression
2022/02/11-15:32:40.595220 7f40ee4f4340       Options.enable_blob_garbage_collection: false
2022/02/11-15:32:40.595220 7f40ee4f4340   Options.blob_garbage_collection_age_cutoff: 0.250000
2022/02/11-15:32:40.595247 7f40ee4f4340 [db/column_family.cc:596] --------------- Options for column family [pending_orders]:
2022/02/11-15:32:40.595247 7f40ee4f4340               Options.comparator: leveldb.BytewiseComparator
2022/02/11-15:32:40.595248 7f40ee4f4340           Options.merge_operator: None
2022/02/11-15:32:40.595248 7f40ee4f4340        Options.compaction_filter: None
2022/02/11-15:32:40.595249 7f40ee4f4340        Options.compaction_filter_factory: None
2022/02/11-15:32:40.595249 7f40ee4f4340  Options.sst_partitioner_factory: None
2022/02/11-15:32:40.595250 7f40ee4f4340         Options.memtable_factory: SkipListFactory
2022/02/11-15:32:40.595250 7f40ee4f4340            Options.table_factory: BlockBasedTable
2022/02/11-15:32:40.595262 7f40ee4f4340            table_factory options:   flush_block_policy_factory: FlushBlockBySizePolicyFactory (0x56248e72b2d0)
  cache_index_and_filter_blocks: 0
  cache_index_and_filter_blocks_with_high_priority: 1
  pin_l0_filter_and_index_blocks_in_cache: 0
  pin_top_level_index_and_filter: 1
  index_type: 0
  data_block_index_type: 0
  index_shortening: 1
  data_block_hash_table_util_ratio: 0.750000
  hash_index_allow_collision: 1
  checksum: 1
  no_block_cache: 0
  block_cache: 0x56248e5b2af0
  block_cache_name: LRUCache
  block_cache_options:
    capacity : 8388608
    num_shard_bits : 4
    strict_capacity_limit : 0
    memory_allocator : None
    high_pri_pool_ratio: 0.000
  block_cache_compressed: (nil)
  persistent_cache: (nil)
  block_size: 4096
  block_size_deviation: 10
  block_restart_interval: 16
  index_block_restart_interval: 1
  metadata_block_size: 4096
  partition_filters: 0
  use_delta_encoding: 1
  filter_policy: nullptr
  whole_key_filtering: 1
  verify_compression: 0
  read_amp_bytes_per_bit: 0
  format_version: 5
  enable_index_compression: 1
  block_align: 0
2022/02/11-15:32:40.595263 7f40ee4f4340        Options.write_buffer_size: 67108864
2022/02/11-15:32:40.595267 7f40ee4f4340  Options.max_write_buffer_number: 2
2022/02/11-15:32:40.595267 7f40ee4f4340          Options.compression: Snappy
2022/02/11-15:32:40.595268 7f40ee4f4340                  Options.bottommost_compression: Disabled
2022/02/11-15:32:40.595268 7f40ee4f4340       Options.prefix_extractor: nullptr
2022/02/11-15:32:40.595269 7f40ee4f4340   Options.memtable_insert_with_hint_prefix_extractor: nullptr
2022/02/11-15:32:40.595269 7f40ee4f4340             Options.num_levels: 7
2022/02/11-15:32:40.595270 7f40ee4f4340        Options.min_write_buffer_number_to_merge: 1
2022/02/11-15:32:40.595270 7f40ee4f4340     Options.max_write_buffer_number_to_maintain: 0
2022/02/11-15:32:40.595271 7f40ee4f4340     Options.max_write_buffer_size_to_maintain: 0
2022/02/11-15:32:40.595271 7f40ee4f4340            Options.bottommost_compression_opts.window_bits: -14
2022/02/11-15:32:40.595272 7f40ee4f4340                  Options.bottommost_compression_opts.level: 32767
2022/02/11-15:32:40.595272 7f40ee4f4340               Options.bottommost_compression_opts.strategy: 0
2022/02/11-15:32:40.595273 7f40ee4f4340         Options.bottommost_compression_opts.max_dict_bytes: 0
2022/02/11-15:32:40.595273 7f40ee4f4340         Options.bottommost_compression_opts.zstd_max_train_bytes: 0
2022/02/11-15:32:40.595274 7f40ee4f4340         Options.bottommost_compression_opts.parallel_threads: 1
2022/02/11-15:32:40.595274 7f40ee4f4340                  Options.bottommost_compression_opts.enabled: false
2022/02/11-15:32:40.595275 7f40ee4f4340         Options.bottommost_compression_opts.max_dict_buffer_bytes: 0
2022/02/11-15:32:40.595275 7f40ee4f4340            Options.compression_opts.window_bits: -14
2022/02/11-15:32:40.595276 7f40ee4f4340                  Options.compression_opts.level: 32767
2022/02/11-15:32:40.595276 7f40ee4f4340               Options.compression_opts.strategy: 0
2022/02/11-15:32:40.595277 7f40ee4f4340         Options.compression_opts.max_dict_bytes: 0
2022/02/11-15:32:40.595277 7f40ee4f4340         Options.compression_opts.zstd_max_train_bytes: 0
2022/02/11-15:32:40.595278 7f40ee4f4340         Options.compression_opts.parallel_threads: 1
2022/02/11-15:32:40.595278 7f40ee4f4340                  Options.compression_opts.enabled: false
2022/02/11-15:32:40.595279 7f40ee4f4340         Options.compression_opts.max_dict_buffer_bytes: 0
2022/02/11-15:32:40.595279 7f40ee4f4340      Options.level0_file_num_compaction_trigger: 4
2022/02/11-15:32:40.595280 7f40ee4f4340          Options.level0_slowdown_writes_trigger: 20
2022/02/11-15:32:40.595280 7f40ee4f4340              Options.level0_stop_writes_trigger: 36
2022/02/11-15:32:40.595281 7f40ee4f4340                   Options.target_file_size_base: 67108864
2022/02/11-15:32:40.595281 7f40ee4f4340             Options.target_file_size_multiplier: 1
2022/02/11-15:32:40.595282 7f40ee4f4340                Options.max_bytes_for_level_base: 268435456
2022/02/11-15:32:40.595282 7f40ee4f4340 Options.level_compaction_dynamic_level_bytes: 0
2022/02/11-15:32:40.595283 7f40ee4f4340          Options.max_bytes_for_level_multiplier: 10.000000
2022/02/11-15:32:40.595283 7f40ee4f4340 Options.max_bytes_for_level_multiplier_addtl[0]: 1
2022/02/11-15:32:40.595284 7f40ee4f4340 Options.max_bytes_for_level_multiplier_addtl[1]: 1
2022/02/11-15:32:40.595285 7f40ee4f4340 Options.max_bytes_for_level_multiplier_addtl[2]: 1
2022/02/11-15:32:40.595285 7f40ee4f4340 Options.max_bytes_for_level_multiplier_addtl[3]: 1
2022/02/11-15:32:40.595286 7f40ee4f4340 Options.max_bytes_for_level_multiplier_addtl[4]: 1
2022/02/11-15:32:40.595286 7f40ee4f4340 Options.max_bytes_for_level_multiplier_addtl[5]: 1
2022/02/11-15:32:40.595286 7f40ee4f4340 Options.max_bytes_for_level_multiplier_addtl[6]: 1
2022/02/11-15:32:40.595287 7f40ee4f4340       Options.max_sequential_skip_in_iterations: 8
2022/02/11-15:32:40.595287 7f40ee4f4340                    Options.max_compaction_bytes: 1677721600
2022/02/11-15:32:40.595288 7f40ee4f4340                        Options.arena_block_size: 8388608
2022/02/11-15:32:40.595291 7f40ee4f4340   Options.soft_pending_compaction_bytes_limit: 68719476736
2022/02/11-15:32:40.595292 7f40ee4f4340   Options.hard_pending_compaction_bytes_limit: 274877906944
2022/02/11-15:32:40.595292 7f40ee4f4340       Options.rate_limit_delay_max_milliseconds: 100
2022/02/11-15:32:40.595293 7f40ee4f4340                Options.disable_auto_compactions: 0
2022/02/11-15:32:40.595293 7f40ee4f4340                        Options.compaction_style: kCompactionStyleLevel
2022/02/11-15:32:40.595294 7f40ee4f4340                          Options.compaction_pri: kMinOverlappingRatio
2022/02/11-15:32:40.595294 7f40ee4f4340 Options.compaction_options_universal.size_ratio: 1
2022/02/11-15:32:40.595295 7f40ee4f4340 Options.compaction_options_universal.min_merge_width: 2
2022/02/11-15:32:40.595295 7f40ee4f4340 Options.compaction_options_universal.max_merge_width: 4294967295
2022/02/11-15:32:40.595296 7f40ee4f4340 Options.compaction_options_universal.max_size_amplification_percent: 200
2022/02/11-15:32:40.595296 7f40ee4f4340 Options.compaction_options_universal.compression_size_percent: -1
2022/02/11-15:32:40.595297 7f40ee4f4340 Options.compaction_options_universal.stop_style: kCompactionStopStyleTotalSize
2022/02/11-15:32:40.595298 7f40ee4f4340 Options.compaction_options_fifo.max_table_files_size: 1073741824
2022/02/11-15:32:40.595298 7f40ee4f4340 Options.compaction_options_fifo.allow_compaction: 0
2022/02/11-15:32:40.595299 7f40ee4f4340                   Options.table_properties_collectors: 
2022/02/11-15:32:40.595300 7f40ee4f4340                   Options.inplace_update_support: 0
2022/02/11-15:32:40.595300 7f40ee4f4340                 Options.inplace_update_num_locks: 10000
2022/02/11-15:32:40.595301 7f40ee4f4340               Options.memtable_prefix_bloom_size_ratio: 0.000000
2022/02/11-15:32:40.595301 7f40ee4f4340               Options.memtable_whole_key_filtering: 0
2022/02/11-15:32:40.595302 7f40ee4f4340   Options.memtable_huge_page_size: 0
2022/02/11-15:32:40.595302 7f40ee4f4340                           Options.bloom_locality: 0
2022/02/11-15:32:40.595303 7f40ee4f4340                    Options.max_successive_merges: 0
2022/02/11-15:32:40.595303 7f40ee4f4340                Options.optimize_filters_for_hits: 0
2022/02/11-15:32:40.595304 7f40ee4f4340                Options.paranoid_file_checks: 0
2022/02/11-15:32:40.595304 7f40ee4f4340                Options.force_consistency_checks: 1
2022/02/11-15:32:40.595305 7f40ee4f4340                Options.report_bg_io_stats: 0
2022/02/11-15:32:40.595305 7f40ee4f4340                               Options.ttl: 2592000
2022/02/11-15:32:40.595306 7f40ee4f4340          Options.periodic_compaction_seconds: 0
2022/02/11-15:32:40.595306 7f40ee4f4340                    Options.enable_blob_files: false
2022/02/11-15:32:40.595307 7f40ee4f4340                        Options.min_blob_size: 0
2022/02/11-15:32:40.595307 7f40ee4f4340                       Options.blob_file_size: 268435456
2022/02/11-15:32:40.595308 7f40ee4f4340                Options.blob_compression_type: NoCompression
2022/02/11-15:32:40.595308 7f40ee4f4340       Options.enable_blob_garbage_collection: false
2022/02/11-15:32:40.595309 7f40ee4f4340   Options.blob_garbage_collection_age_cutoff: 0.250000
2022/02/11-15:32:40.595321 7f40ee4f4340 [db/column_family.cc:596] --------------- Options for column family [certificates]:
2022/02/11-15:32:40.595322 7f40ee4f4340               Options.comparator: leveldb.BytewiseComparator
2022/02/11-15:32:40.595322 7f40ee4f4340           Options.merge_operator: None
2022/02/11-15:32:40.595323 7f40ee4f4340        Options.compaction_filter: None
2022/02/11-15:32:40.595323 7f40ee4f4340        Options.compaction_filter_factory: None
2022/02/11-15:32:40.595324 7f40ee4f4340  Options.sst_partitioner_factory: None
2022/02/11-15:32:40.595324 7f40ee4f4340         Options.memtable_factory: SkipListFactory
2022/02/11-15:32:40.595325 7f40ee4f4340            Options.table_factory: BlockBasedTable
2022/02/11-15:32:40.595334 7f40ee4f4340            table_factory options:   flush_block_policy_factory: FlushBlockBySizePolicyFactory (0x56248e719030)
  cache_index_and_filter_blocks: 0
  cache_index_and_filter_blocks_with_high_priority: 1
  pin_l0_filter_and_index_blocks_in_cache: 0
  pin_top_level_index_and_filter: 1
  index_type: 0
  data_block_index_type: 0
  index_shortening: 1
  data_block_hash_table_util_ratio: 0.750000
  hash_index_allow_collision: 1
  checksum: 1
  no_block_cache: 0
  block_cache: 0x56248e6e44f0
  block_cache_name: LRUCache
  block_cache_options:
    capacity : 8388608
    num_shard_bits : 4
    strict_capacity_limit : 0
    memory_allocator : None
    high_pri_pool_ratio: 0.000
  block_cache_compressed: (nil)
  persistent_cache: (nil)
  block_size: 4096
  block_size_deviation: 10
  block_restart_interval: 16
  index_block_restart_interval: 1
  metadata_block_size: 4096
  partition_filters: 0
  use_delta_encoding: 1
  filter_policy: nullptr
  whole_key_filtering: 1
  verify_compression: 0
  read_amp_bytes_per_bit: 0
  format_version: 5
  enable_index_compression: 1
  block_align: 0
2022/02/11-15:32:40.595338 7f40ee4f4340        Options.write_buffer_size: 67108864
2022/02/11-15:32:40.595339 7f40ee4f4340  Options.max_write_buffer_number: 2
2022/02/11-15:32:40.595340 7f40ee4f4340          Options.compression: Snappy
2022/02/11-15:32:40.595340 7f40ee4f4340                  Options.bottommost_compression: Disabled
2022/02/11-15:32:40.595340 7f40ee4f4340       Options.prefix_extractor: nullptr
2022/02/11-15:32:40.595341 7f40ee4f4340   Options.memtable_insert_with_hint_prefix_extractor: nullptr
2022/02/11-15:32:40.595341 7f40ee4f4340             Options.num_levels: 7
2022/02/11-15:32:40.595342 7f40ee4f4340        Options.min_write_buffer_number_to_merge: 1
2022/02/11-15:32:40.595342 7f40ee4f4340     Options.max_write_buffer_number_to_maintain: 0
2022/02/11-15:32:40.595343 7f40ee4f4340     Options.max_write_buffer_size_to_maintain: 0
2022/02/11-15:32:40.595343 7f40ee4f4340            Options.bottommost_compression_opts.window_bits: -14
2022/02/11-15:32:40.595344 7f40ee4f4340                  Options.bottommost_compression_opts.level: 32767
2022/02/11-15:32:40.595344 7f40ee4f4340               Options.bottommost_compression_opts.strategy: 0
2022/02/11-15:32:40.595345 7f40ee4f4340         Options.bottommost_compression_opts.max_dict_bytes: 0
2022/02/11-15:32:40.595345 7f40ee4f4340         Options.bottommost_compression_opts.zstd_max_train_bytes: 0
2022/02/11-15:32:40.595346 7f40ee4f4340         Options.bottommost_compression_opts.parallel_threads: 1
2022/02/11-15:32:40.595346 7f40ee4f4340                  Options.bottommost_compression_opts.enabled: false
2022/02/11-15:32:40.595347 7f40ee4f4340         Options.bottommost_compression_opts.max_dict_buffer_bytes: 0
2022/02/11-15:32:40.595347 7f40ee4f4340            Options.compression_opts.window_bits: -14
2022/02/11-15:32:40.595348 7f40ee4f4340                  Options.compression_opts.level: 32767
2022/02/11-15:32:40.595348 7f40ee4f4340               Options.compression_opts.strategy: 0
2022/02/11-15:32:40.595349 7f40ee4f4340         Options.compression_opts.max_dict_bytes: 0
2022/02/11-15:32:40.595349 7f40ee4f4340         Options.compression_opts.zstd_max_train_bytes: 0
2022/02/11-15:32:40.595350 7f40ee4f4340         Options.compression_opts.parallel_threads: 1
2022/02/11-15:32:40.595350 7f40ee4f4340                  Options.compression_opts.enabled: false
2022/02/11-15:32:40.595351 7f40ee4f4340         Options.compression_opts.max_dict_buffer_bytes: 0
2022/02/11-15:32:40.595351 7f40ee4f4340      Options.level0_file_num_compaction_trigger: 4
2022/02/11-15:32:40.595352 7f40ee4f4340          Options.level0_slowdown_writes_trigger: 20
2022/02/11-15:32:40.595352 7f40ee4f4340              Options.level0_stop_writes_trigger: 36
2022/02/11-15:32:40.595353 7f40ee4f4340                   Options.target_file_size_base: 67108864
2022/02/11-15:32:40.595353 7f40ee4f4340             Options.target_file_size_multiplier: 1
2022/02/11-15:32:40.595354 7f40ee4f4340                Options.max_bytes_for_level_base: 268435456
2022/02/11-15:32:40.595354 7f40ee4f4340 Options.level_compaction_dynamic_level_bytes: 0
2022/02/11-15:32:40.595357 7f40ee4f4340          Options.max_bytes_for_level_multiplier: 10.000000
2022/02/11-15:32:40.595358 7f40ee4f4340 Options.max_bytes_for_level_multiplier_addtl[0]: 1
2022/02/11-15:32:40.595358 7f40ee4f4340 Options.max_bytes_for_level_multiplier_addtl[1]: 1
2022/02/11-15:32:40.595359 7f40ee4f4340 Options.max_bytes_for_level_multiplier_addtl[2]: 1
2022/02/11-15:32:40.595359 7f40ee4f4340 Options.max_bytes_for_level_multiplier_addtl[3]: 1
2022/02/11-15:32:40.595360 7f40ee4f4340 Options.max_bytes_for_level_multiplier_addtl[4]: 1
2022/02/11-15:32:40.595360 7f40ee4f4340 Options.max_bytes_for_level_multiplier_addtl[5]: 1
2022/02/11-15:32:40.595361 7f40ee4f4340 Options.max_bytes_for_level_multiplier_addtl[6]: 1
2022/02/11-15:32:40.595361 7f40ee4f4340       Options.max_sequential_skip_in_iterations: 8
2022/02/11-15:32:40.595362 7f40ee4f4340                    Options.max_compaction_bytes: 1677721600
2022/02/11-15:32:40.595362 7f40ee4f4340                        Options.arena_block_size: 8388608
2022/02/11-15:32:40.595363 7f40ee4f4340   Options.soft_pending_compaction_bytes_limit: 68719476736
2022/02/11-15:32:40.595364 7f40ee4f4340   Options.hard_pending_compaction_bytes_limit: 274877906944
2022/02/11-15:32:40.595364 7f40ee4f4340       Options.rate_limit_delay_max_milliseconds: 100
2022/02/11-15:32:40.595365 7f40ee4f4340                Options.disable_auto_compactions: 0
2022/02/11-15:32:40.595365 7f40ee4f4340                        Options.compaction_style: kCompactionStyleLevel
2022/02/11-15:32:40.595366 7f40ee4f4340                          Options.compaction_pri: kMinOverlappingRatio
2022/02/11-15:32:40.595366 7f40ee4f4340 Options.compaction_options_universal.size_ratio: 1
2022/02/11-15:32:40.595367 7f40ee4f4340 Options.compaction_options_universal.min_merge_width: 2
2022/02/11-15:32:40.595367 7f40ee4f4340 Options.compaction_options_universal.max_merge_width: 4294967295
2022/02/11-15:32:40.595368 7f40ee4f4340 Options.compaction_options_universal.max_size_amplification_percent: 200
2022/02/11-15:32:40.595368 7f40ee4f4340 Options.compaction_options_universal.compression_size_percent: -1
2022/02/11-15:32:40.595369 7f40ee4f4340 Options.compaction_options_universal.stop_style: kCompactionStopStyleTotalSize
2022/02/11-15:32:40.595369 7f40ee4f4340 Options.compaction_options_fifo.max_table_files_size: 1073741824
2022/02/11-15:32:40.595370 7f40ee4f4340 Options.compaction_options_fifo.allow_compaction: 0
2022/02/11-15:32:40.595371 7f40ee4f4340                   Options.table_properties_collectors: 
2022/02/11-15:32:40.595371 7f40ee4f4340                   Options.inplace_update_support: 0
2022/02/11-15:32:40.595372 7f40ee4f4340                 Options.inplace_update_num_locks: 10000
2022/02/11-15:32:40.595372 7f40ee4f4340               Options.memtable_prefix_bloom_size_ratio: 0.000000
2022/02/11-15:32:40.595373 7f40ee4f4340               Options.memtable_whole_key_filtering: 0
2022/02/11-15:32:40.595373 7f40ee4f4340   Options.memtable_huge_page_size: 0
2022/02/11-15:32:40.595374 7f40ee4f4340                           Options.bloom_locality: 0
2022/02/11-15:32:40.595374 7f40ee4f4340                    Options.max_successive_merges: 0
2022/02/11-15:32:40.595375 7f40ee4f4340                Options.optimize_filters_for_hits: 0
2022/02/11-15:32:40.595375 7f40ee4f4340                Options.paranoid_file_checks: 0
2022/02/11-15:32:40.595376 7f40ee4f4340                Options.force_consistency_checks: 1
2022/02/11-15:32:40.595376 7f40ee4f4340                Options.report_bg_io_stats: 0
2022/02/11-15:32:40.595377 7f40ee4f4340                               Options.ttl: 2592000
2022/02/11-15:32:40.595378 7f40ee4f4340          Options.periodic_compaction_seconds: 0
2022/02/11-15:32:40.595378 7f40ee4f4340                    Options.enable_blob_files: false
2022/02/11-15:32:40.595379 7f40ee4f4340                        Options.min_blob_size: 0
2022/02/11-15:32:40.595379 7f40ee4f4340                       Options.blob_file_size: 268435456
2022/02/11-15:32:40.595380 7f40ee4f4340                Options.blob_compression_type: NoCompression
2022/02/11-15:32:40.595382 7f40ee4f4340       Options.enable_blob_garbage_collection: false
2022/02/11-15:32:40.595383 7f40ee4f4340   Options.blob_garbage_collection_age_cutoff: 0.250000
2022/02/11-15:32:40.595402 7f40ee4f4340 [db/column_family.cc:596] --------------- Options for column family [object_certs]:
2022/02/11-15:32:40.595403 7f40ee4f4340               Options.comparator: leveldb.BytewiseComparator
2022/02/11-15:32:40.595403 7f40ee4f4340           Options.merge_operator: None
2022/02/11-15:32:40.595404 7f40ee4f4340        Options.compaction_filter: None
2022/02/11-15:32:40.595404 7f40ee4f4340        Options.compaction_filter_factory: None
2022/02/11-15:32:40.595405 7f40ee4f4340  Options.sst_partitioner_factory: None
2022/02/11-15:32:40.595405 7f40ee4f4340         Options.memtable_factory: SkipListFactory
2022/02/11-15:32:40.595406 7f40ee4f4340            Options.table_factory: BlockBasedTable
2022/02/11-15:32:40.595414 7f40ee4f4340            table_factory options:   flush_block_policy_factory: FlushBlockBySizePolicyFactory (0x56248e6e6ad0)
  cache_index_and_filter_blocks: 0
  cache_index_and_filter_blocks_with_high_priority: 1
  pin_l0_filter_and_index_blocks_in_cache: 0
  pin_top_level_index_and_filter: 1
  index_type: 0
  data_block_index_type: 0
  index_shortening: 1
  data_block_hash_table_util_ratio: 0.750000
  hash_index_allow_collision: 1
  checksum: 1
  no_block_cache: 0
  block_cache: 0x56248e69a1e0
  block_cache_name: LRUCache
  block_cache_options:
    capacity : 8388608
    num_shard_bits : 4
    strict_capacity_limit : 0
    memory_allocator : None
    high_pri_pool_ratio: 0.000
  block_cache_compressed: (nil)
  persistent_cache: (nil)
  block_size: 4096
  block_size_deviation: 10
  block_restart_interval: 16
  index_block_restart_interval: 1
  metadata_block_size: 4096
  partition_filters: 0
  use_delta_encoding: 1
  filter_policy: nullptr
  whole_key_filtering: 1
  verify_compression: 0
  read_amp_bytes_per_bit: 0
  format_version: 5
  enable_index_compression: 1
  block_align: 0
2022/02/11-15:32:40.595415 7f40ee4f4340        Options.write_buffer_size: 67108864
2022/02/11-15:32:40.595415 7f40ee4f4340  Options.max_write_buffer_number: 2
2022/02/11-15:32:40.595416 7f40ee4f4340          Options.compression: Snappy
2022/02/11-15:32:40.595416 7f40ee4f4340                  Options.bottommost_compression: Disabled
2022/02/11-15:32:40.595417 7f40ee4f4340       Options.prefix_extractor: nullptr
2022/02/11-15:32:40.595417 7f40ee4f4340   Options.memtable_insert_with_hint_prefix_extractor: nullptr
2022/02/11-15:32:40.595418 7f40ee4f4340             Options.num_levels: 7
2022/02/11-15:32:40.595418 7f40ee4f4340        Options.min_write_buffer_number_to_merge: 1
2022/02/11-15:32:40.595419 7f40ee4f4340     Options.max_write_buffer_number_to_maintain: 0
2022/02/11-15:32:40.595419 7f40ee4f4340     Options.max_write_buffer_size_to_maintain: 0
