2022/02/11-15:32:39.873966 7feacc4dd340 RocksDB version: 6.20.3
2022/02/11-15:32:39.873976 7feacc4dd340 Git sha 8608d75d85f8e1b3b64b73a4fb6d19baec61ba5c
2022/02/11-15:32:39.873977 7feacc4dd340 Compile date 2021-05-05 20:35:30
2022/02/11-15:32:39.874000 7feacc4dd340 DB SUMMARY
2022/02/11-15:32:39.874001 7feacc4dd340 DB Session ID:  PG7QRF5DMKXAUCN4YKNI
2022/02/11-15:32:39.874016 7feacc4dd340 CURRENT file:  CURRENT
2022/02/11-15:32:39.874017 7feacc4dd340 IDENTITY file:  IDENTITY
2022/02/11-15:32:39.874018 7feacc4dd340 MANIFEST file:  MANIFEST-000079 size: 1288 Bytes
2022/02/11-15:32:39.874019 7feacc4dd340 SST files in ./client_db/k#dc952b9e29d3756545eadb133c07bf01656e4ef2783459c19a71b1cece4bdce2 dir, Total Num: 3, files: 000044.sst 000060.sst 000076.sst 
2022/02/11-15:32:39.874020 7feacc4dd340 Write Ahead Log file in ./client_db/k#dc952b9e29d3756545eadb133c07bf01656e4ef2783459c19a71b1cece4bdce2: 000080.log size: 1640 ; 
2022/02/11-15:32:39.874021 7feacc4dd340                         Options.error_if_exists: 0
2022/02/11-15:32:39.874022 7feacc4dd340                       Options.create_if_missing: 1
2022/02/11-15:32:39.874022 7feacc4dd340                         Options.paranoid_checks: 1
2022/02/11-15:32:39.874022 7feacc4dd340                               Options.track_and_verify_wals_in_manifest: 0
2022/02/11-15:32:39.874023 7feacc4dd340                                     Options.env: 0x5639e2dfa420
2022/02/11-15:32:39.874024 7feacc4dd340                                      Options.fs: Posix File System
2022/02/11-15:32:39.874024 7feacc4dd340                                Options.info_log: 0x5639e37d5400
2022/02/11-15:32:39.874025 7feacc4dd340                Options.max_file_opening_threads: 16
2022/02/11-15:32:39.874025 7feacc4dd340                              Options.statistics: (nil)
2022/02/11-15:32:39.874026 7feacc4dd340                               Options.use_fsync: 0
2022/02/11-15:32:39.874027 7feacc4dd340                       Options.max_log_file_size: 0
2022/02/11-15:32:39.874027 7feacc4dd340                  Options.max_manifest_file_size: 1073741824
2022/02/11-15:32:39.874028 7feacc4dd340                   Options.log_file_time_to_roll: 0
2022/02/11-15:32:39.874028 7feacc4dd340                       Options.keep_log_file_num: 1000
2022/02/11-15:32:39.874028 7feacc4dd340                    Options.recycle_log_file_num: 0
2022/02/11-15:32:39.874029 7feacc4dd340                         Options.allow_fallocate: 1
2022/02/11-15:32:39.874029 7feacc4dd340                        Options.allow_mmap_reads: 0
2022/02/11-15:32:39.874030 7feacc4dd340                       Options.allow_mmap_writes: 0
2022/02/11-15:32:39.874030 7feacc4dd340                        Options.use_direct_reads: 0
2022/02/11-15:32:39.874031 7feacc4dd340                        Options.use_direct_io_for_flush_and_compaction: 0
2022/02/11-15:32:39.874031 7feacc4dd340          Options.create_missing_column_families: 1
2022/02/11-15:32:39.874032 7feacc4dd340                              Options.db_log_dir: 
2022/02/11-15:32:39.874032 7feacc4dd340                                 Options.wal_dir: ./client_db/k#dc952b9e29d3756545eadb133c07bf01656e4ef2783459c19a71b1cece4bdce2
2022/02/11-15:32:39.874032 7feacc4dd340                Options.table_cache_numshardbits: 6
2022/02/11-15:32:39.874033 7feacc4dd340                         Options.WAL_ttl_seconds: 0
2022/02/11-15:32:39.874033 7feacc4dd340                       Options.WAL_size_limit_MB: 0
2022/02/11-15:32:39.874034 7feacc4dd340                        Options.max_write_batch_group_size_bytes: 1048576
2022/02/11-15:32:39.874034 7feacc4dd340             Options.manifest_preallocation_size: 4194304
2022/02/11-15:32:39.874035 7feacc4dd340                     Options.is_fd_close_on_exec: 1
2022/02/11-15:32:39.874035 7feacc4dd340                   Options.advise_random_on_open: 1
2022/02/11-15:32:39.874036 7feacc4dd340                    Options.db_write_buffer_size: 0
2022/02/11-15:32:39.874036 7feacc4dd340                    Options.write_buffer_manager: 0x5639e37c9b20
2022/02/11-15:32:39.874037 7feacc4dd340         Options.access_hint_on_compaction_start: 1
2022/02/11-15:32:39.874037 7feacc4dd340  Options.new_table_reader_for_compaction_inputs: 0
2022/02/11-15:32:39.874042 7feacc4dd340           Options.random_access_max_buffer_size: 1048576
2022/02/11-15:32:39.874042 7feacc4dd340                      Options.use_adaptive_mutex: 0
2022/02/11-15:32:39.874043 7feacc4dd340                            Options.rate_limiter: (nil)
2022/02/11-15:32:39.874043 7feacc4dd340     Options.sst_file_manager.rate_bytes_per_sec: 0
2022/02/11-15:32:39.874044 7feacc4dd340                       Options.wal_recovery_mode: 2
2022/02/11-15:32:39.874044 7feacc4dd340                  Options.enable_thread_tracking: 0
2022/02/11-15:32:39.874045 7feacc4dd340                  Options.enable_pipelined_write: 0
2022/02/11-15:32:39.874045 7feacc4dd340                  Options.unordered_write: 0
2022/02/11-15:32:39.874046 7feacc4dd340         Options.allow_concurrent_memtable_write: 1
2022/02/11-15:32:39.874046 7feacc4dd340      Options.enable_write_thread_adaptive_yield: 1
2022/02/11-15:32:39.874046 7feacc4dd340             Options.write_thread_max_yield_usec: 100
2022/02/11-15:32:39.874047 7feacc4dd340            Options.write_thread_slow_yield_usec: 3
2022/02/11-15:32:39.874047 7feacc4dd340                               Options.row_cache: None
2022/02/11-15:32:39.874048 7feacc4dd340                              Options.wal_filter: None
2022/02/11-15:32:39.874048 7feacc4dd340             Options.avoid_flush_during_recovery: 0
2022/02/11-15:32:39.874049 7feacc4dd340             Options.allow_ingest_behind: 0
2022/02/11-15:32:39.874049 7feacc4dd340             Options.preserve_deletes: 0
2022/02/11-15:32:39.874050 7feacc4dd340             Options.two_write_queues: 0
2022/02/11-15:32:39.874050 7feacc4dd340             Options.manual_wal_flush: 0
2022/02/11-15:32:39.874050 7feacc4dd340             Options.atomic_flush: 0
2022/02/11-15:32:39.874051 7feacc4dd340             Options.avoid_unnecessary_blocking_io: 0
2022/02/11-15:32:39.874051 7feacc4dd340                 Options.persist_stats_to_disk: 0
2022/02/11-15:32:39.874052 7feacc4dd340                 Options.write_dbid_to_manifest: 0
2022/02/11-15:32:39.874052 7feacc4dd340                 Options.log_readahead_size: 0
2022/02/11-15:32:39.874053 7feacc4dd340                 Options.file_checksum_gen_factory: Unknown
2022/02/11-15:32:39.874053 7feacc4dd340                 Options.best_efforts_recovery: 0
2022/02/11-15:32:39.874054 7feacc4dd340                Options.max_bgerror_resume_count: 2147483647
2022/02/11-15:32:39.874054 7feacc4dd340            Options.bgerror_resume_retry_interval: 1000000
2022/02/11-15:32:39.874055 7feacc4dd340             Options.allow_data_in_errors: 0
2022/02/11-15:32:39.874055 7feacc4dd340             Options.db_host_id: __hostname__
2022/02/11-15:32:39.874055 7feacc4dd340             Options.max_background_jobs: 2
2022/02/11-15:32:39.874056 7feacc4dd340             Options.max_background_compactions: -1
2022/02/11-15:32:39.874056 7feacc4dd340             Options.max_subcompactions: 1
2022/02/11-15:32:39.874057 7feacc4dd340             Options.avoid_flush_during_shutdown: 0
2022/02/11-15:32:39.874057 7feacc4dd340           Options.writable_file_max_buffer_size: 1048576
2022/02/11-15:32:39.874058 7feacc4dd340             Options.delayed_write_rate : 16777216
2022/02/11-15:32:39.874058 7feacc4dd340             Options.max_total_wal_size: 0
2022/02/11-15:32:39.874059 7feacc4dd340             Options.delete_obsolete_files_period_micros: 21600000000
2022/02/11-15:32:39.874059 7feacc4dd340                   Options.stats_dump_period_sec: 600
2022/02/11-15:32:39.874060 7feacc4dd340                 Options.stats_persist_period_sec: 600
2022/02/11-15:32:39.874060 7feacc4dd340                 Options.stats_history_buffer_size: 1048576
2022/02/11-15:32:39.874061 7feacc4dd340                          Options.max_open_files: -1
2022/02/11-15:32:39.874061 7feacc4dd340                          Options.bytes_per_sync: 0
2022/02/11-15:32:39.874062 7feacc4dd340                      Options.wal_bytes_per_sync: 0
2022/02/11-15:32:39.874062 7feacc4dd340                   Options.strict_bytes_per_sync: 0
2022/02/11-15:32:39.874066 7feacc4dd340       Options.compaction_readahead_size: 0
2022/02/11-15:32:39.874066 7feacc4dd340                  Options.max_background_flushes: -1
2022/02/11-15:32:39.874067 7feacc4dd340 Compression algorithms supported:
2022/02/11-15:32:39.874068 7feacc4dd340 	kZSTDNotFinalCompression supported: 1
2022/02/11-15:32:39.874068 7feacc4dd340 	kZSTD supported: 1
2022/02/11-15:32:39.874069 7feacc4dd340 	kXpressCompression supported: 0
2022/02/11-15:32:39.874069 7feacc4dd340 	kLZ4HCCompression supported: 1
2022/02/11-15:32:39.874070 7feacc4dd340 	kLZ4Compression supported: 1
2022/02/11-15:32:39.874071 7feacc4dd340 	kBZip2Compression supported: 1
2022/02/11-15:32:39.874071 7feacc4dd340 	kZlibCompression supported: 1
2022/02/11-15:32:39.874071 7feacc4dd340 	kSnappyCompression supported: 1
2022/02/11-15:32:39.874072 7feacc4dd340 Fast CRC32 supported: Not supported on x86
2022/02/11-15:32:39.874091 7feacc4dd340 [db/version_set.cc:4626] Recovering from manifest file: ./client_db/k#dc952b9e29d3756545eadb133c07bf01656e4ef2783459c19a71b1cece4bdce2/MANIFEST-000079
2022/02/11-15:32:39.874150 7feacc4dd340 [db/column_family.cc:596] --------------- Options for column family [default]:
2022/02/11-15:32:39.874151 7feacc4dd340               Options.comparator: leveldb.BytewiseComparator
2022/02/11-15:32:39.874151 7feacc4dd340           Options.merge_operator: None
2022/02/11-15:32:39.874152 7feacc4dd340        Options.compaction_filter: None
2022/02/11-15:32:39.874152 7feacc4dd340        Options.compaction_filter_factory: None
2022/02/11-15:32:39.874153 7feacc4dd340  Options.sst_partitioner_factory: None
2022/02/11-15:32:39.874153 7feacc4dd340         Options.memtable_factory: SkipListFactory
2022/02/11-15:32:39.874154 7feacc4dd340            Options.table_factory: BlockBasedTable
2022/02/11-15:32:39.874168 7feacc4dd340            table_factory options:   flush_block_policy_factory: FlushBlockBySizePolicyFactory (0x5639e3761a70)
  cache_index_and_filter_blocks: 0
  cache_index_and_filter_blocks_with_high_priority: 1
  pin_l0_filter_and_index_blocks_in_cache: 0
  pin_top_level_index_and_filter: 1
  index_type: 0
  data_block_index_type: 0
  index_shortening: 1
  data_block_hash_table_util_ratio: 0.750000
  hash_index_allow_collision: 1
  checksum: 1
  no_block_cache: 0
  block_cache: 0x5639e3835670
  block_cache_name: LRUCache
  block_cache_options:
    capacity : 8388608
    num_shard_bits : 4
    strict_capacity_limit : 0
    memory_allocator : None
    high_pri_pool_ratio: 0.000
  block_cache_compressed: (nil)
  persistent_cache: (nil)
  block_size: 4096
  block_size_deviation: 10
  block_restart_interval: 16
  index_block_restart_interval: 1
  metadata_block_size: 4096
  partition_filters: 0
  use_delta_encoding: 1
  filter_policy: nullptr
  whole_key_filtering: 1
  verify_compression: 0
  read_amp_bytes_per_bit: 0
  format_version: 5
  enable_index_compression: 1
  block_align: 0
2022/02/11-15:32:39.874169 7feacc4dd340        Options.write_buffer_size: 67108864
2022/02/11-15:32:39.874169 7feacc4dd340  Options.max_write_buffer_number: 2
2022/02/11-15:32:39.874170 7feacc4dd340          Options.compression: Snappy
2022/02/11-15:32:39.874171 7feacc4dd340                  Options.bottommost_compression: Disabled
2022/02/11-15:32:39.874171 7feacc4dd340       Options.prefix_extractor: nullptr
2022/02/11-15:32:39.874171 7feacc4dd340   Options.memtable_insert_with_hint_prefix_extractor: nullptr
2022/02/11-15:32:39.874172 7feacc4dd340             Options.num_levels: 7
2022/02/11-15:32:39.874172 7feacc4dd340        Options.min_write_buffer_number_to_merge: 1
2022/02/11-15:32:39.874173 7feacc4dd340     Options.max_write_buffer_number_to_maintain: 0
2022/02/11-15:32:39.874173 7feacc4dd340     Options.max_write_buffer_size_to_maintain: 0
2022/02/11-15:32:39.874174 7feacc4dd340            Options.bottommost_compression_opts.window_bits: -14
2022/02/11-15:32:39.874174 7feacc4dd340                  Options.bottommost_compression_opts.level: 32767
2022/02/11-15:32:39.874175 7feacc4dd340               Options.bottommost_compression_opts.strategy: 0
2022/02/11-15:32:39.874179 7feacc4dd340         Options.bottommost_compression_opts.max_dict_bytes: 0
2022/02/11-15:32:39.874180 7feacc4dd340         Options.bottommost_compression_opts.zstd_max_train_bytes: 0
2022/02/11-15:32:39.874180 7feacc4dd340         Options.bottommost_compression_opts.parallel_threads: 1
2022/02/11-15:32:39.874181 7feacc4dd340                  Options.bottommost_compression_opts.enabled: false
2022/02/11-15:32:39.874181 7feacc4dd340         Options.bottommost_compression_opts.max_dict_buffer_bytes: 0
2022/02/11-15:32:39.874182 7feacc4dd340            Options.compression_opts.window_bits: -14
2022/02/11-15:32:39.874182 7feacc4dd340                  Options.compression_opts.level: 32767
2022/02/11-15:32:39.874182 7feacc4dd340               Options.compression_opts.strategy: 0
2022/02/11-15:32:39.874183 7feacc4dd340         Options.compression_opts.max_dict_bytes: 0
2022/02/11-15:32:39.874183 7feacc4dd340         Options.compression_opts.zstd_max_train_bytes: 0
2022/02/11-15:32:39.874184 7feacc4dd340         Options.compression_opts.parallel_threads: 1
2022/02/11-15:32:39.874184 7feacc4dd340                  Options.compression_opts.enabled: false
2022/02/11-15:32:39.874185 7feacc4dd340         Options.compression_opts.max_dict_buffer_bytes: 0
2022/02/11-15:32:39.874185 7feacc4dd340      Options.level0_file_num_compaction_trigger: 4
2022/02/11-15:32:39.874185 7feacc4dd340          Options.level0_slowdown_writes_trigger: 20
2022/02/11-15:32:39.874186 7feacc4dd340              Options.level0_stop_writes_trigger: 36
2022/02/11-15:32:39.874186 7feacc4dd340                   Options.target_file_size_base: 67108864
2022/02/11-15:32:39.874187 7feacc4dd340             Options.target_file_size_multiplier: 1
2022/02/11-15:32:39.874187 7feacc4dd340                Options.max_bytes_for_level_base: 268435456
2022/02/11-15:32:39.874188 7feacc4dd340 Options.level_compaction_dynamic_level_bytes: 0
2022/02/11-15:32:39.874188 7feacc4dd340          Options.max_bytes_for_level_multiplier: 10.000000
2022/02/11-15:32:39.874189 7feacc4dd340 Options.max_bytes_for_level_multiplier_addtl[0]: 1
2022/02/11-15:32:39.874190 7feacc4dd340 Options.max_bytes_for_level_multiplier_addtl[1]: 1
2022/02/11-15:32:39.874190 7feacc4dd340 Options.max_bytes_for_level_multiplier_addtl[2]: 1
2022/02/11-15:32:39.874191 7feacc4dd340 Options.max_bytes_for_level_multiplier_addtl[3]: 1
2022/02/11-15:32:39.874191 7feacc4dd340 Options.max_bytes_for_level_multiplier_addtl[4]: 1
2022/02/11-15:32:39.874192 7feacc4dd340 Options.max_bytes_for_level_multiplier_addtl[5]: 1
2022/02/11-15:32:39.874192 7feacc4dd340 Options.max_bytes_for_level_multiplier_addtl[6]: 1
2022/02/11-15:32:39.874193 7feacc4dd340       Options.max_sequential_skip_in_iterations: 8
2022/02/11-15:32:39.874193 7feacc4dd340                    Options.max_compaction_bytes: 1677721600
2022/02/11-15:32:39.874193 7feacc4dd340                        Options.arena_block_size: 8388608
2022/02/11-15:32:39.874194 7feacc4dd340   Options.soft_pending_compaction_bytes_limit: 68719476736
2022/02/11-15:32:39.874194 7feacc4dd340   Options.hard_pending_compaction_bytes_limit: 274877906944
2022/02/11-15:32:39.874195 7feacc4dd340       Options.rate_limit_delay_max_milliseconds: 100
2022/02/11-15:32:39.874195 7feacc4dd340                Options.disable_auto_compactions: 0
2022/02/11-15:32:39.874196 7feacc4dd340                        Options.compaction_style: kCompactionStyleLevel
2022/02/11-15:32:39.874197 7feacc4dd340                          Options.compaction_pri: kMinOverlappingRatio
2022/02/11-15:32:39.874197 7feacc4dd340 Options.compaction_options_universal.size_ratio: 1
2022/02/11-15:32:39.874198 7feacc4dd340 Options.compaction_options_universal.min_merge_width: 2
2022/02/11-15:32:39.874198 7feacc4dd340 Options.compaction_options_universal.max_merge_width: 4294967295
2022/02/11-15:32:39.874199 7feacc4dd340 Options.compaction_options_universal.max_size_amplification_percent: 200
2022/02/11-15:32:39.874199 7feacc4dd340 Options.compaction_options_universal.compression_size_percent: -1
2022/02/11-15:32:39.874203 7feacc4dd340 Options.compaction_options_universal.stop_style: kCompactionStopStyleTotalSize
2022/02/11-15:32:39.874203 7feacc4dd340 Options.compaction_options_fifo.max_table_files_size: 1073741824
2022/02/11-15:32:39.874204 7feacc4dd340 Options.compaction_options_fifo.allow_compaction: 0
2022/02/11-15:32:39.874209 7feacc4dd340                   Options.table_properties_collectors: 
2022/02/11-15:32:39.874210 7feacc4dd340                   Options.inplace_update_support: 0
2022/02/11-15:32:39.874210 7feacc4dd340                 Options.inplace_update_num_locks: 10000
2022/02/11-15:32:39.874211 7feacc4dd340               Options.memtable_prefix_bloom_size_ratio: 0.000000
2022/02/11-15:32:39.874211 7feacc4dd340               Options.memtable_whole_key_filtering: 0
2022/02/11-15:32:39.874212 7feacc4dd340   Options.memtable_huge_page_size: 0
2022/02/11-15:32:39.874212 7feacc4dd340                           Options.bloom_locality: 0
2022/02/11-15:32:39.874213 7feacc4dd340                    Options.max_successive_merges: 0
2022/02/11-15:32:39.874213 7feacc4dd340                Options.optimize_filters_for_hits: 0
2022/02/11-15:32:39.874213 7feacc4dd340                Options.paranoid_file_checks: 0
2022/02/11-15:32:39.874214 7feacc4dd340                Options.force_consistency_checks: 1
2022/02/11-15:32:39.874214 7feacc4dd340                Options.report_bg_io_stats: 0
2022/02/11-15:32:39.874215 7feacc4dd340                               Options.ttl: 2592000
2022/02/11-15:32:39.874215 7feacc4dd340          Options.periodic_compaction_seconds: 0
2022/02/11-15:32:39.874216 7feacc4dd340                    Options.enable_blob_files: false
2022/02/11-15:32:39.874216 7feacc4dd340                        Options.min_blob_size: 0
2022/02/11-15:32:39.874216 7feacc4dd340                       Options.blob_file_size: 268435456
2022/02/11-15:32:39.874217 7feacc4dd340                Options.blob_compression_type: NoCompression
2022/02/11-15:32:39.874217 7feacc4dd340       Options.enable_blob_garbage_collection: false
2022/02/11-15:32:39.874218 7feacc4dd340   Options.blob_garbage_collection_age_cutoff: 0.250000
2022/02/11-15:32:39.874237 7feacc4dd340 [db/column_family.cc:596] --------------- Options for column family [pending_orders]:
2022/02/11-15:32:39.874238 7feacc4dd340               Options.comparator: leveldb.BytewiseComparator
2022/02/11-15:32:39.874238 7feacc4dd340           Options.merge_operator: None
2022/02/11-15:32:39.874239 7feacc4dd340        Options.compaction_filter: None
2022/02/11-15:32:39.874239 7feacc4dd340        Options.compaction_filter_factory: None
2022/02/11-15:32:39.874240 7feacc4dd340  Options.sst_partitioner_factory: None
2022/02/11-15:32:39.874240 7feacc4dd340         Options.memtable_factory: SkipListFactory
2022/02/11-15:32:39.874240 7feacc4dd340            Options.table_factory: BlockBasedTable
2022/02/11-15:32:39.874251 7feacc4dd340            table_factory options:   flush_block_policy_factory: FlushBlockBySizePolicyFactory (0x5639e37b0020)
  cache_index_and_filter_blocks: 0
  cache_index_and_filter_blocks_with_high_priority: 1
  pin_l0_filter_and_index_blocks_in_cache: 0
  pin_top_level_index_and_filter: 1
  index_type: 0
  data_block_index_type: 0
  index_shortening: 1
  data_block_hash_table_util_ratio: 0.750000
  hash_index_allow_collision: 1
  checksum: 1
  no_block_cache: 0
  block_cache: 0x5639e383c440
  block_cache_name: LRUCache
  block_cache_options:
    capacity : 8388608
    num_shard_bits : 4
    strict_capacity_limit : 0
    memory_allocator : None
    high_pri_pool_ratio: 0.000
  block_cache_compressed: (nil)
  persistent_cache: (nil)
  block_size: 4096
  block_size_deviation: 10
  block_restart_interval: 16
  index_block_restart_interval: 1
  metadata_block_size: 4096
  partition_filters: 0
  use_delta_encoding: 1
  filter_policy: nullptr
  whole_key_filtering: 1
  verify_compression: 0
  read_amp_bytes_per_bit: 0
  format_version: 5
  enable_index_compression: 1
  block_align: 0
2022/02/11-15:32:39.874253 7feacc4dd340        Options.write_buffer_size: 67108864
2022/02/11-15:32:39.874256 7feacc4dd340  Options.max_write_buffer_number: 2
2022/02/11-15:32:39.874257 7feacc4dd340          Options.compression: Snappy
2022/02/11-15:32:39.874257 7feacc4dd340                  Options.bottommost_compression: Disabled
2022/02/11-15:32:39.874258 7feacc4dd340       Options.prefix_extractor: nullptr
2022/02/11-15:32:39.874258 7feacc4dd340   Options.memtable_insert_with_hint_prefix_extractor: nullptr
2022/02/11-15:32:39.874259 7feacc4dd340             Options.num_levels: 7
2022/02/11-15:32:39.874259 7feacc4dd340        Options.min_write_buffer_number_to_merge: 1
2022/02/11-15:32:39.874260 7feacc4dd340     Options.max_write_buffer_number_to_maintain: 0
2022/02/11-15:32:39.874260 7feacc4dd340     Options.max_write_buffer_size_to_maintain: 0
2022/02/11-15:32:39.874260 7feacc4dd340            Options.bottommost_compression_opts.window_bits: -14
2022/02/11-15:32:39.874261 7feacc4dd340                  Options.bottommost_compression_opts.level: 32767
2022/02/11-15:32:39.874261 7feacc4dd340               Options.bottommost_compression_opts.strategy: 0
2022/02/11-15:32:39.874262 7feacc4dd340         Options.bottommost_compression_opts.max_dict_bytes: 0
2022/02/11-15:32:39.874262 7feacc4dd340         Options.bottommost_compression_opts.zstd_max_train_bytes: 0
2022/02/11-15:32:39.874263 7feacc4dd340         Options.bottommost_compression_opts.parallel_threads: 1
2022/02/11-15:32:39.874263 7feacc4dd340                  Options.bottommost_compression_opts.enabled: false
2022/02/11-15:32:39.874263 7feacc4dd340         Options.bottommost_compression_opts.max_dict_buffer_bytes: 0
2022/02/11-15:32:39.874264 7feacc4dd340            Options.compression_opts.window_bits: -14
2022/02/11-15:32:39.874264 7feacc4dd340                  Options.compression_opts.level: 32767
2022/02/11-15:32:39.874265 7feacc4dd340               Options.compression_opts.strategy: 0
2022/02/11-15:32:39.874265 7feacc4dd340         Options.compression_opts.max_dict_bytes: 0
2022/02/11-15:32:39.874266 7feacc4dd340         Options.compression_opts.zstd_max_train_bytes: 0
2022/02/11-15:32:39.874266 7feacc4dd340         Options.compression_opts.parallel_threads: 1
2022/02/11-15:32:39.874267 7feacc4dd340                  Options.compression_opts.enabled: false
2022/02/11-15:32:39.874267 7feacc4dd340         Options.compression_opts.max_dict_buffer_bytes: 0
2022/02/11-15:32:39.874267 7feacc4dd340      Options.level0_file_num_compaction_trigger: 4
2022/02/11-15:32:39.874268 7feacc4dd340          Options.level0_slowdown_writes_trigger: 20
2022/02/11-15:32:39.874268 7feacc4dd340              Options.level0_stop_writes_trigger: 36
2022/02/11-15:32:39.874269 7feacc4dd340                   Options.target_file_size_base: 67108864
2022/02/11-15:32:39.874269 7feacc4dd340             Options.target_file_size_multiplier: 1
2022/02/11-15:32:39.874270 7feacc4dd340                Options.max_bytes_for_level_base: 268435456
2022/02/11-15:32:39.874270 7feacc4dd340 Options.level_compaction_dynamic_level_bytes: 0
2022/02/11-15:32:39.874270 7feacc4dd340          Options.max_bytes_for_level_multiplier: 10.000000
2022/02/11-15:32:39.874271 7feacc4dd340 Options.max_bytes_for_level_multiplier_addtl[0]: 1
2022/02/11-15:32:39.874272 7feacc4dd340 Options.max_bytes_for_level_multiplier_addtl[1]: 1
2022/02/11-15:32:39.874272 7feacc4dd340 Options.max_bytes_for_level_multiplier_addtl[2]: 1
2022/02/11-15:32:39.874273 7feacc4dd340 Options.max_bytes_for_level_multiplier_addtl[3]: 1
2022/02/11-15:32:39.874273 7feacc4dd340 Options.max_bytes_for_level_multiplier_addtl[4]: 1
2022/02/11-15:32:39.874274 7feacc4dd340 Options.max_bytes_for_level_multiplier_addtl[5]: 1
2022/02/11-15:32:39.874274 7feacc4dd340 Options.max_bytes_for_level_multiplier_addtl[6]: 1
2022/02/11-15:32:39.874275 7feacc4dd340       Options.max_sequential_skip_in_iterations: 8
2022/02/11-15:32:39.874275 7feacc4dd340                    Options.max_compaction_bytes: 1677721600
2022/02/11-15:32:39.874275 7feacc4dd340                        Options.arena_block_size: 8388608
2022/02/11-15:32:39.874278 7feacc4dd340   Options.soft_pending_compaction_bytes_limit: 68719476736
2022/02/11-15:32:39.874279 7feacc4dd340   Options.hard_pending_compaction_bytes_limit: 274877906944
2022/02/11-15:32:39.874279 7feacc4dd340       Options.rate_limit_delay_max_milliseconds: 100
2022/02/11-15:32:39.874280 7feacc4dd340                Options.disable_auto_compactions: 0
2022/02/11-15:32:39.874280 7feacc4dd340                        Options.compaction_style: kCompactionStyleLevel
2022/02/11-15:32:39.874281 7feacc4dd340                          Options.compaction_pri: kMinOverlappingRatio
2022/02/11-15:32:39.874281 7feacc4dd340 Options.compaction_options_universal.size_ratio: 1
2022/02/11-15:32:39.874282 7feacc4dd340 Options.compaction_options_universal.min_merge_width: 2
2022/02/11-15:32:39.874282 7feacc4dd340 Options.compaction_options_universal.max_merge_width: 4294967295
2022/02/11-15:32:39.874282 7feacc4dd340 Options.compaction_options_universal.max_size_amplification_percent: 200
2022/02/11-15:32:39.874283 7feacc4dd340 Options.compaction_options_universal.compression_size_percent: -1
2022/02/11-15:32:39.874283 7feacc4dd340 Options.compaction_options_universal.stop_style: kCompactionStopStyleTotalSize
2022/02/11-15:32:39.874284 7feacc4dd340 Options.compaction_options_fifo.max_table_files_size: 1073741824
2022/02/11-15:32:39.874284 7feacc4dd340 Options.compaction_options_fifo.allow_compaction: 0
2022/02/11-15:32:39.874285 7feacc4dd340                   Options.table_properties_collectors: 
2022/02/11-15:32:39.874286 7feacc4dd340                   Options.inplace_update_support: 0
2022/02/11-15:32:39.874286 7feacc4dd340                 Options.inplace_update_num_locks: 10000
2022/02/11-15:32:39.874287 7feacc4dd340               Options.memtable_prefix_bloom_size_ratio: 0.000000
2022/02/11-15:32:39.874287 7feacc4dd340               Options.memtable_whole_key_filtering: 0
2022/02/11-15:32:39.874288 7feacc4dd340   Options.memtable_huge_page_size: 0
2022/02/11-15:32:39.874288 7feacc4dd340                           Options.bloom_locality: 0
2022/02/11-15:32:39.874289 7feacc4dd340                    Options.max_successive_merges: 0
2022/02/11-15:32:39.874289 7feacc4dd340                Options.optimize_filters_for_hits: 0
2022/02/11-15:32:39.874290 7feacc4dd340                Options.paranoid_file_checks: 0
2022/02/11-15:32:39.874290 7feacc4dd340                Options.force_consistency_checks: 1
2022/02/11-15:32:39.874290 7feacc4dd340                Options.report_bg_io_stats: 0
2022/02/11-15:32:39.874291 7feacc4dd340                               Options.ttl: 2592000
2022/02/11-15:32:39.874291 7feacc4dd340          Options.periodic_compaction_seconds: 0
2022/02/11-15:32:39.874292 7feacc4dd340                    Options.enable_blob_files: false
2022/02/11-15:32:39.874292 7feacc4dd340                        Options.min_blob_size: 0
2022/02/11-15:32:39.874293 7feacc4dd340                       Options.blob_file_size: 268435456
2022/02/11-15:32:39.874293 7feacc4dd340                Options.blob_compression_type: NoCompression
2022/02/11-15:32:39.874294 7feacc4dd340       Options.enable_blob_garbage_collection: false
2022/02/11-15:32:39.874294 7feacc4dd340   Options.blob_garbage_collection_age_cutoff: 0.250000
2022/02/11-15:32:39.874307 7feacc4dd340 [db/column_family.cc:596] --------------- Options for column family [certificates]:
2022/02/11-15:32:39.874307 7feacc4dd340               Options.comparator: leveldb.BytewiseComparator
2022/02/11-15:32:39.874308 7feacc4dd340           Options.merge_operator: None
2022/02/11-15:32:39.874308 7feacc4dd340        Options.compaction_filter: None
2022/02/11-15:32:39.874309 7feacc4dd340        Options.compaction_filter_factory: None
2022/02/11-15:32:39.874309 7feacc4dd340  Options.sst_partitioner_factory: None
2022/02/11-15:32:39.874310 7feacc4dd340         Options.memtable_factory: SkipListFactory
2022/02/11-15:32:39.874310 7feacc4dd340            Options.table_factory: BlockBasedTable
2022/02/11-15:32:39.874319 7feacc4dd340            table_factory options:   flush_block_policy_factory: FlushBlockBySizePolicyFactory (0x5639e3749d50)
  cache_index_and_filter_blocks: 0
  cache_index_and_filter_blocks_with_high_priority: 1
  pin_l0_filter_and_index_blocks_in_cache: 0
  pin_top_level_index_and_filter: 1
  index_type: 0
  data_block_index_type: 0
  index_shortening: 1
  data_block_hash_table_util_ratio: 0.750000
  hash_index_allow_collision: 1
  checksum: 1
  no_block_cache: 0
  block_cache: 0x5639e382b260
  block_cache_name: LRUCache
  block_cache_options:
    capacity : 8388608
    num_shard_bits : 4
    strict_capacity_limit : 0
    memory_allocator : None
    high_pri_pool_ratio: 0.000
  block_cache_compressed: (nil)
  persistent_cache: (nil)
  block_size: 4096
  block_size_deviation: 10
  block_restart_interval: 16
  index_block_restart_interval: 1
  metadata_block_size: 4096
  partition_filters: 0
  use_delta_encoding: 1
  filter_policy: nullptr
  whole_key_filtering: 1
  verify_compression: 0
  read_amp_bytes_per_bit: 0
  format_version: 5
  enable_index_compression: 1
  block_align: 0
2022/02/11-15:32:39.874322 7feacc4dd340        Options.write_buffer_size: 67108864
2022/02/11-15:32:39.874323 7feacc4dd340  Options.max_write_buffer_number: 2
2022/02/11-15:32:39.874323 7feacc4dd340          Options.compression: Snappy
2022/02/11-15:32:39.874324 7feacc4dd340                  Options.bottommost_compression: Disabled
2022/02/11-15:32:39.874324 7feacc4dd340       Options.prefix_extractor: nullptr
2022/02/11-15:32:39.874325 7feacc4dd340   Options.memtable_insert_with_hint_prefix_extractor: nullptr
2022/02/11-15:32:39.874325 7feacc4dd340             Options.num_levels: 7
2022/02/11-15:32:39.874326 7feacc4dd340        Options.min_write_buffer_number_to_merge: 1
2022/02/11-15:32:39.874326 7feacc4dd340     Options.max_write_buffer_number_to_maintain: 0
2022/02/11-15:32:39.874327 7feacc4dd340     Options.max_write_buffer_size_to_maintain: 0
2022/02/11-15:32:39.874327 7feacc4dd340            Options.bottommost_compression_opts.window_bits: -14
2022/02/11-15:32:39.874328 7feacc4dd340                  Options.bottommost_compression_opts.level: 32767
2022/02/11-15:32:39.874328 7feacc4dd340               Options.bottommost_compression_opts.strategy: 0
2022/02/11-15:32:39.874328 7feacc4dd340         Options.bottommost_compression_opts.max_dict_bytes: 0
2022/02/11-15:32:39.874329 7feacc4dd340         Options.bottommost_compression_opts.zstd_max_train_bytes: 0
2022/02/11-15:32:39.874329 7feacc4dd340         Options.bottommost_compression_opts.parallel_threads: 1
2022/02/11-15:32:39.874330 7feacc4dd340                  Options.bottommost_compression_opts.enabled: false
2022/02/11-15:32:39.874330 7feacc4dd340         Options.bottommost_compression_opts.max_dict_buffer_bytes: 0
2022/02/11-15:32:39.874331 7feacc4dd340            Options.compression_opts.window_bits: -14
2022/02/11-15:32:39.874331 7feacc4dd340                  Options.compression_opts.level: 32767
2022/02/11-15:32:39.874332 7feacc4dd340               Options.compression_opts.strategy: 0
2022/02/11-15:32:39.874332 7feacc4dd340         Options.compression_opts.max_dict_bytes: 0
2022/02/11-15:32:39.874332 7feacc4dd340         Options.compression_opts.zstd_max_train_bytes: 0
2022/02/11-15:32:39.874333 7feacc4dd340         Options.compression_opts.parallel_threads: 1
2022/02/11-15:32:39.874333 7feacc4dd340                  Options.compression_opts.enabled: false
2022/02/11-15:32:39.874334 7feacc4dd340         Options.compression_opts.max_dict_buffer_bytes: 0
2022/02/11-15:32:39.874334 7feacc4dd340      Options.level0_file_num_compaction_trigger: 4
2022/02/11-15:32:39.874335 7feacc4dd340          Options.level0_slowdown_writes_trigger: 20
2022/02/11-15:32:39.874335 7feacc4dd340              Options.level0_stop_writes_trigger: 36
2022/02/11-15:32:39.874335 7feacc4dd340                   Options.target_file_size_base: 67108864
2022/02/11-15:32:39.874336 7feacc4dd340             Options.target_file_size_multiplier: 1
2022/02/11-15:32:39.874336 7feacc4dd340                Options.max_bytes_for_level_base: 268435456
2022/02/11-15:32:39.874337 7feacc4dd340 Options.level_compaction_dynamic_level_bytes: 0
2022/02/11-15:32:39.874340 7feacc4dd340          Options.max_bytes_for_level_multiplier: 10.000000
2022/02/11-15:32:39.874341 7feacc4dd340 Options.max_bytes_for_level_multiplier_addtl[0]: 1
2022/02/11-15:32:39.874341 7feacc4dd340 Options.max_bytes_for_level_multiplier_addtl[1]: 1
2022/02/11-15:32:39.874342 7feacc4dd340 Options.max_bytes_for_level_multiplier_addtl[2]: 1
2022/02/11-15:32:39.874342 7feacc4dd340 Options.max_bytes_for_level_multiplier_addtl[3]: 1
2022/02/11-15:32:39.874342 7feacc4dd340 Options.max_bytes_for_level_multiplier_addtl[4]: 1
2022/02/11-15:32:39.874343 7feacc4dd340 Options.max_bytes_for_level_multiplier_addtl[5]: 1
2022/02/11-15:32:39.874343 7feacc4dd340 Options.max_bytes_for_level_multiplier_addtl[6]: 1
2022/02/11-15:32:39.874344 7feacc4dd340       Options.max_sequential_skip_in_iterations: 8
2022/02/11-15:32:39.874344 7feacc4dd340                    Options.max_compaction_bytes: 1677721600
2022/02/11-15:32:39.874345 7feacc4dd340                        Options.arena_block_size: 8388608
2022/02/11-15:32:39.874345 7feacc4dd340   Options.soft_pending_compaction_bytes_limit: 68719476736
2022/02/11-15:32:39.874346 7feacc4dd340   Options.hard_pending_compaction_bytes_limit: 274877906944
2022/02/11-15:32:39.874346 7feacc4dd340       Options.rate_limit_delay_max_milliseconds: 100
2022/02/11-15:32:39.874346 7feacc4dd340                Options.disable_auto_compactions: 0
2022/02/11-15:32:39.874347 7feacc4dd340                        Options.compaction_style: kCompactionStyleLevel
2022/02/11-15:32:39.874347 7feacc4dd340                          Options.compaction_pri: kMinOverlappingRatio
2022/02/11-15:32:39.874348 7feacc4dd340 Options.compaction_options_universal.size_ratio: 1
2022/02/11-15:32:39.874348 7feacc4dd340 Options.compaction_options_universal.min_merge_width: 2
2022/02/11-15:32:39.874349 7feacc4dd340 Options.compaction_options_universal.max_merge_width: 4294967295
2022/02/11-15:32:39.874349 7feacc4dd340 Options.compaction_options_universal.max_size_amplification_percent: 200
2022/02/11-15:32:39.874350 7feacc4dd340 Options.compaction_options_universal.compression_size_percent: -1
2022/02/11-15:32:39.874350 7feacc4dd340 Options.compaction_options_universal.stop_style: kCompactionStopStyleTotalSize
2022/02/11-15:32:39.874351 7feacc4dd340 Options.compaction_options_fifo.max_table_files_size: 1073741824
2022/02/11-15:32:39.874351 7feacc4dd340 Options.compaction_options_fifo.allow_compaction: 0
2022/02/11-15:32:39.874352 7feacc4dd340                   Options.table_properties_collectors: 
2022/02/11-15:32:39.874352 7feacc4dd340                   Options.inplace_update_support: 0
2022/02/11-15:32:39.874353 7feacc4dd340                 Options.inplace_update_num_locks: 10000
2022/02/11-15:32:39.874353 7feacc4dd340               Options.memtable_prefix_bloom_size_ratio: 0.000000
2022/02/11-15:32:39.874354 7feacc4dd340               Options.memtable_whole_key_filtering: 0
2022/02/11-15:32:39.874354 7feacc4dd340   Options.memtable_huge_page_size: 0
2022/02/11-15:32:39.874355 7feacc4dd340                           Options.bloom_locality: 0
2022/02/11-15:32:39.874355 7feacc4dd340                    Options.max_successive_merges: 0
2022/02/11-15:32:39.874356 7feacc4dd340                Options.optimize_filters_for_hits: 0
2022/02/11-15:32:39.874356 7feacc4dd340                Options.paranoid_file_checks: 0
2022/02/11-15:32:39.874356 7feacc4dd340                Options.force_consistency_checks: 1
2022/02/11-15:32:39.874357 7feacc4dd340                Options.report_bg_io_stats: 0
2022/02/11-15:32:39.874357 7feacc4dd340                               Options.ttl: 2592000
2022/02/11-15:32:39.874358 7feacc4dd340          Options.periodic_compaction_seconds: 0
2022/02/11-15:32:39.874358 7feacc4dd340                    Options.enable_blob_files: false
2022/02/11-15:32:39.874359 7feacc4dd340                        Options.min_blob_size: 0
2022/02/11-15:32:39.874359 7feacc4dd340                       Options.blob_file_size: 268435456
2022/02/11-15:32:39.874360 7feacc4dd340                Options.blob_compression_type: NoCompression
2022/02/11-15:32:39.874362 7feacc4dd340       Options.enable_blob_garbage_collection: false
2022/02/11-15:32:39.874363 7feacc4dd340   Options.blob_garbage_collection_age_cutoff: 0.250000
2022/02/11-15:32:39.874381 7feacc4dd340 [db/column_family.cc:596] --------------- Options for column family [object_certs]:
2022/02/11-15:32:39.874381 7feacc4dd340               Options.comparator: leveldb.BytewiseComparator
2022/02/11-15:32:39.874382 7feacc4dd340           Options.merge_operator: None
2022/02/11-15:32:39.874382 7feacc4dd340        Options.compaction_filter: None
2022/02/11-15:32:39.874383 7feacc4dd340        Options.compaction_filter_factory: None
2022/02/11-15:32:39.874383 7feacc4dd340  Options.sst_partitioner_factory: None
2022/02/11-15:32:39.874383 7feacc4dd340         Options.memtable_factory: SkipListFactory
2022/02/11-15:32:39.874384 7feacc4dd340            Options.table_factory: BlockBasedTable
2022/02/11-15:32:39.874391 7feacc4dd340            table_factory options:   flush_block_policy_factory: FlushBlockBySizePolicyFactory (0x5639e379d920)
  cache_index_and_filter_blocks: 0
  cache_index_and_filter_blocks_with_high_priority: 1
  pin_l0_filter_and_index_blocks_in_cache: 0
  pin_top_level_index_and_filter: 1
  index_type: 0
  data_block_index_type: 0
  index_shortening: 1
  data_block_hash_table_util_ratio: 0.750000
  hash_index_allow_collision: 1
  checksum: 1
  no_block_cache: 0
  block_cache: 0x5639e382cba0
  block_cache_name: LRUCache
  block_cache_options:
    capacity : 8388608
    num_shard_bits : 4
    strict_capacity_limit : 0
    memory_allocator : None
    high_pri_pool_ratio: 0.000
  block_cache_compressed: (nil)
  persistent_cache: (nil)
  block_size: 4096
  block_size_deviation: 10
  block_restart_interval: 16
  index_block_restart_interval: 1
  metadata_block_size: 4096
  partition_filters: 0
  use_delta_encoding: 1
  filter_policy: nullptr
  whole_key_filtering: 1
  verify_compression: 0
  read_amp_bytes_per_bit: 0
  format_version: 5
  enable_index_compression: 1
  block_align: 0
2022/02/11-15:32:39.874392 7feacc4dd340        Options.write_buffer_size: 67108864
2022/02/11-15:32:39.874392 7feacc4dd340  Options.max_write_buffer_number: 2
2022/02/11-15:32:39.874393 7feacc4dd340          Options.compression: Snappy
2022/02/11-15:32:39.874393 7feacc4dd340                  Options.bottommost_compression: Disabled
2022/02/11-15:32:39.874394 7feacc4dd340       Options.prefix_extractor: nullptr
2022/02/11-15:32:39.874394 7feacc4dd340   Options.memtable_insert_with_hint_prefix_extractor: nullptr
2022/02/11-15:32:39.874395 7feacc4dd340             Options.num_levels: 7
2022/02/11-15:32:39.874395 7feacc4dd340        Options.min_write_buffer_number_to_merge: 1
2022/02/11-15:32:39.874395 7feacc4dd340     Options.max_write_buffer_number_to_maintain: 0
2022/02/11-15:32:39.874396 7feacc4dd340     Options.max_write_buffer_size_to_maintain: 0
