2022/02/11-15:32:42.512583 7fbcf6989340 RocksDB version: 6.20.3
2022/02/11-15:32:42.512592 7fbcf6989340 Git sha 8608d75d85f8e1b3b64b73a4fb6d19baec61ba5c
2022/02/11-15:32:42.512593 7fbcf6989340 Compile date 2021-05-05 20:35:30
2022/02/11-15:32:42.512616 7fbcf6989340 DB SUMMARY
2022/02/11-15:32:42.512617 7fbcf6989340 DB Session ID:  JKKHWG2DHCGW7UMMK6ST
2022/02/11-15:32:42.512634 7fbcf6989340 CURRENT file:  CURRENT
2022/02/11-15:32:42.512635 7fbcf6989340 IDENTITY file:  IDENTITY
2022/02/11-15:32:42.512637 7fbcf6989340 MANIFEST file:  MANIFEST-000127 size: 1676 Bytes
2022/02/11-15:32:42.512638 7fbcf6989340 SST files in ./client_db/k#dc952b9e29d3756545eadb133c07bf01656e4ef2783459c19a71b1cece4bdce2 dir, Total Num: 6, files: 000044.sst 000060.sst 000076.sst 000092.sst 000108.sst 000124.sst 
2022/02/11-15:32:42.512638 7fbcf6989340 Write Ahead Log file in ./client_db/k#dc952b9e29d3756545eadb133c07bf01656e4ef2783459c19a71b1cece4bdce2: 000128.log size: 1640 ; 
2022/02/11-15:32:42.512639 7fbcf6989340                         Options.error_if_exists: 0
2022/02/11-15:32:42.512640 7fbcf6989340                       Options.create_if_missing: 1
2022/02/11-15:32:42.512641 7fbcf6989340                         Options.paranoid_checks: 1
2022/02/11-15:32:42.512641 7fbcf6989340                               Options.track_and_verify_wals_in_manifest: 0
2022/02/11-15:32:42.512642 7fbcf6989340                                     Options.env: 0x56382aac9420
2022/02/11-15:32:42.512643 7fbcf6989340                                      Options.fs: Posix File System
2022/02/11-15:32:42.512643 7fbcf6989340                                Options.info_log: 0x56382bc17300
2022/02/11-15:32:42.512644 7fbcf6989340                Options.max_file_opening_threads: 16
2022/02/11-15:32:42.512644 7fbcf6989340                              Options.statistics: (nil)
2022/02/11-15:32:42.512645 7fbcf6989340                               Options.use_fsync: 0
2022/02/11-15:32:42.512645 7fbcf6989340                       Options.max_log_file_size: 0
2022/02/11-15:32:42.512646 7fbcf6989340                  Options.max_manifest_file_size: 1073741824
2022/02/11-15:32:42.512646 7fbcf6989340                   Options.log_file_time_to_roll: 0
2022/02/11-15:32:42.512647 7fbcf6989340                       Options.keep_log_file_num: 1000
2022/02/11-15:32:42.512647 7fbcf6989340                    Options.recycle_log_file_num: 0
2022/02/11-15:32:42.512648 7fbcf6989340                         Options.allow_fallocate: 1
2022/02/11-15:32:42.512648 7fbcf6989340                        Options.allow_mmap_reads: 0
2022/02/11-15:32:42.512648 7fbcf6989340                       Options.allow_mmap_writes: 0
2022/02/11-15:32:42.512649 7fbcf6989340                        Options.use_direct_reads: 0
2022/02/11-15:32:42.512649 7fbcf6989340                        Options.use_direct_io_for_flush_and_compaction: 0
2022/02/11-15:32:42.512650 7fbcf6989340          Options.create_missing_column_families: 1
2022/02/11-15:32:42.512650 7fbcf6989340                              Options.db_log_dir: 
2022/02/11-15:32:42.512651 7fbcf6989340                                 Options.wal_dir: ./client_db/k#dc952b9e29d3756545eadb133c07bf01656e4ef2783459c19a71b1cece4bdce2
2022/02/11-15:32:42.512651 7fbcf6989340                Options.table_cache_numshardbits: 6
2022/02/11-15:32:42.512652 7fbcf6989340                         Options.WAL_ttl_seconds: 0
2022/02/11-15:32:42.512652 7fbcf6989340                       Options.WAL_size_limit_MB: 0
2022/02/11-15:32:42.512652 7fbcf6989340                        Options.max_write_batch_group_size_bytes: 1048576
2022/02/11-15:32:42.512653 7fbcf6989340             Options.manifest_preallocation_size: 4194304
2022/02/11-15:32:42.512653 7fbcf6989340                     Options.is_fd_close_on_exec: 1
2022/02/11-15:32:42.512654 7fbcf6989340                   Options.advise_random_on_open: 1
2022/02/11-15:32:42.512654 7fbcf6989340                    Options.db_write_buffer_size: 0
2022/02/11-15:32:42.512655 7fbcf6989340                    Options.write_buffer_manager: 0x56382bc26d10
2022/02/11-15:32:42.512655 7fbcf6989340         Options.access_hint_on_compaction_start: 1
2022/02/11-15:32:42.512660 7fbcf6989340  Options.new_table_reader_for_compaction_inputs: 0
2022/02/11-15:32:42.512660 7fbcf6989340           Options.random_access_max_buffer_size: 1048576
2022/02/11-15:32:42.512661 7fbcf6989340                      Options.use_adaptive_mutex: 0
2022/02/11-15:32:42.512661 7fbcf6989340                            Options.rate_limiter: (nil)
2022/02/11-15:32:42.512662 7fbcf6989340     Options.sst_file_manager.rate_bytes_per_sec: 0
2022/02/11-15:32:42.512662 7fbcf6989340                       Options.wal_recovery_mode: 2
2022/02/11-15:32:42.512663 7fbcf6989340                  Options.enable_thread_tracking: 0
2022/02/11-15:32:42.512663 7fbcf6989340                  Options.enable_pipelined_write: 0
2022/02/11-15:32:42.512664 7fbcf6989340                  Options.unordered_write: 0
2022/02/11-15:32:42.512664 7fbcf6989340         Options.allow_concurrent_memtable_write: 1
2022/02/11-15:32:42.512665 7fbcf6989340      Options.enable_write_thread_adaptive_yield: 1
2022/02/11-15:32:42.512665 7fbcf6989340             Options.write_thread_max_yield_usec: 100
2022/02/11-15:32:42.512666 7fbcf6989340            Options.write_thread_slow_yield_usec: 3
2022/02/11-15:32:42.512666 7fbcf6989340                               Options.row_cache: None
2022/02/11-15:32:42.512666 7fbcf6989340                              Options.wal_filter: None
2022/02/11-15:32:42.512667 7fbcf6989340             Options.avoid_flush_during_recovery: 0
2022/02/11-15:32:42.512667 7fbcf6989340             Options.allow_ingest_behind: 0
2022/02/11-15:32:42.512668 7fbcf6989340             Options.preserve_deletes: 0
2022/02/11-15:32:42.512668 7fbcf6989340             Options.two_write_queues: 0
2022/02/11-15:32:42.512669 7fbcf6989340             Options.manual_wal_flush: 0
2022/02/11-15:32:42.512669 7fbcf6989340             Options.atomic_flush: 0
2022/02/11-15:32:42.512670 7fbcf6989340             Options.avoid_unnecessary_blocking_io: 0
2022/02/11-15:32:42.512670 7fbcf6989340                 Options.persist_stats_to_disk: 0
2022/02/11-15:32:42.512670 7fbcf6989340                 Options.write_dbid_to_manifest: 0
2022/02/11-15:32:42.512671 7fbcf6989340                 Options.log_readahead_size: 0
2022/02/11-15:32:42.512671 7fbcf6989340                 Options.file_checksum_gen_factory: Unknown
2022/02/11-15:32:42.512672 7fbcf6989340                 Options.best_efforts_recovery: 0
2022/02/11-15:32:42.512672 7fbcf6989340                Options.max_bgerror_resume_count: 2147483647
2022/02/11-15:32:42.512673 7fbcf6989340            Options.bgerror_resume_retry_interval: 1000000
2022/02/11-15:32:42.512673 7fbcf6989340             Options.allow_data_in_errors: 0
2022/02/11-15:32:42.512674 7fbcf6989340             Options.db_host_id: __hostname__
2022/02/11-15:32:42.512674 7fbcf6989340             Options.max_background_jobs: 2
2022/02/11-15:32:42.512675 7fbcf6989340             Options.max_background_compactions: -1
2022/02/11-15:32:42.512675 7fbcf6989340             Options.max_subcompactions: 1
2022/02/11-15:32:42.512676 7fbcf6989340             Options.avoid_flush_during_shutdown: 0
2022/02/11-15:32:42.512676 7fbcf6989340           Options.writable_file_max_buffer_size: 1048576
2022/02/11-15:32:42.512676 7fbcf6989340             Options.delayed_write_rate : 16777216
2022/02/11-15:32:42.512677 7fbcf6989340             Options.max_total_wal_size: 0
2022/02/11-15:32:42.512677 7fbcf6989340             Options.delete_obsolete_files_period_micros: 21600000000
2022/02/11-15:32:42.512678 7fbcf6989340                   Options.stats_dump_period_sec: 600
2022/02/11-15:32:42.512678 7fbcf6989340                 Options.stats_persist_period_sec: 600
2022/02/11-15:32:42.512679 7fbcf6989340                 Options.stats_history_buffer_size: 1048576
2022/02/11-15:32:42.512680 7fbcf6989340                          Options.max_open_files: -1
2022/02/11-15:32:42.512680 7fbcf6989340                          Options.bytes_per_sync: 0
2022/02/11-15:32:42.512681 7fbcf6989340                      Options.wal_bytes_per_sync: 0
2022/02/11-15:32:42.512681 7fbcf6989340                   Options.strict_bytes_per_sync: 0
2022/02/11-15:32:42.512684 7fbcf6989340       Options.compaction_readahead_size: 0
2022/02/11-15:32:42.512685 7fbcf6989340                  Options.max_background_flushes: -1
2022/02/11-15:32:42.512685 7fbcf6989340 Compression algorithms supported:
2022/02/11-15:32:42.512686 7fbcf6989340 	kZSTDNotFinalCompression supported: 1
2022/02/11-15:32:42.512687 7fbcf6989340 	kZSTD supported: 1
2022/02/11-15:32:42.512687 7fbcf6989340 	kXpressCompression supported: 0
2022/02/11-15:32:42.512688 7fbcf6989340 	kLZ4HCCompression supported: 1
2022/02/11-15:32:42.512688 7fbcf6989340 	kLZ4Compression supported: 1
2022/02/11-15:32:42.512689 7fbcf6989340 	kBZip2Compression supported: 1
2022/02/11-15:32:42.512689 7fbcf6989340 	kZlibCompression supported: 1
2022/02/11-15:32:42.512690 7fbcf6989340 	kSnappyCompression supported: 1
2022/02/11-15:32:42.512690 7fbcf6989340 Fast CRC32 supported: Not supported on x86
2022/02/11-15:32:42.512709 7fbcf6989340 [db/version_set.cc:4626] Recovering from manifest file: ./client_db/k#dc952b9e29d3756545eadb133c07bf01656e4ef2783459c19a71b1cece4bdce2/MANIFEST-000127
2022/02/11-15:32:42.512764 7fbcf6989340 [db/column_family.cc:596] --------------- Options for column family [default]:
2022/02/11-15:32:42.512766 7fbcf6989340               Options.comparator: leveldb.BytewiseComparator
2022/02/11-15:32:42.512766 7fbcf6989340           Options.merge_operator: None
2022/02/11-15:32:42.512767 7fbcf6989340        Options.compaction_filter: None
2022/02/11-15:32:42.512767 7fbcf6989340        Options.compaction_filter_factory: None
2022/02/11-15:32:42.512768 7fbcf6989340  Options.sst_partitioner_factory: None
2022/02/11-15:32:42.512768 7fbcf6989340         Options.memtable_factory: SkipListFactory
2022/02/11-15:32:42.512769 7fbcf6989340            Options.table_factory: BlockBasedTable
2022/02/11-15:32:42.512783 7fbcf6989340            table_factory options:   flush_block_policy_factory: FlushBlockBySizePolicyFactory (0x56382bc035a0)
  cache_index_and_filter_blocks: 0
  cache_index_and_filter_blocks_with_high_priority: 1
  pin_l0_filter_and_index_blocks_in_cache: 0
  pin_top_level_index_and_filter: 1
  index_type: 0
  data_block_index_type: 0
  index_shortening: 1
  data_block_hash_table_util_ratio: 0.750000
  hash_index_allow_collision: 1
  checksum: 1
  no_block_cache: 0
  block_cache: 0x56382bc01fa0
  block_cache_name: LRUCache
  block_cache_options:
    capacity : 8388608
    num_shard_bits : 4
    strict_capacity_limit : 0
    memory_allocator : None
    high_pri_pool_ratio: 0.000
  block_cache_compressed: (nil)
  persistent_cache: (nil)
  block_size: 4096
  block_size_deviation: 10
  block_restart_interval: 16
  index_block_restart_interval: 1
  metadata_block_size: 4096
  partition_filters: 0
  use_delta_encoding: 1
  filter_policy: nullptr
  whole_key_filtering: 1
  verify_compression: 0
  read_amp_bytes_per_bit: 0
  format_version: 5
  enable_index_compression: 1
  block_align: 0
2022/02/11-15:32:42.512784 7fbcf6989340        Options.write_buffer_size: 67108864
2022/02/11-15:32:42.512785 7fbcf6989340  Options.max_write_buffer_number: 2
2022/02/11-15:32:42.512786 7fbcf6989340          Options.compression: Snappy
2022/02/11-15:32:42.512786 7fbcf6989340                  Options.bottommost_compression: Disabled
2022/02/11-15:32:42.512787 7fbcf6989340       Options.prefix_extractor: nullptr
2022/02/11-15:32:42.512787 7fbcf6989340   Options.memtable_insert_with_hint_prefix_extractor: nullptr
2022/02/11-15:32:42.512788 7fbcf6989340             Options.num_levels: 7
2022/02/11-15:32:42.512788 7fbcf6989340        Options.min_write_buffer_number_to_merge: 1
2022/02/11-15:32:42.512788 7fbcf6989340     Options.max_write_buffer_number_to_maintain: 0
2022/02/11-15:32:42.512789 7fbcf6989340     Options.max_write_buffer_size_to_maintain: 0
2022/02/11-15:32:42.512789 7fbcf6989340            Options.bottommost_compression_opts.window_bits: -14
2022/02/11-15:32:42.512790 7fbcf6989340                  Options.bottommost_compression_opts.level: 32767
2022/02/11-15:32:42.512795 7fbcf6989340               Options.bottommost_compression_opts.strategy: 0
2022/02/11-15:32:42.512795 7fbcf6989340         Options.bottommost_compression_opts.max_dict_bytes: 0
2022/02/11-15:32:42.512796 7fbcf6989340         Options.bottommost_compression_opts.zstd_max_train_bytes: 0
2022/02/11-15:32:42.512796 7fbcf6989340         Options.bottommost_compression_opts.parallel_threads: 1
2022/02/11-15:32:42.512797 7fbcf6989340                  Options.bottommost_compression_opts.enabled: false
2022/02/11-15:32:42.512797 7fbcf6989340         Options.bottommost_compression_opts.max_dict_buffer_bytes: 0
2022/02/11-15:32:42.512798 7fbcf6989340            Options.compression_opts.window_bits: -14
2022/02/11-15:32:42.512798 7fbcf6989340                  Options.compression_opts.level: 32767
2022/02/11-15:32:42.512799 7fbcf6989340               Options.compression_opts.strategy: 0
2022/02/11-15:32:42.512799 7fbcf6989340         Options.compression_opts.max_dict_bytes: 0
2022/02/11-15:32:42.512800 7fbcf6989340         Options.compression_opts.zstd_max_train_bytes: 0
2022/02/11-15:32:42.512800 7fbcf6989340         Options.compression_opts.parallel_threads: 1
2022/02/11-15:32:42.512800 7fbcf6989340                  Options.compression_opts.enabled: false
2022/02/11-15:32:42.512801 7fbcf6989340         Options.compression_opts.max_dict_buffer_bytes: 0
2022/02/11-15:32:42.512801 7fbcf6989340      Options.level0_file_num_compaction_trigger: 4
2022/02/11-15:32:42.512802 7fbcf6989340          Options.level0_slowdown_writes_trigger: 20
2022/02/11-15:32:42.512802 7fbcf6989340              Options.level0_stop_writes_trigger: 36
2022/02/11-15:32:42.512803 7fbcf6989340                   Options.target_file_size_base: 67108864
2022/02/11-15:32:42.512803 7fbcf6989340             Options.target_file_size_multiplier: 1
2022/02/11-15:32:42.512804 7fbcf6989340                Options.max_bytes_for_level_base: 268435456
2022/02/11-15:32:42.512804 7fbcf6989340 Options.level_compaction_dynamic_level_bytes: 0
2022/02/11-15:32:42.512804 7fbcf6989340          Options.max_bytes_for_level_multiplier: 10.000000
2022/02/11-15:32:42.512806 7fbcf6989340 Options.max_bytes_for_level_multiplier_addtl[0]: 1
2022/02/11-15:32:42.512806 7fbcf6989340 Options.max_bytes_for_level_multiplier_addtl[1]: 1
2022/02/11-15:32:42.512807 7fbcf6989340 Options.max_bytes_for_level_multiplier_addtl[2]: 1
2022/02/11-15:32:42.512807 7fbcf6989340 Options.max_bytes_for_level_multiplier_addtl[3]: 1
2022/02/11-15:32:42.512807 7fbcf6989340 Options.max_bytes_for_level_multiplier_addtl[4]: 1
2022/02/11-15:32:42.512808 7fbcf6989340 Options.max_bytes_for_level_multiplier_addtl[5]: 1
2022/02/11-15:32:42.512808 7fbcf6989340 Options.max_bytes_for_level_multiplier_addtl[6]: 1
2022/02/11-15:32:42.512809 7fbcf6989340       Options.max_sequential_skip_in_iterations: 8
2022/02/11-15:32:42.512809 7fbcf6989340                    Options.max_compaction_bytes: 1677721600
2022/02/11-15:32:42.512810 7fbcf6989340                        Options.arena_block_size: 8388608
2022/02/11-15:32:42.512810 7fbcf6989340   Options.soft_pending_compaction_bytes_limit: 68719476736
2022/02/11-15:32:42.512811 7fbcf6989340   Options.hard_pending_compaction_bytes_limit: 274877906944
2022/02/11-15:32:42.512811 7fbcf6989340       Options.rate_limit_delay_max_milliseconds: 100
2022/02/11-15:32:42.512812 7fbcf6989340                Options.disable_auto_compactions: 0
2022/02/11-15:32:42.512813 7fbcf6989340                        Options.compaction_style: kCompactionStyleLevel
2022/02/11-15:32:42.512813 7fbcf6989340                          Options.compaction_pri: kMinOverlappingRatio
2022/02/11-15:32:42.512814 7fbcf6989340 Options.compaction_options_universal.size_ratio: 1
2022/02/11-15:32:42.512814 7fbcf6989340 Options.compaction_options_universal.min_merge_width: 2
2022/02/11-15:32:42.512815 7fbcf6989340 Options.compaction_options_universal.max_merge_width: 4294967295
2022/02/11-15:32:42.512815 7fbcf6989340 Options.compaction_options_universal.max_size_amplification_percent: 200
2022/02/11-15:32:42.512816 7fbcf6989340 Options.compaction_options_universal.compression_size_percent: -1
2022/02/11-15:32:42.512819 7fbcf6989340 Options.compaction_options_universal.stop_style: kCompactionStopStyleTotalSize
2022/02/11-15:32:42.512819 7fbcf6989340 Options.compaction_options_fifo.max_table_files_size: 1073741824
2022/02/11-15:32:42.512820 7fbcf6989340 Options.compaction_options_fifo.allow_compaction: 0
2022/02/11-15:32:42.512824 7fbcf6989340                   Options.table_properties_collectors: 
2022/02/11-15:32:42.512825 7fbcf6989340                   Options.inplace_update_support: 0
2022/02/11-15:32:42.512825 7fbcf6989340                 Options.inplace_update_num_locks: 10000
2022/02/11-15:32:42.512825 7fbcf6989340               Options.memtable_prefix_bloom_size_ratio: 0.000000
2022/02/11-15:32:42.512826 7fbcf6989340               Options.memtable_whole_key_filtering: 0
2022/02/11-15:32:42.512827 7fbcf6989340   Options.memtable_huge_page_size: 0
2022/02/11-15:32:42.512827 7fbcf6989340                           Options.bloom_locality: 0
2022/02/11-15:32:42.512828 7fbcf6989340                    Options.max_successive_merges: 0
2022/02/11-15:32:42.512828 7fbcf6989340                Options.optimize_filters_for_hits: 0
2022/02/11-15:32:42.512828 7fbcf6989340                Options.paranoid_file_checks: 0
2022/02/11-15:32:42.512829 7fbcf6989340                Options.force_consistency_checks: 1
2022/02/11-15:32:42.512829 7fbcf6989340                Options.report_bg_io_stats: 0
2022/02/11-15:32:42.512830 7fbcf6989340                               Options.ttl: 2592000
2022/02/11-15:32:42.512830 7fbcf6989340          Options.periodic_compaction_seconds: 0
2022/02/11-15:32:42.512831 7fbcf6989340                    Options.enable_blob_files: false
2022/02/11-15:32:42.512831 7fbcf6989340                        Options.min_blob_size: 0
2022/02/11-15:32:42.512831 7fbcf6989340                       Options.blob_file_size: 268435456
2022/02/11-15:32:42.512832 7fbcf6989340                Options.blob_compression_type: NoCompression
2022/02/11-15:32:42.512832 7fbcf6989340       Options.enable_blob_garbage_collection: false
2022/02/11-15:32:42.512833 7fbcf6989340   Options.blob_garbage_collection_age_cutoff: 0.250000
2022/02/11-15:32:42.512854 7fbcf6989340 [db/column_family.cc:596] --------------- Options for column family [pending_orders]:
2022/02/11-15:32:42.512855 7fbcf6989340               Options.comparator: leveldb.BytewiseComparator
2022/02/11-15:32:42.512856 7fbcf6989340           Options.merge_operator: None
2022/02/11-15:32:42.512856 7fbcf6989340        Options.compaction_filter: None
2022/02/11-15:32:42.512856 7fbcf6989340        Options.compaction_filter_factory: None
2022/02/11-15:32:42.512857 7fbcf6989340  Options.sst_partitioner_factory: None
2022/02/11-15:32:42.512857 7fbcf6989340         Options.memtable_factory: SkipListFactory
2022/02/11-15:32:42.512858 7fbcf6989340            Options.table_factory: BlockBasedTable
2022/02/11-15:32:42.512867 7fbcf6989340            table_factory options:   flush_block_policy_factory: FlushBlockBySizePolicyFactory (0x56382bc71320)
  cache_index_and_filter_blocks: 0
  cache_index_and_filter_blocks_with_high_priority: 1
  pin_l0_filter_and_index_blocks_in_cache: 0
  pin_top_level_index_and_filter: 1
  index_type: 0
  data_block_index_type: 0
  index_shortening: 1
  data_block_hash_table_util_ratio: 0.750000
  hash_index_allow_collision: 1
  checksum: 1
  no_block_cache: 0
  block_cache: 0x56382bbb0a30
  block_cache_name: LRUCache
  block_cache_options:
    capacity : 8388608
    num_shard_bits : 4
    strict_capacity_limit : 0
    memory_allocator : None
    high_pri_pool_ratio: 0.000
  block_cache_compressed: (nil)
  persistent_cache: (nil)
  block_size: 4096
  block_size_deviation: 10
  block_restart_interval: 16
  index_block_restart_interval: 1
  metadata_block_size: 4096
  partition_filters: 0
  use_delta_encoding: 1
  filter_policy: nullptr
  whole_key_filtering: 1
  verify_compression: 0
  read_amp_bytes_per_bit: 0
  format_version: 5
  enable_index_compression: 1
  block_align: 0
2022/02/11-15:32:42.512871 7fbcf6989340        Options.write_buffer_size: 67108864
2022/02/11-15:32:42.512871 7fbcf6989340  Options.max_write_buffer_number: 2
2022/02/11-15:32:42.512872 7fbcf6989340          Options.compression: Snappy
2022/02/11-15:32:42.512872 7fbcf6989340                  Options.bottommost_compression: Disabled
2022/02/11-15:32:42.512873 7fbcf6989340       Options.prefix_extractor: nullptr
2022/02/11-15:32:42.512873 7fbcf6989340   Options.memtable_insert_with_hint_prefix_extractor: nullptr
2022/02/11-15:32:42.512874 7fbcf6989340             Options.num_levels: 7
2022/02/11-15:32:42.512874 7fbcf6989340        Options.min_write_buffer_number_to_merge: 1
2022/02/11-15:32:42.512874 7fbcf6989340     Options.max_write_buffer_number_to_maintain: 0
2022/02/11-15:32:42.512875 7fbcf6989340     Options.max_write_buffer_size_to_maintain: 0
2022/02/11-15:32:42.512875 7fbcf6989340            Options.bottommost_compression_opts.window_bits: -14
2022/02/11-15:32:42.512876 7fbcf6989340                  Options.bottommost_compression_opts.level: 32767
2022/02/11-15:32:42.512876 7fbcf6989340               Options.bottommost_compression_opts.strategy: 0
2022/02/11-15:32:42.512877 7fbcf6989340         Options.bottommost_compression_opts.max_dict_bytes: 0
2022/02/11-15:32:42.512877 7fbcf6989340         Options.bottommost_compression_opts.zstd_max_train_bytes: 0
2022/02/11-15:32:42.512878 7fbcf6989340         Options.bottommost_compression_opts.parallel_threads: 1
2022/02/11-15:32:42.512878 7fbcf6989340                  Options.bottommost_compression_opts.enabled: false
2022/02/11-15:32:42.512878 7fbcf6989340         Options.bottommost_compression_opts.max_dict_buffer_bytes: 0
2022/02/11-15:32:42.512879 7fbcf6989340            Options.compression_opts.window_bits: -14
2022/02/11-15:32:42.512879 7fbcf6989340                  Options.compression_opts.level: 32767
2022/02/11-15:32:42.512880 7fbcf6989340               Options.compression_opts.strategy: 0
2022/02/11-15:32:42.512880 7fbcf6989340         Options.compression_opts.max_dict_bytes: 0
2022/02/11-15:32:42.512881 7fbcf6989340         Options.compression_opts.zstd_max_train_bytes: 0
2022/02/11-15:32:42.512881 7fbcf6989340         Options.compression_opts.parallel_threads: 1
2022/02/11-15:32:42.512881 7fbcf6989340                  Options.compression_opts.enabled: false
2022/02/11-15:32:42.512882 7fbcf6989340         Options.compression_opts.max_dict_buffer_bytes: 0
2022/02/11-15:32:42.512882 7fbcf6989340      Options.level0_file_num_compaction_trigger: 4
2022/02/11-15:32:42.512883 7fbcf6989340          Options.level0_slowdown_writes_trigger: 20
2022/02/11-15:32:42.512883 7fbcf6989340              Options.level0_stop_writes_trigger: 36
2022/02/11-15:32:42.512884 7fbcf6989340                   Options.target_file_size_base: 67108864
2022/02/11-15:32:42.512884 7fbcf6989340             Options.target_file_size_multiplier: 1
2022/02/11-15:32:42.512885 7fbcf6989340                Options.max_bytes_for_level_base: 268435456
2022/02/11-15:32:42.512885 7fbcf6989340 Options.level_compaction_dynamic_level_bytes: 0
2022/02/11-15:32:42.512885 7fbcf6989340          Options.max_bytes_for_level_multiplier: 10.000000
2022/02/11-15:32:42.512886 7fbcf6989340 Options.max_bytes_for_level_multiplier_addtl[0]: 1
2022/02/11-15:32:42.512887 7fbcf6989340 Options.max_bytes_for_level_multiplier_addtl[1]: 1
2022/02/11-15:32:42.512887 7fbcf6989340 Options.max_bytes_for_level_multiplier_addtl[2]: 1
2022/02/11-15:32:42.512888 7fbcf6989340 Options.max_bytes_for_level_multiplier_addtl[3]: 1
2022/02/11-15:32:42.512888 7fbcf6989340 Options.max_bytes_for_level_multiplier_addtl[4]: 1
2022/02/11-15:32:42.512889 7fbcf6989340 Options.max_bytes_for_level_multiplier_addtl[5]: 1
2022/02/11-15:32:42.512889 7fbcf6989340 Options.max_bytes_for_level_multiplier_addtl[6]: 1
2022/02/11-15:32:42.512889 7fbcf6989340       Options.max_sequential_skip_in_iterations: 8
2022/02/11-15:32:42.512890 7fbcf6989340                    Options.max_compaction_bytes: 1677721600
2022/02/11-15:32:42.512890 7fbcf6989340                        Options.arena_block_size: 8388608
2022/02/11-15:32:42.512893 7fbcf6989340   Options.soft_pending_compaction_bytes_limit: 68719476736
2022/02/11-15:32:42.512894 7fbcf6989340   Options.hard_pending_compaction_bytes_limit: 274877906944
2022/02/11-15:32:42.512894 7fbcf6989340       Options.rate_limit_delay_max_milliseconds: 100
2022/02/11-15:32:42.512895 7fbcf6989340                Options.disable_auto_compactions: 0
2022/02/11-15:32:42.512895 7fbcf6989340                        Options.compaction_style: kCompactionStyleLevel
2022/02/11-15:32:42.512896 7fbcf6989340                          Options.compaction_pri: kMinOverlappingRatio
2022/02/11-15:32:42.512896 7fbcf6989340 Options.compaction_options_universal.size_ratio: 1
2022/02/11-15:32:42.512897 7fbcf6989340 Options.compaction_options_universal.min_merge_width: 2
2022/02/11-15:32:42.512897 7fbcf6989340 Options.compaction_options_universal.max_merge_width: 4294967295
2022/02/11-15:32:42.512898 7fbcf6989340 Options.compaction_options_universal.max_size_amplification_percent: 200
2022/02/11-15:32:42.512898 7fbcf6989340 Options.compaction_options_universal.compression_size_percent: -1
2022/02/11-15:32:42.512899 7fbcf6989340 Options.compaction_options_universal.stop_style: kCompactionStopStyleTotalSize
2022/02/11-15:32:42.512899 7fbcf6989340 Options.compaction_options_fifo.max_table_files_size: 1073741824
2022/02/11-15:32:42.512900 7fbcf6989340 Options.compaction_options_fifo.allow_compaction: 0
2022/02/11-15:32:42.512901 7fbcf6989340                   Options.table_properties_collectors: 
2022/02/11-15:32:42.512901 7fbcf6989340                   Options.inplace_update_support: 0
2022/02/11-15:32:42.512902 7fbcf6989340                 Options.inplace_update_num_locks: 10000
2022/02/11-15:32:42.512902 7fbcf6989340               Options.memtable_prefix_bloom_size_ratio: 0.000000
2022/02/11-15:32:42.512903 7fbcf6989340               Options.memtable_whole_key_filtering: 0
2022/02/11-15:32:42.512903 7fbcf6989340   Options.memtable_huge_page_size: 0
2022/02/11-15:32:42.512903 7fbcf6989340                           Options.bloom_locality: 0
2022/02/11-15:32:42.512904 7fbcf6989340                    Options.max_successive_merges: 0
2022/02/11-15:32:42.512904 7fbcf6989340                Options.optimize_filters_for_hits: 0
2022/02/11-15:32:42.512905 7fbcf6989340                Options.paranoid_file_checks: 0
2022/02/11-15:32:42.512905 7fbcf6989340                Options.force_consistency_checks: 1
2022/02/11-15:32:42.512906 7fbcf6989340                Options.report_bg_io_stats: 0
2022/02/11-15:32:42.512906 7fbcf6989340                               Options.ttl: 2592000
2022/02/11-15:32:42.512907 7fbcf6989340          Options.periodic_compaction_seconds: 0
2022/02/11-15:32:42.512907 7fbcf6989340                    Options.enable_blob_files: false
2022/02/11-15:32:42.512907 7fbcf6989340                        Options.min_blob_size: 0
2022/02/11-15:32:42.512908 7fbcf6989340                       Options.blob_file_size: 268435456
2022/02/11-15:32:42.512908 7fbcf6989340                Options.blob_compression_type: NoCompression
2022/02/11-15:32:42.512909 7fbcf6989340       Options.enable_blob_garbage_collection: false
2022/02/11-15:32:42.512909 7fbcf6989340   Options.blob_garbage_collection_age_cutoff: 0.250000
2022/02/11-15:32:42.512925 7fbcf6989340 [db/column_family.cc:596] --------------- Options for column family [certificates]:
2022/02/11-15:32:42.512925 7fbcf6989340               Options.comparator: leveldb.BytewiseComparator
2022/02/11-15:32:42.512926 7fbcf6989340           Options.merge_operator: None
2022/02/11-15:32:42.512926 7fbcf6989340        Options.compaction_filter: None
2022/02/11-15:32:42.512927 7fbcf6989340        Options.compaction_filter_factory: None
2022/02/11-15:32:42.512927 7fbcf6989340  Options.sst_partitioner_factory: None
2022/02/11-15:32:42.512928 7fbcf6989340         Options.memtable_factory: SkipListFactory
2022/02/11-15:32:42.512928 7fbcf6989340            Options.table_factory: BlockBasedTable
2022/02/11-15:32:42.512936 7fbcf6989340            table_factory options:   flush_block_policy_factory: FlushBlockBySizePolicyFactory (0x56382bbb1ac0)
  cache_index_and_filter_blocks: 0
  cache_index_and_filter_blocks_with_high_priority: 1
  pin_l0_filter_and_index_blocks_in_cache: 0
  pin_top_level_index_and_filter: 1
  index_type: 0
  data_block_index_type: 0
  index_shortening: 1
  data_block_hash_table_util_ratio: 0.750000
  hash_index_allow_collision: 1
  checksum: 1
  no_block_cache: 0
  block_cache: 0x56382bc000e0
  block_cache_name: LRUCache
  block_cache_options:
    capacity : 8388608
    num_shard_bits : 4
    strict_capacity_limit : 0
    memory_allocator : None
    high_pri_pool_ratio: 0.000
  block_cache_compressed: (nil)
  persistent_cache: (nil)
  block_size: 4096
  block_size_deviation: 10
  block_restart_interval: 16
  index_block_restart_interval: 1
  metadata_block_size: 4096
  partition_filters: 0
  use_delta_encoding: 1
  filter_policy: nullptr
  whole_key_filtering: 1
  verify_compression: 0
  read_amp_bytes_per_bit: 0
  format_version: 5
  enable_index_compression: 1
  block_align: 0
2022/02/11-15:32:42.512941 7fbcf6989340        Options.write_buffer_size: 67108864
2022/02/11-15:32:42.512941 7fbcf6989340  Options.max_write_buffer_number: 2
2022/02/11-15:32:42.512942 7fbcf6989340          Options.compression: Snappy
2022/02/11-15:32:42.512942 7fbcf6989340                  Options.bottommost_compression: Disabled
2022/02/11-15:32:42.512943 7fbcf6989340       Options.prefix_extractor: nullptr
2022/02/11-15:32:42.512943 7fbcf6989340   Options.memtable_insert_with_hint_prefix_extractor: nullptr
2022/02/11-15:32:42.512944 7fbcf6989340             Options.num_levels: 7
2022/02/11-15:32:42.512944 7fbcf6989340        Options.min_write_buffer_number_to_merge: 1
2022/02/11-15:32:42.512944 7fbcf6989340     Options.max_write_buffer_number_to_maintain: 0
2022/02/11-15:32:42.512945 7fbcf6989340     Options.max_write_buffer_size_to_maintain: 0
2022/02/11-15:32:42.512945 7fbcf6989340            Options.bottommost_compression_opts.window_bits: -14
2022/02/11-15:32:42.512946 7fbcf6989340                  Options.bottommost_compression_opts.level: 32767
2022/02/11-15:32:42.512946 7fbcf6989340               Options.bottommost_compression_opts.strategy: 0
2022/02/11-15:32:42.512947 7fbcf6989340         Options.bottommost_compression_opts.max_dict_bytes: 0
2022/02/11-15:32:42.512947 7fbcf6989340         Options.bottommost_compression_opts.zstd_max_train_bytes: 0
2022/02/11-15:32:42.512947 7fbcf6989340         Options.bottommost_compression_opts.parallel_threads: 1
2022/02/11-15:32:42.512948 7fbcf6989340                  Options.bottommost_compression_opts.enabled: false
2022/02/11-15:32:42.512948 7fbcf6989340         Options.bottommost_compression_opts.max_dict_buffer_bytes: 0
2022/02/11-15:32:42.512949 7fbcf6989340            Options.compression_opts.window_bits: -14
2022/02/11-15:32:42.512949 7fbcf6989340                  Options.compression_opts.level: 32767
2022/02/11-15:32:42.512950 7fbcf6989340               Options.compression_opts.strategy: 0
2022/02/11-15:32:42.512950 7fbcf6989340         Options.compression_opts.max_dict_bytes: 0
2022/02/11-15:32:42.512951 7fbcf6989340         Options.compression_opts.zstd_max_train_bytes: 0
2022/02/11-15:32:42.512951 7fbcf6989340         Options.compression_opts.parallel_threads: 1
2022/02/11-15:32:42.512951 7fbcf6989340                  Options.compression_opts.enabled: false
2022/02/11-15:32:42.512952 7fbcf6989340         Options.compression_opts.max_dict_buffer_bytes: 0
2022/02/11-15:32:42.512952 7fbcf6989340      Options.level0_file_num_compaction_trigger: 4
2022/02/11-15:32:42.512953 7fbcf6989340          Options.level0_slowdown_writes_trigger: 20
2022/02/11-15:32:42.512953 7fbcf6989340              Options.level0_stop_writes_trigger: 36
2022/02/11-15:32:42.512954 7fbcf6989340                   Options.target_file_size_base: 67108864
2022/02/11-15:32:42.512954 7fbcf6989340             Options.target_file_size_multiplier: 1
2022/02/11-15:32:42.512954 7fbcf6989340                Options.max_bytes_for_level_base: 268435456
2022/02/11-15:32:42.512955 7fbcf6989340 Options.level_compaction_dynamic_level_bytes: 0
2022/02/11-15:32:42.512958 7fbcf6989340          Options.max_bytes_for_level_multiplier: 10.000000
2022/02/11-15:32:42.512959 7fbcf6989340 Options.max_bytes_for_level_multiplier_addtl[0]: 1
2022/02/11-15:32:42.512959 7fbcf6989340 Options.max_bytes_for_level_multiplier_addtl[1]: 1
2022/02/11-15:32:42.512960 7fbcf6989340 Options.max_bytes_for_level_multiplier_addtl[2]: 1
2022/02/11-15:32:42.512960 7fbcf6989340 Options.max_bytes_for_level_multiplier_addtl[3]: 1
2022/02/11-15:32:42.512961 7fbcf6989340 Options.max_bytes_for_level_multiplier_addtl[4]: 1
2022/02/11-15:32:42.512961 7fbcf6989340 Options.max_bytes_for_level_multiplier_addtl[5]: 1
2022/02/11-15:32:42.512962 7fbcf6989340 Options.max_bytes_for_level_multiplier_addtl[6]: 1
2022/02/11-15:32:42.512962 7fbcf6989340       Options.max_sequential_skip_in_iterations: 8
2022/02/11-15:32:42.512962 7fbcf6989340                    Options.max_compaction_bytes: 1677721600
2022/02/11-15:32:42.512963 7fbcf6989340                        Options.arena_block_size: 8388608
2022/02/11-15:32:42.512963 7fbcf6989340   Options.soft_pending_compaction_bytes_limit: 68719476736
2022/02/11-15:32:42.512964 7fbcf6989340   Options.hard_pending_compaction_bytes_limit: 274877906944
2022/02/11-15:32:42.512964 7fbcf6989340       Options.rate_limit_delay_max_milliseconds: 100
2022/02/11-15:32:42.512965 7fbcf6989340                Options.disable_auto_compactions: 0
2022/02/11-15:32:42.512965 7fbcf6989340                        Options.compaction_style: kCompactionStyleLevel
2022/02/11-15:32:42.512966 7fbcf6989340                          Options.compaction_pri: kMinOverlappingRatio
2022/02/11-15:32:42.512966 7fbcf6989340 Options.compaction_options_universal.size_ratio: 1
2022/02/11-15:32:42.512967 7fbcf6989340 Options.compaction_options_universal.min_merge_width: 2
2022/02/11-15:32:42.512967 7fbcf6989340 Options.compaction_options_universal.max_merge_width: 4294967295
2022/02/11-15:32:42.512967 7fbcf6989340 Options.compaction_options_universal.max_size_amplification_percent: 200
2022/02/11-15:32:42.512968 7fbcf6989340 Options.compaction_options_universal.compression_size_percent: -1
2022/02/11-15:32:42.512968 7fbcf6989340 Options.compaction_options_universal.stop_style: kCompactionStopStyleTotalSize
2022/02/11-15:32:42.512969 7fbcf6989340 Options.compaction_options_fifo.max_table_files_size: 1073741824
2022/02/11-15:32:42.512969 7fbcf6989340 Options.compaction_options_fifo.allow_compaction: 0
2022/02/11-15:32:42.512970 7fbcf6989340                   Options.table_properties_collectors: 
2022/02/11-15:32:42.512971 7fbcf6989340                   Options.inplace_update_support: 0
2022/02/11-15:32:42.512971 7fbcf6989340                 Options.inplace_update_num_locks: 10000
2022/02/11-15:32:42.512972 7fbcf6989340               Options.memtable_prefix_bloom_size_ratio: 0.000000
2022/02/11-15:32:42.512972 7fbcf6989340               Options.memtable_whole_key_filtering: 0
2022/02/11-15:32:42.512973 7fbcf6989340   Options.memtable_huge_page_size: 0
2022/02/11-15:32:42.512973 7fbcf6989340                           Options.bloom_locality: 0
2022/02/11-15:32:42.512974 7fbcf6989340                    Options.max_successive_merges: 0
2022/02/11-15:32:42.512974 7fbcf6989340                Options.optimize_filters_for_hits: 0
2022/02/11-15:32:42.512974 7fbcf6989340                Options.paranoid_file_checks: 0
2022/02/11-15:32:42.512975 7fbcf6989340                Options.force_consistency_checks: 1
2022/02/11-15:32:42.512975 7fbcf6989340                Options.report_bg_io_stats: 0
2022/02/11-15:32:42.512976 7fbcf6989340                               Options.ttl: 2592000
2022/02/11-15:32:42.512976 7fbcf6989340          Options.periodic_compaction_seconds: 0
2022/02/11-15:32:42.512977 7fbcf6989340                    Options.enable_blob_files: false
2022/02/11-15:32:42.512977 7fbcf6989340                        Options.min_blob_size: 0
2022/02/11-15:32:42.512977 7fbcf6989340                       Options.blob_file_size: 268435456
2022/02/11-15:32:42.512978 7fbcf6989340                Options.blob_compression_type: NoCompression
2022/02/11-15:32:42.512981 7fbcf6989340       Options.enable_blob_garbage_collection: false
2022/02/11-15:32:42.512981 7fbcf6989340   Options.blob_garbage_collection_age_cutoff: 0.250000
2022/02/11-15:32:42.513000 7fbcf6989340 [db/column_family.cc:596] --------------- Options for column family [object_certs]:
2022/02/11-15:32:42.513000 7fbcf6989340               Options.comparator: leveldb.BytewiseComparator
2022/02/11-15:32:42.513001 7fbcf6989340           Options.merge_operator: None
2022/02/11-15:32:42.513001 7fbcf6989340        Options.compaction_filter: None
2022/02/11-15:32:42.513002 7fbcf6989340        Options.compaction_filter_factory: None
2022/02/11-15:32:42.513002 7fbcf6989340  Options.sst_partitioner_factory: None
2022/02/11-15:32:42.513003 7fbcf6989340         Options.memtable_factory: SkipListFactory
2022/02/11-15:32:42.513003 7fbcf6989340            Options.table_factory: BlockBasedTable
2022/02/11-15:32:42.513012 7fbcf6989340            table_factory options:   flush_block_policy_factory: FlushBlockBySizePolicyFactory (0x56382bc17190)
  cache_index_and_filter_blocks: 0
  cache_index_and_filter_blocks_with_high_priority: 1
  pin_l0_filter_and_index_blocks_in_cache: 0
  pin_top_level_index_and_filter: 1
  index_type: 0
  data_block_index_type: 0
  index_shortening: 1
  data_block_hash_table_util_ratio: 0.750000
  hash_index_allow_collision: 1
  checksum: 1
  no_block_cache: 0
  block_cache: 0x56382bbf4e80
  block_cache_name: LRUCache
  block_cache_options:
    capacity : 8388608
    num_shard_bits : 4
    strict_capacity_limit : 0
    memory_allocator : None
    high_pri_pool_ratio: 0.000
  block_cache_compressed: (nil)
  persistent_cache: (nil)
  block_size: 4096
  block_size_deviation: 10
  block_restart_interval: 16
  index_block_restart_interval: 1
  metadata_block_size: 4096
  partition_filters: 0
  use_delta_encoding: 1
  filter_policy: nullptr
  whole_key_filtering: 1
  verify_compression: 0
  read_amp_bytes_per_bit: 0
  format_version: 5
  enable_index_compression: 1
  block_align: 0
2022/02/11-15:32:42.513013 7fbcf6989340        Options.write_buffer_size: 67108864
2022/02/11-15:32:42.513014 7fbcf6989340  Options.max_write_buffer_number: 2
2022/02/11-15:32:42.513014 7fbcf6989340          Options.compression: Snappy
2022/02/11-15:32:42.513014 7fbcf6989340                  Options.bottommost_compression: Disabled
2022/02/11-15:32:42.513015 7fbcf6989340       Options.prefix_extractor: nullptr
2022/02/11-15:32:42.513015 7fbcf6989340   Options.memtable_insert_with_hint_prefix_extractor: nullptr
2022/02/11-15:32:42.513016 7fbcf6989340             Options.num_levels: 7
2022/02/11-15:32:42.513016 7fbcf6989340        Options.min_write_buffer_number_to_merge: 1
2022/02/11-15:32:42.513017 7fbcf6989340     Options.max_write_buffer_number_to_maintain: 0
2022/02/11-15:32:42.513017 7fbcf6989340     Options.max_write_buffer_size_to_maintain: 0
