2022/02/11-15:49:24.790830 7fe45ba6f340 RocksDB version: 6.20.3
2022/02/11-15:49:24.790840 7fe45ba6f340 Git sha 8608d75d85f8e1b3b64b73a4fb6d19baec61ba5c
2022/02/11-15:49:24.790841 7fe45ba6f340 Compile date 2021-05-05 20:35:30
2022/02/11-15:49:24.790899 7fe45ba6f340 DB SUMMARY
2022/02/11-15:49:24.790901 7fe45ba6f340 DB Session ID:  OGLCEPI68HE0LNNFO437
2022/02/11-15:49:24.790918 7fe45ba6f340 CURRENT file:  CURRENT
2022/02/11-15:49:24.790918 7fe45ba6f340 IDENTITY file:  IDENTITY
2022/02/11-15:49:24.790920 7fe45ba6f340 MANIFEST file:  MANIFEST-000226 size: 951 Bytes
2022/02/11-15:49:24.790921 7fe45ba6f340 SST files in ./client_db/k#5edcb5935c8dc07ccc6d408233c584b2232b2ac5ed54ebe33990c1fc244df20b dir, Total Num: 0, files: 
2022/02/11-15:49:24.790922 7fe45ba6f340 Write Ahead Log file in ./client_db/k#5edcb5935c8dc07ccc6d408233c584b2232b2ac5ed54ebe33990c1fc244df20b: 000227.log size: 810 ; 
2022/02/11-15:49:24.790923 7fe45ba6f340                         Options.error_if_exists: 0
2022/02/11-15:49:24.790924 7fe45ba6f340                       Options.create_if_missing: 1
2022/02/11-15:49:24.790924 7fe45ba6f340                         Options.paranoid_checks: 1
2022/02/11-15:49:24.790925 7fe45ba6f340                               Options.track_and_verify_wals_in_manifest: 0
2022/02/11-15:49:24.790925 7fe45ba6f340                                     Options.env: 0x559ea3661420
2022/02/11-15:49:24.790927 7fe45ba6f340                                      Options.fs: Posix File System
2022/02/11-15:49:24.790927 7fe45ba6f340                                Options.info_log: 0x559ea49fcb20
2022/02/11-15:49:24.790928 7fe45ba6f340                Options.max_file_opening_threads: 16
2022/02/11-15:49:24.790928 7fe45ba6f340                              Options.statistics: (nil)
2022/02/11-15:49:24.790929 7fe45ba6f340                               Options.use_fsync: 0
2022/02/11-15:49:24.790929 7fe45ba6f340                       Options.max_log_file_size: 0
2022/02/11-15:49:24.790930 7fe45ba6f340                  Options.max_manifest_file_size: 1073741824
2022/02/11-15:49:24.790930 7fe45ba6f340                   Options.log_file_time_to_roll: 0
2022/02/11-15:49:24.790931 7fe45ba6f340                       Options.keep_log_file_num: 1000
2022/02/11-15:49:24.790931 7fe45ba6f340                    Options.recycle_log_file_num: 0
2022/02/11-15:49:24.790932 7fe45ba6f340                         Options.allow_fallocate: 1
2022/02/11-15:49:24.790932 7fe45ba6f340                        Options.allow_mmap_reads: 0
2022/02/11-15:49:24.790933 7fe45ba6f340                       Options.allow_mmap_writes: 0
2022/02/11-15:49:24.790933 7fe45ba6f340                        Options.use_direct_reads: 0
2022/02/11-15:49:24.790934 7fe45ba6f340                        Options.use_direct_io_for_flush_and_compaction: 0
2022/02/11-15:49:24.790934 7fe45ba6f340          Options.create_missing_column_families: 1
2022/02/11-15:49:24.790934 7fe45ba6f340                              Options.db_log_dir: 
2022/02/11-15:49:24.790935 7fe45ba6f340                                 Options.wal_dir: ./client_db/k#5edcb5935c8dc07ccc6d408233c584b2232b2ac5ed54ebe33990c1fc244df20b
2022/02/11-15:49:24.790935 7fe45ba6f340                Options.table_cache_numshardbits: 6
2022/02/11-15:49:24.790936 7fe45ba6f340                         Options.WAL_ttl_seconds: 0
2022/02/11-15:49:24.790936 7fe45ba6f340                       Options.WAL_size_limit_MB: 0
2022/02/11-15:49:24.790937 7fe45ba6f340                        Options.max_write_batch_group_size_bytes: 1048576
2022/02/11-15:49:24.790937 7fe45ba6f340             Options.manifest_preallocation_size: 4194304
2022/02/11-15:49:24.790938 7fe45ba6f340                     Options.is_fd_close_on_exec: 1
2022/02/11-15:49:24.790938 7fe45ba6f340                   Options.advise_random_on_open: 1
2022/02/11-15:49:24.790939 7fe45ba6f340                    Options.db_write_buffer_size: 0
2022/02/11-15:49:24.790939 7fe45ba6f340                    Options.write_buffer_manager: 0x559ea4a08da0
2022/02/11-15:49:24.790940 7fe45ba6f340         Options.access_hint_on_compaction_start: 1
2022/02/11-15:49:24.790940 7fe45ba6f340  Options.new_table_reader_for_compaction_inputs: 0
2022/02/11-15:49:24.790946 7fe45ba6f340           Options.random_access_max_buffer_size: 1048576
2022/02/11-15:49:24.790947 7fe45ba6f340                      Options.use_adaptive_mutex: 0
2022/02/11-15:49:24.790947 7fe45ba6f340                            Options.rate_limiter: (nil)
2022/02/11-15:49:24.790948 7fe45ba6f340     Options.sst_file_manager.rate_bytes_per_sec: 0
2022/02/11-15:49:24.790948 7fe45ba6f340                       Options.wal_recovery_mode: 2
2022/02/11-15:49:24.790949 7fe45ba6f340                  Options.enable_thread_tracking: 0
2022/02/11-15:49:24.790949 7fe45ba6f340                  Options.enable_pipelined_write: 0
2022/02/11-15:49:24.790950 7fe45ba6f340                  Options.unordered_write: 0
2022/02/11-15:49:24.790950 7fe45ba6f340         Options.allow_concurrent_memtable_write: 1
2022/02/11-15:49:24.790951 7fe45ba6f340      Options.enable_write_thread_adaptive_yield: 1
2022/02/11-15:49:24.790951 7fe45ba6f340             Options.write_thread_max_yield_usec: 100
2022/02/11-15:49:24.790951 7fe45ba6f340            Options.write_thread_slow_yield_usec: 3
2022/02/11-15:49:24.790952 7fe45ba6f340                               Options.row_cache: None
2022/02/11-15:49:24.790952 7fe45ba6f340                              Options.wal_filter: None
2022/02/11-15:49:24.790953 7fe45ba6f340             Options.avoid_flush_during_recovery: 0
2022/02/11-15:49:24.790953 7fe45ba6f340             Options.allow_ingest_behind: 0
2022/02/11-15:49:24.790954 7fe45ba6f340             Options.preserve_deletes: 0
2022/02/11-15:49:24.790954 7fe45ba6f340             Options.two_write_queues: 0
2022/02/11-15:49:24.790955 7fe45ba6f340             Options.manual_wal_flush: 0
2022/02/11-15:49:24.790955 7fe45ba6f340             Options.atomic_flush: 0
2022/02/11-15:49:24.790955 7fe45ba6f340             Options.avoid_unnecessary_blocking_io: 0
2022/02/11-15:49:24.790956 7fe45ba6f340                 Options.persist_stats_to_disk: 0
2022/02/11-15:49:24.790956 7fe45ba6f340                 Options.write_dbid_to_manifest: 0
2022/02/11-15:49:24.790957 7fe45ba6f340                 Options.log_readahead_size: 0
2022/02/11-15:49:24.790957 7fe45ba6f340                 Options.file_checksum_gen_factory: Unknown
2022/02/11-15:49:24.790958 7fe45ba6f340                 Options.best_efforts_recovery: 0
2022/02/11-15:49:24.790958 7fe45ba6f340                Options.max_bgerror_resume_count: 2147483647
2022/02/11-15:49:24.790959 7fe45ba6f340            Options.bgerror_resume_retry_interval: 1000000
2022/02/11-15:49:24.790959 7fe45ba6f340             Options.allow_data_in_errors: 0
2022/02/11-15:49:24.790960 7fe45ba6f340             Options.db_host_id: __hostname__
2022/02/11-15:49:24.790960 7fe45ba6f340             Options.max_background_jobs: 2
2022/02/11-15:49:24.790960 7fe45ba6f340             Options.max_background_compactions: -1
2022/02/11-15:49:24.790961 7fe45ba6f340             Options.max_subcompactions: 1
2022/02/11-15:49:24.790961 7fe45ba6f340             Options.avoid_flush_during_shutdown: 0
2022/02/11-15:49:24.790962 7fe45ba6f340           Options.writable_file_max_buffer_size: 1048576
2022/02/11-15:49:24.790962 7fe45ba6f340             Options.delayed_write_rate : 16777216
2022/02/11-15:49:24.790963 7fe45ba6f340             Options.max_total_wal_size: 0
2022/02/11-15:49:24.790963 7fe45ba6f340             Options.delete_obsolete_files_period_micros: 21600000000
2022/02/11-15:49:24.790964 7fe45ba6f340                   Options.stats_dump_period_sec: 600
2022/02/11-15:49:24.790964 7fe45ba6f340                 Options.stats_persist_period_sec: 600
2022/02/11-15:49:24.790965 7fe45ba6f340                 Options.stats_history_buffer_size: 1048576
2022/02/11-15:49:24.790965 7fe45ba6f340                          Options.max_open_files: -1
2022/02/11-15:49:24.790966 7fe45ba6f340                          Options.bytes_per_sync: 0
2022/02/11-15:49:24.790966 7fe45ba6f340                      Options.wal_bytes_per_sync: 0
2022/02/11-15:49:24.790966 7fe45ba6f340                   Options.strict_bytes_per_sync: 0
2022/02/11-15:49:24.790969 7fe45ba6f340       Options.compaction_readahead_size: 0
2022/02/11-15:49:24.790970 7fe45ba6f340                  Options.max_background_flushes: -1
2022/02/11-15:49:24.790971 7fe45ba6f340 Compression algorithms supported:
2022/02/11-15:49:24.790971 7fe45ba6f340 	kZSTDNotFinalCompression supported: 1
2022/02/11-15:49:24.790972 7fe45ba6f340 	kZSTD supported: 1
2022/02/11-15:49:24.790972 7fe45ba6f340 	kXpressCompression supported: 0
2022/02/11-15:49:24.790973 7fe45ba6f340 	kLZ4HCCompression supported: 1
2022/02/11-15:49:24.790973 7fe45ba6f340 	kLZ4Compression supported: 1
2022/02/11-15:49:24.790974 7fe45ba6f340 	kBZip2Compression supported: 1
2022/02/11-15:49:24.790975 7fe45ba6f340 	kZlibCompression supported: 1
2022/02/11-15:49:24.790975 7fe45ba6f340 	kSnappyCompression supported: 1
2022/02/11-15:49:24.790976 7fe45ba6f340 Fast CRC32 supported: Not supported on x86
2022/02/11-15:49:24.790997 7fe45ba6f340 [db/version_set.cc:4626] Recovering from manifest file: ./client_db/k#5edcb5935c8dc07ccc6d408233c584b2232b2ac5ed54ebe33990c1fc244df20b/MANIFEST-000226
2022/02/11-15:49:24.791060 7fe45ba6f340 [db/column_family.cc:596] --------------- Options for column family [default]:
2022/02/11-15:49:24.791061 7fe45ba6f340               Options.comparator: leveldb.BytewiseComparator
2022/02/11-15:49:24.791061 7fe45ba6f340           Options.merge_operator: None
2022/02/11-15:49:24.791062 7fe45ba6f340        Options.compaction_filter: None
2022/02/11-15:49:24.791062 7fe45ba6f340        Options.compaction_filter_factory: None
2022/02/11-15:49:24.791063 7fe45ba6f340  Options.sst_partitioner_factory: None
2022/02/11-15:49:24.791063 7fe45ba6f340         Options.memtable_factory: SkipListFactory
2022/02/11-15:49:24.791064 7fe45ba6f340            Options.table_factory: BlockBasedTable
2022/02/11-15:49:24.791080 7fe45ba6f340            table_factory options:   flush_block_policy_factory: FlushBlockBySizePolicyFactory (0x559ea49c2090)
  cache_index_and_filter_blocks: 0
  cache_index_and_filter_blocks_with_high_priority: 1
  pin_l0_filter_and_index_blocks_in_cache: 0
  pin_top_level_index_and_filter: 1
  index_type: 0
  data_block_index_type: 0
  index_shortening: 1
  data_block_hash_table_util_ratio: 0.750000
  hash_index_allow_collision: 1
  checksum: 1
  no_block_cache: 0
  block_cache: 0x559ea4a55e70
  block_cache_name: LRUCache
  block_cache_options:
    capacity : 8388608
    num_shard_bits : 4
    strict_capacity_limit : 0
    memory_allocator : None
    high_pri_pool_ratio: 0.000
  block_cache_compressed: (nil)
  persistent_cache: (nil)
  block_size: 4096
  block_size_deviation: 10
  block_restart_interval: 16
  index_block_restart_interval: 1
  metadata_block_size: 4096
  partition_filters: 0
  use_delta_encoding: 1
  filter_policy: nullptr
  whole_key_filtering: 1
  verify_compression: 0
  read_amp_bytes_per_bit: 0
  format_version: 5
  enable_index_compression: 1
  block_align: 0
2022/02/11-15:49:24.791081 7fe45ba6f340        Options.write_buffer_size: 67108864
2022/02/11-15:49:24.791081 7fe45ba6f340  Options.max_write_buffer_number: 2
2022/02/11-15:49:24.791082 7fe45ba6f340          Options.compression: Snappy
2022/02/11-15:49:24.791082 7fe45ba6f340                  Options.bottommost_compression: Disabled
2022/02/11-15:49:24.791083 7fe45ba6f340       Options.prefix_extractor: nullptr
2022/02/11-15:49:24.791083 7fe45ba6f340   Options.memtable_insert_with_hint_prefix_extractor: nullptr
2022/02/11-15:49:24.791084 7fe45ba6f340             Options.num_levels: 7
2022/02/11-15:49:24.791084 7fe45ba6f340        Options.min_write_buffer_number_to_merge: 1
2022/02/11-15:49:24.791085 7fe45ba6f340     Options.max_write_buffer_number_to_maintain: 0
2022/02/11-15:49:24.791085 7fe45ba6f340     Options.max_write_buffer_size_to_maintain: 0
2022/02/11-15:49:24.791086 7fe45ba6f340            Options.bottommost_compression_opts.window_bits: -14
2022/02/11-15:49:24.791086 7fe45ba6f340                  Options.bottommost_compression_opts.level: 32767
2022/02/11-15:49:24.791087 7fe45ba6f340               Options.bottommost_compression_opts.strategy: 0
2022/02/11-15:49:24.791091 7fe45ba6f340         Options.bottommost_compression_opts.max_dict_bytes: 0
2022/02/11-15:49:24.791092 7fe45ba6f340         Options.bottommost_compression_opts.zstd_max_train_bytes: 0
2022/02/11-15:49:24.791104 7fe45ba6f340         Options.bottommost_compression_opts.parallel_threads: 1
2022/02/11-15:49:24.791104 7fe45ba6f340                  Options.bottommost_compression_opts.enabled: false
2022/02/11-15:49:24.791105 7fe45ba6f340         Options.bottommost_compression_opts.max_dict_buffer_bytes: 0
2022/02/11-15:49:24.791106 7fe45ba6f340            Options.compression_opts.window_bits: -14
2022/02/11-15:49:24.791107 7fe45ba6f340                  Options.compression_opts.level: 32767
2022/02/11-15:49:24.791107 7fe45ba6f340               Options.compression_opts.strategy: 0
2022/02/11-15:49:24.791107 7fe45ba6f340         Options.compression_opts.max_dict_bytes: 0
2022/02/11-15:49:24.791108 7fe45ba6f340         Options.compression_opts.zstd_max_train_bytes: 0
2022/02/11-15:49:24.791108 7fe45ba6f340         Options.compression_opts.parallel_threads: 1
2022/02/11-15:49:24.791109 7fe45ba6f340                  Options.compression_opts.enabled: false
2022/02/11-15:49:24.791109 7fe45ba6f340         Options.compression_opts.max_dict_buffer_bytes: 0
2022/02/11-15:49:24.791110 7fe45ba6f340      Options.level0_file_num_compaction_trigger: 4
2022/02/11-15:49:24.791110 7fe45ba6f340          Options.level0_slowdown_writes_trigger: 20
2022/02/11-15:49:24.791111 7fe45ba6f340              Options.level0_stop_writes_trigger: 36
2022/02/11-15:49:24.791111 7fe45ba6f340                   Options.target_file_size_base: 67108864
2022/02/11-15:49:24.791112 7fe45ba6f340             Options.target_file_size_multiplier: 1
2022/02/11-15:49:24.791112 7fe45ba6f340                Options.max_bytes_for_level_base: 268435456
2022/02/11-15:49:24.791112 7fe45ba6f340 Options.level_compaction_dynamic_level_bytes: 0
2022/02/11-15:49:24.791113 7fe45ba6f340          Options.max_bytes_for_level_multiplier: 10.000000
2022/02/11-15:49:24.791114 7fe45ba6f340 Options.max_bytes_for_level_multiplier_addtl[0]: 1
2022/02/11-15:49:24.791115 7fe45ba6f340 Options.max_bytes_for_level_multiplier_addtl[1]: 1
2022/02/11-15:49:24.791115 7fe45ba6f340 Options.max_bytes_for_level_multiplier_addtl[2]: 1
2022/02/11-15:49:24.791116 7fe45ba6f340 Options.max_bytes_for_level_multiplier_addtl[3]: 1
2022/02/11-15:49:24.791116 7fe45ba6f340 Options.max_bytes_for_level_multiplier_addtl[4]: 1
2022/02/11-15:49:24.791117 7fe45ba6f340 Options.max_bytes_for_level_multiplier_addtl[5]: 1
2022/02/11-15:49:24.791117 7fe45ba6f340 Options.max_bytes_for_level_multiplier_addtl[6]: 1
2022/02/11-15:49:24.791117 7fe45ba6f340       Options.max_sequential_skip_in_iterations: 8
2022/02/11-15:49:24.791118 7fe45ba6f340                    Options.max_compaction_bytes: 1677721600
2022/02/11-15:49:24.791118 7fe45ba6f340                        Options.arena_block_size: 8388608
2022/02/11-15:49:24.791119 7fe45ba6f340   Options.soft_pending_compaction_bytes_limit: 68719476736
2022/02/11-15:49:24.791119 7fe45ba6f340   Options.hard_pending_compaction_bytes_limit: 274877906944
2022/02/11-15:49:24.791120 7fe45ba6f340       Options.rate_limit_delay_max_milliseconds: 100
2022/02/11-15:49:24.791120 7fe45ba6f340                Options.disable_auto_compactions: 0
2022/02/11-15:49:24.791122 7fe45ba6f340                        Options.compaction_style: kCompactionStyleLevel
2022/02/11-15:49:24.791122 7fe45ba6f340                          Options.compaction_pri: kMinOverlappingRatio
2022/02/11-15:49:24.791123 7fe45ba6f340 Options.compaction_options_universal.size_ratio: 1
2022/02/11-15:49:24.791123 7fe45ba6f340 Options.compaction_options_universal.min_merge_width: 2
2022/02/11-15:49:24.791124 7fe45ba6f340 Options.compaction_options_universal.max_merge_width: 4294967295
2022/02/11-15:49:24.791124 7fe45ba6f340 Options.compaction_options_universal.max_size_amplification_percent: 200
2022/02/11-15:49:24.791125 7fe45ba6f340 Options.compaction_options_universal.compression_size_percent: -1
2022/02/11-15:49:24.791129 7fe45ba6f340 Options.compaction_options_universal.stop_style: kCompactionStopStyleTotalSize
2022/02/11-15:49:24.791130 7fe45ba6f340 Options.compaction_options_fifo.max_table_files_size: 1073741824
2022/02/11-15:49:24.791131 7fe45ba6f340 Options.compaction_options_fifo.allow_compaction: 0
2022/02/11-15:49:24.791136 7fe45ba6f340                   Options.table_properties_collectors: 
2022/02/11-15:49:24.791136 7fe45ba6f340                   Options.inplace_update_support: 0
2022/02/11-15:49:24.791137 7fe45ba6f340                 Options.inplace_update_num_locks: 10000
2022/02/11-15:49:24.791137 7fe45ba6f340               Options.memtable_prefix_bloom_size_ratio: 0.000000
2022/02/11-15:49:24.791138 7fe45ba6f340               Options.memtable_whole_key_filtering: 0
2022/02/11-15:49:24.791138 7fe45ba6f340   Options.memtable_huge_page_size: 0
2022/02/11-15:49:24.791139 7fe45ba6f340                           Options.bloom_locality: 0
2022/02/11-15:49:24.791139 7fe45ba6f340                    Options.max_successive_merges: 0
2022/02/11-15:49:24.791140 7fe45ba6f340                Options.optimize_filters_for_hits: 0
2022/02/11-15:49:24.791140 7fe45ba6f340                Options.paranoid_file_checks: 0
2022/02/11-15:49:24.791141 7fe45ba6f340                Options.force_consistency_checks: 1
2022/02/11-15:49:24.791141 7fe45ba6f340                Options.report_bg_io_stats: 0
2022/02/11-15:49:24.791142 7fe45ba6f340                               Options.ttl: 2592000
2022/02/11-15:49:24.791142 7fe45ba6f340          Options.periodic_compaction_seconds: 0
2022/02/11-15:49:24.791142 7fe45ba6f340                    Options.enable_blob_files: false
2022/02/11-15:49:24.791143 7fe45ba6f340                        Options.min_blob_size: 0
2022/02/11-15:49:24.791143 7fe45ba6f340                       Options.blob_file_size: 268435456
2022/02/11-15:49:24.791144 7fe45ba6f340                Options.blob_compression_type: NoCompression
2022/02/11-15:49:24.791144 7fe45ba6f340       Options.enable_blob_garbage_collection: false
2022/02/11-15:49:24.791145 7fe45ba6f340   Options.blob_garbage_collection_age_cutoff: 0.250000
2022/02/11-15:49:24.791171 7fe45ba6f340 [db/column_family.cc:596] --------------- Options for column family [pending_orders]:
2022/02/11-15:49:24.791172 7fe45ba6f340               Options.comparator: leveldb.BytewiseComparator
2022/02/11-15:49:24.791172 7fe45ba6f340           Options.merge_operator: None
2022/02/11-15:49:24.791173 7fe45ba6f340        Options.compaction_filter: None
2022/02/11-15:49:24.791173 7fe45ba6f340        Options.compaction_filter_factory: None
2022/02/11-15:49:24.791173 7fe45ba6f340  Options.sst_partitioner_factory: None
2022/02/11-15:49:24.791174 7fe45ba6f340         Options.memtable_factory: SkipListFactory
2022/02/11-15:49:24.791174 7fe45ba6f340            Options.table_factory: BlockBasedTable
2022/02/11-15:49:24.791185 7fe45ba6f340            table_factory options:   flush_block_policy_factory: FlushBlockBySizePolicyFactory (0x559ea4a4f0c0)
  cache_index_and_filter_blocks: 0
  cache_index_and_filter_blocks_with_high_priority: 1
  pin_l0_filter_and_index_blocks_in_cache: 0
  pin_top_level_index_and_filter: 1
  index_type: 0
  data_block_index_type: 0
  index_shortening: 1
  data_block_hash_table_util_ratio: 0.750000
  hash_index_allow_collision: 1
  checksum: 1
  no_block_cache: 0
  block_cache: 0x559ea4a561b0
  block_cache_name: LRUCache
  block_cache_options:
    capacity : 8388608
    num_shard_bits : 4
    strict_capacity_limit : 0
    memory_allocator : None
    high_pri_pool_ratio: 0.000
  block_cache_compressed: (nil)
  persistent_cache: (nil)
  block_size: 4096
  block_size_deviation: 10
  block_restart_interval: 16
  index_block_restart_interval: 1
  metadata_block_size: 4096
  partition_filters: 0
  use_delta_encoding: 1
  filter_policy: nullptr
  whole_key_filtering: 1
  verify_compression: 0
  read_amp_bytes_per_bit: 0
  format_version: 5
  enable_index_compression: 1
  block_align: 0
2022/02/11-15:49:24.791185 7fe45ba6f340        Options.write_buffer_size: 67108864
2022/02/11-15:49:24.791189 7fe45ba6f340  Options.max_write_buffer_number: 2
2022/02/11-15:49:24.791190 7fe45ba6f340          Options.compression: Snappy
2022/02/11-15:49:24.791190 7fe45ba6f340                  Options.bottommost_compression: Disabled
2022/02/11-15:49:24.791191 7fe45ba6f340       Options.prefix_extractor: nullptr
2022/02/11-15:49:24.791191 7fe45ba6f340   Options.memtable_insert_with_hint_prefix_extractor: nullptr
2022/02/11-15:49:24.791192 7fe45ba6f340             Options.num_levels: 7
2022/02/11-15:49:24.791192 7fe45ba6f340        Options.min_write_buffer_number_to_merge: 1
2022/02/11-15:49:24.791192 7fe45ba6f340     Options.max_write_buffer_number_to_maintain: 0
2022/02/11-15:49:24.791193 7fe45ba6f340     Options.max_write_buffer_size_to_maintain: 0
2022/02/11-15:49:24.791193 7fe45ba6f340            Options.bottommost_compression_opts.window_bits: -14
2022/02/11-15:49:24.791194 7fe45ba6f340                  Options.bottommost_compression_opts.level: 32767
2022/02/11-15:49:24.791194 7fe45ba6f340               Options.bottommost_compression_opts.strategy: 0
2022/02/11-15:49:24.791195 7fe45ba6f340         Options.bottommost_compression_opts.max_dict_bytes: 0
2022/02/11-15:49:24.791195 7fe45ba6f340         Options.bottommost_compression_opts.zstd_max_train_bytes: 0
2022/02/11-15:49:24.791196 7fe45ba6f340         Options.bottommost_compression_opts.parallel_threads: 1
2022/02/11-15:49:24.791196 7fe45ba6f340                  Options.bottommost_compression_opts.enabled: false
2022/02/11-15:49:24.791196 7fe45ba6f340         Options.bottommost_compression_opts.max_dict_buffer_bytes: 0
2022/02/11-15:49:24.791197 7fe45ba6f340            Options.compression_opts.window_bits: -14
2022/02/11-15:49:24.791197 7fe45ba6f340                  Options.compression_opts.level: 32767
2022/02/11-15:49:24.791198 7fe45ba6f340               Options.compression_opts.strategy: 0
2022/02/11-15:49:24.791198 7fe45ba6f340         Options.compression_opts.max_dict_bytes: 0
2022/02/11-15:49:24.791199 7fe45ba6f340         Options.compression_opts.zstd_max_train_bytes: 0
2022/02/11-15:49:24.791199 7fe45ba6f340         Options.compression_opts.parallel_threads: 1
2022/02/11-15:49:24.791200 7fe45ba6f340                  Options.compression_opts.enabled: false
2022/02/11-15:49:24.791200 7fe45ba6f340         Options.compression_opts.max_dict_buffer_bytes: 0
2022/02/11-15:49:24.791200 7fe45ba6f340      Options.level0_file_num_compaction_trigger: 4
2022/02/11-15:49:24.791201 7fe45ba6f340          Options.level0_slowdown_writes_trigger: 20
2022/02/11-15:49:24.791201 7fe45ba6f340              Options.level0_stop_writes_trigger: 36
2022/02/11-15:49:24.791202 7fe45ba6f340                   Options.target_file_size_base: 67108864
2022/02/11-15:49:24.791202 7fe45ba6f340             Options.target_file_size_multiplier: 1
2022/02/11-15:49:24.791203 7fe45ba6f340                Options.max_bytes_for_level_base: 268435456
2022/02/11-15:49:24.791203 7fe45ba6f340 Options.level_compaction_dynamic_level_bytes: 0
2022/02/11-15:49:24.791204 7fe45ba6f340          Options.max_bytes_for_level_multiplier: 10.000000
2022/02/11-15:49:24.791204 7fe45ba6f340 Options.max_bytes_for_level_multiplier_addtl[0]: 1
2022/02/11-15:49:24.791205 7fe45ba6f340 Options.max_bytes_for_level_multiplier_addtl[1]: 1
2022/02/11-15:49:24.791206 7fe45ba6f340 Options.max_bytes_for_level_multiplier_addtl[2]: 1
2022/02/11-15:49:24.791206 7fe45ba6f340 Options.max_bytes_for_level_multiplier_addtl[3]: 1
2022/02/11-15:49:24.791206 7fe45ba6f340 Options.max_bytes_for_level_multiplier_addtl[4]: 1
2022/02/11-15:49:24.791207 7fe45ba6f340 Options.max_bytes_for_level_multiplier_addtl[5]: 1
2022/02/11-15:49:24.791207 7fe45ba6f340 Options.max_bytes_for_level_multiplier_addtl[6]: 1
2022/02/11-15:49:24.791208 7fe45ba6f340       Options.max_sequential_skip_in_iterations: 8
2022/02/11-15:49:24.791208 7fe45ba6f340                    Options.max_compaction_bytes: 1677721600
2022/02/11-15:49:24.791209 7fe45ba6f340                        Options.arena_block_size: 8388608
2022/02/11-15:49:24.791209 7fe45ba6f340   Options.soft_pending_compaction_bytes_limit: 68719476736
2022/02/11-15:49:24.791212 7fe45ba6f340   Options.hard_pending_compaction_bytes_limit: 274877906944
2022/02/11-15:49:24.791213 7fe45ba6f340       Options.rate_limit_delay_max_milliseconds: 100
2022/02/11-15:49:24.791213 7fe45ba6f340                Options.disable_auto_compactions: 0
2022/02/11-15:49:24.791214 7fe45ba6f340                        Options.compaction_style: kCompactionStyleLevel
2022/02/11-15:49:24.791214 7fe45ba6f340                          Options.compaction_pri: kMinOverlappingRatio
2022/02/11-15:49:24.791215 7fe45ba6f340 Options.compaction_options_universal.size_ratio: 1
2022/02/11-15:49:24.791215 7fe45ba6f340 Options.compaction_options_universal.min_merge_width: 2
2022/02/11-15:49:24.791215 7fe45ba6f340 Options.compaction_options_universal.max_merge_width: 4294967295
2022/02/11-15:49:24.791216 7fe45ba6f340 Options.compaction_options_universal.max_size_amplification_percent: 200
2022/02/11-15:49:24.791216 7fe45ba6f340 Options.compaction_options_universal.compression_size_percent: -1
2022/02/11-15:49:24.791217 7fe45ba6f340 Options.compaction_options_universal.stop_style: kCompactionStopStyleTotalSize
2022/02/11-15:49:24.791217 7fe45ba6f340 Options.compaction_options_fifo.max_table_files_size: 1073741824
2022/02/11-15:49:24.791218 7fe45ba6f340 Options.compaction_options_fifo.allow_compaction: 0
2022/02/11-15:49:24.791219 7fe45ba6f340                   Options.table_properties_collectors: 
2022/02/11-15:49:24.791219 7fe45ba6f340                   Options.inplace_update_support: 0
2022/02/11-15:49:24.791220 7fe45ba6f340                 Options.inplace_update_num_locks: 10000
2022/02/11-15:49:24.791220 7fe45ba6f340               Options.memtable_prefix_bloom_size_ratio: 0.000000
2022/02/11-15:49:24.791221 7fe45ba6f340               Options.memtable_whole_key_filtering: 0
2022/02/11-15:49:24.791221 7fe45ba6f340   Options.memtable_huge_page_size: 0
2022/02/11-15:49:24.791222 7fe45ba6f340                           Options.bloom_locality: 0
2022/02/11-15:49:24.791222 7fe45ba6f340                    Options.max_successive_merges: 0
2022/02/11-15:49:24.791223 7fe45ba6f340                Options.optimize_filters_for_hits: 0
2022/02/11-15:49:24.791223 7fe45ba6f340                Options.paranoid_file_checks: 0
2022/02/11-15:49:24.791224 7fe45ba6f340                Options.force_consistency_checks: 1
2022/02/11-15:49:24.791224 7fe45ba6f340                Options.report_bg_io_stats: 0
2022/02/11-15:49:24.791224 7fe45ba6f340                               Options.ttl: 2592000
2022/02/11-15:49:24.791225 7fe45ba6f340          Options.periodic_compaction_seconds: 0
2022/02/11-15:49:24.791225 7fe45ba6f340                    Options.enable_blob_files: false
2022/02/11-15:49:24.791226 7fe45ba6f340                        Options.min_blob_size: 0
2022/02/11-15:49:24.791226 7fe45ba6f340                       Options.blob_file_size: 268435456
2022/02/11-15:49:24.791227 7fe45ba6f340                Options.blob_compression_type: NoCompression
2022/02/11-15:49:24.791227 7fe45ba6f340       Options.enable_blob_garbage_collection: false
2022/02/11-15:49:24.791228 7fe45ba6f340   Options.blob_garbage_collection_age_cutoff: 0.250000
2022/02/11-15:49:24.791240 7fe45ba6f340 [db/column_family.cc:596] --------------- Options for column family [certificates]:
2022/02/11-15:49:24.791241 7fe45ba6f340               Options.comparator: leveldb.BytewiseComparator
2022/02/11-15:49:24.791242 7fe45ba6f340           Options.merge_operator: None
2022/02/11-15:49:24.791242 7fe45ba6f340        Options.compaction_filter: None
2022/02/11-15:49:24.791242 7fe45ba6f340        Options.compaction_filter_factory: None
2022/02/11-15:49:24.791243 7fe45ba6f340  Options.sst_partitioner_factory: None
2022/02/11-15:49:24.791243 7fe45ba6f340         Options.memtable_factory: SkipListFactory
2022/02/11-15:49:24.791244 7fe45ba6f340            Options.table_factory: BlockBasedTable
2022/02/11-15:49:24.791253 7fe45ba6f340            table_factory options:   flush_block_policy_factory: FlushBlockBySizePolicyFactory (0x559ea49a9650)
  cache_index_and_filter_blocks: 0
  cache_index_and_filter_blocks_with_high_priority: 1
  pin_l0_filter_and_index_blocks_in_cache: 0
  pin_top_level_index_and_filter: 1
  index_type: 0
  data_block_index_type: 0
  index_shortening: 1
  data_block_hash_table_util_ratio: 0.750000
  hash_index_allow_collision: 1
  checksum: 1
  no_block_cache: 0
  block_cache: 0x559ea4a54b40
  block_cache_name: LRUCache
  block_cache_options:
    capacity : 8388608
    num_shard_bits : 4
    strict_capacity_limit : 0
    memory_allocator : None
    high_pri_pool_ratio: 0.000
  block_cache_compressed: (nil)
  persistent_cache: (nil)
  block_size: 4096
  block_size_deviation: 10
  block_restart_interval: 16
  index_block_restart_interval: 1
  metadata_block_size: 4096
  partition_filters: 0
  use_delta_encoding: 1
  filter_policy: nullptr
  whole_key_filtering: 1
  verify_compression: 0
  read_amp_bytes_per_bit: 0
  format_version: 5
  enable_index_compression: 1
  block_align: 0
2022/02/11-15:49:24.791259 7fe45ba6f340        Options.write_buffer_size: 67108864
2022/02/11-15:49:24.791259 7fe45ba6f340  Options.max_write_buffer_number: 2
2022/02/11-15:49:24.791260 7fe45ba6f340          Options.compression: Snappy
2022/02/11-15:49:24.791260 7fe45ba6f340                  Options.bottommost_compression: Disabled
2022/02/11-15:49:24.791261 7fe45ba6f340       Options.prefix_extractor: nullptr
2022/02/11-15:49:24.791261 7fe45ba6f340   Options.memtable_insert_with_hint_prefix_extractor: nullptr
2022/02/11-15:49:24.791261 7fe45ba6f340             Options.num_levels: 7
2022/02/11-15:49:24.791262 7fe45ba6f340        Options.min_write_buffer_number_to_merge: 1
2022/02/11-15:49:24.791262 7fe45ba6f340     Options.max_write_buffer_number_to_maintain: 0
2022/02/11-15:49:24.791263 7fe45ba6f340     Options.max_write_buffer_size_to_maintain: 0
2022/02/11-15:49:24.791263 7fe45ba6f340            Options.bottommost_compression_opts.window_bits: -14
2022/02/11-15:49:24.791264 7fe45ba6f340                  Options.bottommost_compression_opts.level: 32767
2022/02/11-15:49:24.791264 7fe45ba6f340               Options.bottommost_compression_opts.strategy: 0
2022/02/11-15:49:24.791265 7fe45ba6f340         Options.bottommost_compression_opts.max_dict_bytes: 0
2022/02/11-15:49:24.791265 7fe45ba6f340         Options.bottommost_compression_opts.zstd_max_train_bytes: 0
2022/02/11-15:49:24.791266 7fe45ba6f340         Options.bottommost_compression_opts.parallel_threads: 1
2022/02/11-15:49:24.791266 7fe45ba6f340                  Options.bottommost_compression_opts.enabled: false
2022/02/11-15:49:24.791266 7fe45ba6f340         Options.bottommost_compression_opts.max_dict_buffer_bytes: 0
2022/02/11-15:49:24.791267 7fe45ba6f340            Options.compression_opts.window_bits: -14
2022/02/11-15:49:24.791267 7fe45ba6f340                  Options.compression_opts.level: 32767
2022/02/11-15:49:24.791268 7fe45ba6f340               Options.compression_opts.strategy: 0
2022/02/11-15:49:24.791268 7fe45ba6f340         Options.compression_opts.max_dict_bytes: 0
2022/02/11-15:49:24.791269 7fe45ba6f340         Options.compression_opts.zstd_max_train_bytes: 0
2022/02/11-15:49:24.791269 7fe45ba6f340         Options.compression_opts.parallel_threads: 1
2022/02/11-15:49:24.791270 7fe45ba6f340                  Options.compression_opts.enabled: false
2022/02/11-15:49:24.791270 7fe45ba6f340         Options.compression_opts.max_dict_buffer_bytes: 0
2022/02/11-15:49:24.791271 7fe45ba6f340      Options.level0_file_num_compaction_trigger: 4
2022/02/11-15:49:24.791271 7fe45ba6f340          Options.level0_slowdown_writes_trigger: 20
2022/02/11-15:49:24.791271 7fe45ba6f340              Options.level0_stop_writes_trigger: 36
2022/02/11-15:49:24.791272 7fe45ba6f340                   Options.target_file_size_base: 67108864
2022/02/11-15:49:24.791272 7fe45ba6f340             Options.target_file_size_multiplier: 1
2022/02/11-15:49:24.791273 7fe45ba6f340                Options.max_bytes_for_level_base: 268435456
2022/02/11-15:49:24.791273 7fe45ba6f340 Options.level_compaction_dynamic_level_bytes: 0
2022/02/11-15:49:24.791277 7fe45ba6f340          Options.max_bytes_for_level_multiplier: 10.000000
2022/02/11-15:49:24.791278 7fe45ba6f340 Options.max_bytes_for_level_multiplier_addtl[0]: 1
2022/02/11-15:49:24.791278 7fe45ba6f340 Options.max_bytes_for_level_multiplier_addtl[1]: 1
2022/02/11-15:49:24.791279 7fe45ba6f340 Options.max_bytes_for_level_multiplier_addtl[2]: 1
2022/02/11-15:49:24.791279 7fe45ba6f340 Options.max_bytes_for_level_multiplier_addtl[3]: 1
2022/02/11-15:49:24.791280 7fe45ba6f340 Options.max_bytes_for_level_multiplier_addtl[4]: 1
2022/02/11-15:49:24.791280 7fe45ba6f340 Options.max_bytes_for_level_multiplier_addtl[5]: 1
2022/02/11-15:49:24.791281 7fe45ba6f340 Options.max_bytes_for_level_multiplier_addtl[6]: 1
2022/02/11-15:49:24.791281 7fe45ba6f340       Options.max_sequential_skip_in_iterations: 8
2022/02/11-15:49:24.791282 7fe45ba6f340                    Options.max_compaction_bytes: 1677721600
2022/02/11-15:49:24.791282 7fe45ba6f340                        Options.arena_block_size: 8388608
2022/02/11-15:49:24.791283 7fe45ba6f340   Options.soft_pending_compaction_bytes_limit: 68719476736
2022/02/11-15:49:24.791283 7fe45ba6f340   Options.hard_pending_compaction_bytes_limit: 274877906944
2022/02/11-15:49:24.791283 7fe45ba6f340       Options.rate_limit_delay_max_milliseconds: 100
2022/02/11-15:49:24.791284 7fe45ba6f340                Options.disable_auto_compactions: 0
2022/02/11-15:49:24.791284 7fe45ba6f340                        Options.compaction_style: kCompactionStyleLevel
2022/02/11-15:49:24.791285 7fe45ba6f340                          Options.compaction_pri: kMinOverlappingRatio
2022/02/11-15:49:24.791285 7fe45ba6f340 Options.compaction_options_universal.size_ratio: 1
2022/02/11-15:49:24.791286 7fe45ba6f340 Options.compaction_options_universal.min_merge_width: 2
2022/02/11-15:49:24.791286 7fe45ba6f340 Options.compaction_options_universal.max_merge_width: 4294967295
2022/02/11-15:49:24.791287 7fe45ba6f340 Options.compaction_options_universal.max_size_amplification_percent: 200
2022/02/11-15:49:24.791287 7fe45ba6f340 Options.compaction_options_universal.compression_size_percent: -1
2022/02/11-15:49:24.791288 7fe45ba6f340 Options.compaction_options_universal.stop_style: kCompactionStopStyleTotalSize
2022/02/11-15:49:24.791288 7fe45ba6f340 Options.compaction_options_fifo.max_table_files_size: 1073741824
2022/02/11-15:49:24.791289 7fe45ba6f340 Options.compaction_options_fifo.allow_compaction: 0
2022/02/11-15:49:24.791290 7fe45ba6f340                   Options.table_properties_collectors: 
2022/02/11-15:49:24.791290 7fe45ba6f340                   Options.inplace_update_support: 0
2022/02/11-15:49:24.791291 7fe45ba6f340                 Options.inplace_update_num_locks: 10000
2022/02/11-15:49:24.791291 7fe45ba6f340               Options.memtable_prefix_bloom_size_ratio: 0.000000
2022/02/11-15:49:24.791292 7fe45ba6f340               Options.memtable_whole_key_filtering: 0
2022/02/11-15:49:24.791292 7fe45ba6f340   Options.memtable_huge_page_size: 0
2022/02/11-15:49:24.791293 7fe45ba6f340                           Options.bloom_locality: 0
2022/02/11-15:49:24.791293 7fe45ba6f340                    Options.max_successive_merges: 0
2022/02/11-15:49:24.791293 7fe45ba6f340                Options.optimize_filters_for_hits: 0
2022/02/11-15:49:24.791294 7fe45ba6f340                Options.paranoid_file_checks: 0
2022/02/11-15:49:24.791294 7fe45ba6f340                Options.force_consistency_checks: 1
2022/02/11-15:49:24.791295 7fe45ba6f340                Options.report_bg_io_stats: 0
2022/02/11-15:49:24.791295 7fe45ba6f340                               Options.ttl: 2592000
2022/02/11-15:49:24.791296 7fe45ba6f340          Options.periodic_compaction_seconds: 0
2022/02/11-15:49:24.791296 7fe45ba6f340                    Options.enable_blob_files: false
2022/02/11-15:49:24.791297 7fe45ba6f340                        Options.min_blob_size: 0
2022/02/11-15:49:24.791297 7fe45ba6f340                       Options.blob_file_size: 268435456
2022/02/11-15:49:24.791298 7fe45ba6f340                Options.blob_compression_type: NoCompression
2022/02/11-15:49:24.791301 7fe45ba6f340       Options.enable_blob_garbage_collection: false
2022/02/11-15:49:24.791301 7fe45ba6f340   Options.blob_garbage_collection_age_cutoff: 0.250000
2022/02/11-15:49:24.791314 7fe45ba6f340 [db/column_family.cc:596] --------------- Options for column family [object_certs]:
2022/02/11-15:49:24.791314 7fe45ba6f340               Options.comparator: leveldb.BytewiseComparator
2022/02/11-15:49:24.791315 7fe45ba6f340           Options.merge_operator: None
2022/02/11-15:49:24.791315 7fe45ba6f340        Options.compaction_filter: None
2022/02/11-15:49:24.791316 7fe45ba6f340        Options.compaction_filter_factory: None
2022/02/11-15:49:24.791316 7fe45ba6f340  Options.sst_partitioner_factory: None
2022/02/11-15:49:24.791317 7fe45ba6f340         Options.memtable_factory: SkipListFactory
2022/02/11-15:49:24.791317 7fe45ba6f340            Options.table_factory: BlockBasedTable
2022/02/11-15:49:24.791326 7fe45ba6f340            table_factory options:   flush_block_policy_factory: FlushBlockBySizePolicyFactory (0x559ea4998440)
  cache_index_and_filter_blocks: 0
  cache_index_and_filter_blocks_with_high_priority: 1
  pin_l0_filter_and_index_blocks_in_cache: 0
  pin_top_level_index_and_filter: 1
  index_type: 0
  data_block_index_type: 0
  index_shortening: 1
  data_block_hash_table_util_ratio: 0.750000
  hash_index_allow_collision: 1
  checksum: 1
  no_block_cache: 0
  block_cache: 0x559ea48a6b20
  block_cache_name: LRUCache
  block_cache_options:
    capacity : 8388608
    num_shard_bits : 4
    strict_capacity_limit : 0
    memory_allocator : None
    high_pri_pool_ratio: 0.000
  block_cache_compressed: (nil)
  persistent_cache: (nil)
  block_size: 4096
  block_size_deviation: 10
  block_restart_interval: 16
  index_block_restart_interval: 1
  metadata_block_size: 4096
  partition_filters: 0
  use_delta_encoding: 1
  filter_policy: nullptr
  whole_key_filtering: 1
  verify_compression: 0
  read_amp_bytes_per_bit: 0
  format_version: 5
  enable_index_compression: 1
  block_align: 0
2022/02/11-15:49:24.791327 7fe45ba6f340        Options.write_buffer_size: 67108864
2022/02/11-15:49:24.791327 7fe45ba6f340  Options.max_write_buffer_number: 2
2022/02/11-15:49:24.791328 7fe45ba6f340          Options.compression: Snappy
2022/02/11-15:49:24.791328 7fe45ba6f340                  Options.bottommost_compression: Disabled
2022/02/11-15:49:24.791329 7fe45ba6f340       Options.prefix_extractor: nullptr
2022/02/11-15:49:24.791329 7fe45ba6f340   Options.memtable_insert_with_hint_prefix_extractor: nullptr
2022/02/11-15:49:24.791330 7fe45ba6f340             Options.num_levels: 7
2022/02/11-15:49:24.791330 7fe45ba6f340        Options.min_write_buffer_number_to_merge: 1
2022/02/11-15:49:24.791331 7fe45ba6f340     Options.max_write_buffer_number_to_maintain: 0
2022/02/11-15:49:24.791331 7fe45ba6f340     Options.max_write_buffer_size_to_maintain: 0
2022/02/11-15:49:24.791332 7fe45ba6f340            Options.bottommost_compression_opts.window_bits: -14
