2022/02/11-15:51:22.226097 7fcf56d78340 RocksDB version: 6.20.3
2022/02/11-15:51:22.226109 7fcf56d78340 Git sha 8608d75d85f8e1b3b64b73a4fb6d19baec61ba5c
2022/02/11-15:51:22.226110 7fcf56d78340 Compile date 2021-05-05 20:35:30
2022/02/11-15:51:22.226135 7fcf56d78340 DB SUMMARY
2022/02/11-15:51:22.226136 7fcf56d78340 DB Session ID:  KW8BXR7GFSAH80ZN5UZ5
2022/02/11-15:51:22.226152 7fcf56d78340 CURRENT file:  CURRENT
2022/02/11-15:51:22.226152 7fcf56d78340 IDENTITY file:  IDENTITY
2022/02/11-15:51:22.226154 7fcf56d78340 MANIFEST file:  MANIFEST-000256 size: 951 Bytes
2022/02/11-15:51:22.226155 7fcf56d78340 SST files in ./client_db/k#5edcb5935c8dc07ccc6d408233c584b2232b2ac5ed54ebe33990c1fc244df20b dir, Total Num: 0, files: 
2022/02/11-15:51:22.226156 7fcf56d78340 Write Ahead Log file in ./client_db/k#5edcb5935c8dc07ccc6d408233c584b2232b2ac5ed54ebe33990c1fc244df20b: 000257.log size: 810 ; 
2022/02/11-15:51:22.226157 7fcf56d78340                         Options.error_if_exists: 0
2022/02/11-15:51:22.226158 7fcf56d78340                       Options.create_if_missing: 1
2022/02/11-15:51:22.226158 7fcf56d78340                         Options.paranoid_checks: 1
2022/02/11-15:51:22.226159 7fcf56d78340                               Options.track_and_verify_wals_in_manifest: 0
2022/02/11-15:51:22.226159 7fcf56d78340                                     Options.env: 0x561d55bcc420
2022/02/11-15:51:22.226160 7fcf56d78340                                      Options.fs: Posix File System
2022/02/11-15:51:22.226161 7fcf56d78340                                Options.info_log: 0x561d57b81a60
2022/02/11-15:51:22.226161 7fcf56d78340                Options.max_file_opening_threads: 16
2022/02/11-15:51:22.226162 7fcf56d78340                              Options.statistics: (nil)
2022/02/11-15:51:22.226162 7fcf56d78340                               Options.use_fsync: 0
2022/02/11-15:51:22.226163 7fcf56d78340                       Options.max_log_file_size: 0
2022/02/11-15:51:22.226163 7fcf56d78340                  Options.max_manifest_file_size: 1073741824
2022/02/11-15:51:22.226164 7fcf56d78340                   Options.log_file_time_to_roll: 0
2022/02/11-15:51:22.226164 7fcf56d78340                       Options.keep_log_file_num: 1000
2022/02/11-15:51:22.226165 7fcf56d78340                    Options.recycle_log_file_num: 0
2022/02/11-15:51:22.226165 7fcf56d78340                         Options.allow_fallocate: 1
2022/02/11-15:51:22.226166 7fcf56d78340                        Options.allow_mmap_reads: 0
2022/02/11-15:51:22.226166 7fcf56d78340                       Options.allow_mmap_writes: 0
2022/02/11-15:51:22.226166 7fcf56d78340                        Options.use_direct_reads: 0
2022/02/11-15:51:22.226167 7fcf56d78340                        Options.use_direct_io_for_flush_and_compaction: 0
2022/02/11-15:51:22.226167 7fcf56d78340          Options.create_missing_column_families: 1
2022/02/11-15:51:22.226168 7fcf56d78340                              Options.db_log_dir: 
2022/02/11-15:51:22.226168 7fcf56d78340                                 Options.wal_dir: ./client_db/k#5edcb5935c8dc07ccc6d408233c584b2232b2ac5ed54ebe33990c1fc244df20b
2022/02/11-15:51:22.226169 7fcf56d78340                Options.table_cache_numshardbits: 6
2022/02/11-15:51:22.226169 7fcf56d78340                         Options.WAL_ttl_seconds: 0
2022/02/11-15:51:22.226170 7fcf56d78340                       Options.WAL_size_limit_MB: 0
2022/02/11-15:51:22.226170 7fcf56d78340                        Options.max_write_batch_group_size_bytes: 1048576
2022/02/11-15:51:22.226171 7fcf56d78340             Options.manifest_preallocation_size: 4194304
2022/02/11-15:51:22.226171 7fcf56d78340                     Options.is_fd_close_on_exec: 1
2022/02/11-15:51:22.226172 7fcf56d78340                   Options.advise_random_on_open: 1
2022/02/11-15:51:22.226172 7fcf56d78340                    Options.db_write_buffer_size: 0
2022/02/11-15:51:22.226172 7fcf56d78340                    Options.write_buffer_manager: 0x561d57a9b600
2022/02/11-15:51:22.226173 7fcf56d78340         Options.access_hint_on_compaction_start: 1
2022/02/11-15:51:22.226173 7fcf56d78340  Options.new_table_reader_for_compaction_inputs: 0
2022/02/11-15:51:22.226178 7fcf56d78340           Options.random_access_max_buffer_size: 1048576
2022/02/11-15:51:22.226179 7fcf56d78340                      Options.use_adaptive_mutex: 0
2022/02/11-15:51:22.226179 7fcf56d78340                            Options.rate_limiter: (nil)
2022/02/11-15:51:22.226180 7fcf56d78340     Options.sst_file_manager.rate_bytes_per_sec: 0
2022/02/11-15:51:22.226180 7fcf56d78340                       Options.wal_recovery_mode: 2
2022/02/11-15:51:22.226181 7fcf56d78340                  Options.enable_thread_tracking: 0
2022/02/11-15:51:22.226181 7fcf56d78340                  Options.enable_pipelined_write: 0
2022/02/11-15:51:22.226181 7fcf56d78340                  Options.unordered_write: 0
2022/02/11-15:51:22.226182 7fcf56d78340         Options.allow_concurrent_memtable_write: 1
2022/02/11-15:51:22.226182 7fcf56d78340      Options.enable_write_thread_adaptive_yield: 1
2022/02/11-15:51:22.226183 7fcf56d78340             Options.write_thread_max_yield_usec: 100
2022/02/11-15:51:22.226183 7fcf56d78340            Options.write_thread_slow_yield_usec: 3
2022/02/11-15:51:22.226184 7fcf56d78340                               Options.row_cache: None
2022/02/11-15:51:22.226184 7fcf56d78340                              Options.wal_filter: None
2022/02/11-15:51:22.226185 7fcf56d78340             Options.avoid_flush_during_recovery: 0
2022/02/11-15:51:22.226186 7fcf56d78340             Options.allow_ingest_behind: 0
2022/02/11-15:51:22.226186 7fcf56d78340             Options.preserve_deletes: 0
2022/02/11-15:51:22.226186 7fcf56d78340             Options.two_write_queues: 0
2022/02/11-15:51:22.226187 7fcf56d78340             Options.manual_wal_flush: 0
2022/02/11-15:51:22.226187 7fcf56d78340             Options.atomic_flush: 0
2022/02/11-15:51:22.226188 7fcf56d78340             Options.avoid_unnecessary_blocking_io: 0
2022/02/11-15:51:22.226188 7fcf56d78340                 Options.persist_stats_to_disk: 0
2022/02/11-15:51:22.226189 7fcf56d78340                 Options.write_dbid_to_manifest: 0
2022/02/11-15:51:22.226189 7fcf56d78340                 Options.log_readahead_size: 0
2022/02/11-15:51:22.226189 7fcf56d78340                 Options.file_checksum_gen_factory: Unknown
2022/02/11-15:51:22.226190 7fcf56d78340                 Options.best_efforts_recovery: 0
2022/02/11-15:51:22.226190 7fcf56d78340                Options.max_bgerror_resume_count: 2147483647
2022/02/11-15:51:22.226191 7fcf56d78340            Options.bgerror_resume_retry_interval: 1000000
2022/02/11-15:51:22.226191 7fcf56d78340             Options.allow_data_in_errors: 0
2022/02/11-15:51:22.226192 7fcf56d78340             Options.db_host_id: __hostname__
2022/02/11-15:51:22.226192 7fcf56d78340             Options.max_background_jobs: 2
2022/02/11-15:51:22.226193 7fcf56d78340             Options.max_background_compactions: -1
2022/02/11-15:51:22.226193 7fcf56d78340             Options.max_subcompactions: 1
2022/02/11-15:51:22.226194 7fcf56d78340             Options.avoid_flush_during_shutdown: 0
2022/02/11-15:51:22.226194 7fcf56d78340           Options.writable_file_max_buffer_size: 1048576
2022/02/11-15:51:22.226195 7fcf56d78340             Options.delayed_write_rate : 16777216
2022/02/11-15:51:22.226195 7fcf56d78340             Options.max_total_wal_size: 0
2022/02/11-15:51:22.226195 7fcf56d78340             Options.delete_obsolete_files_period_micros: 21600000000
2022/02/11-15:51:22.226196 7fcf56d78340                   Options.stats_dump_period_sec: 600
2022/02/11-15:51:22.226196 7fcf56d78340                 Options.stats_persist_period_sec: 600
2022/02/11-15:51:22.226197 7fcf56d78340                 Options.stats_history_buffer_size: 1048576
2022/02/11-15:51:22.226198 7fcf56d78340                          Options.max_open_files: -1
2022/02/11-15:51:22.226198 7fcf56d78340                          Options.bytes_per_sync: 0
2022/02/11-15:51:22.226198 7fcf56d78340                      Options.wal_bytes_per_sync: 0
2022/02/11-15:51:22.226199 7fcf56d78340                   Options.strict_bytes_per_sync: 0
2022/02/11-15:51:22.226202 7fcf56d78340       Options.compaction_readahead_size: 0
2022/02/11-15:51:22.226203 7fcf56d78340                  Options.max_background_flushes: -1
2022/02/11-15:51:22.226203 7fcf56d78340 Compression algorithms supported:
2022/02/11-15:51:22.226204 7fcf56d78340 	kZSTDNotFinalCompression supported: 1
2022/02/11-15:51:22.226205 7fcf56d78340 	kZSTD supported: 1
2022/02/11-15:51:22.226205 7fcf56d78340 	kXpressCompression supported: 0
2022/02/11-15:51:22.226206 7fcf56d78340 	kLZ4HCCompression supported: 1
2022/02/11-15:51:22.226206 7fcf56d78340 	kLZ4Compression supported: 1
2022/02/11-15:51:22.226207 7fcf56d78340 	kBZip2Compression supported: 1
2022/02/11-15:51:22.226207 7fcf56d78340 	kZlibCompression supported: 1
2022/02/11-15:51:22.226208 7fcf56d78340 	kSnappyCompression supported: 1
2022/02/11-15:51:22.226208 7fcf56d78340 Fast CRC32 supported: Not supported on x86
2022/02/11-15:51:22.226228 7fcf56d78340 [db/version_set.cc:4626] Recovering from manifest file: ./client_db/k#5edcb5935c8dc07ccc6d408233c584b2232b2ac5ed54ebe33990c1fc244df20b/MANIFEST-000256
2022/02/11-15:51:22.226292 7fcf56d78340 [db/column_family.cc:596] --------------- Options for column family [default]:
2022/02/11-15:51:22.226294 7fcf56d78340               Options.comparator: leveldb.BytewiseComparator
2022/02/11-15:51:22.226295 7fcf56d78340           Options.merge_operator: None
2022/02/11-15:51:22.226295 7fcf56d78340        Options.compaction_filter: None
2022/02/11-15:51:22.226295 7fcf56d78340        Options.compaction_filter_factory: None
2022/02/11-15:51:22.226296 7fcf56d78340  Options.sst_partitioner_factory: None
2022/02/11-15:51:22.226296 7fcf56d78340         Options.memtable_factory: SkipListFactory
2022/02/11-15:51:22.226297 7fcf56d78340            Options.table_factory: BlockBasedTable
2022/02/11-15:51:22.226312 7fcf56d78340            table_factory options:   flush_block_policy_factory: FlushBlockBySizePolicyFactory (0x561d57a76390)
  cache_index_and_filter_blocks: 0
  cache_index_and_filter_blocks_with_high_priority: 1
  pin_l0_filter_and_index_blocks_in_cache: 0
  pin_top_level_index_and_filter: 1
  index_type: 0
  data_block_index_type: 0
  index_shortening: 1
  data_block_hash_table_util_ratio: 0.750000
  hash_index_allow_collision: 1
  checksum: 1
  no_block_cache: 0
  block_cache: 0x561d57ac3630
  block_cache_name: LRUCache
  block_cache_options:
    capacity : 8388608
    num_shard_bits : 4
    strict_capacity_limit : 0
    memory_allocator : None
    high_pri_pool_ratio: 0.000
  block_cache_compressed: (nil)
  persistent_cache: (nil)
  block_size: 4096
  block_size_deviation: 10
  block_restart_interval: 16
  index_block_restart_interval: 1
  metadata_block_size: 4096
  partition_filters: 0
  use_delta_encoding: 1
  filter_policy: nullptr
  whole_key_filtering: 1
  verify_compression: 0
  read_amp_bytes_per_bit: 0
  format_version: 5
  enable_index_compression: 1
  block_align: 0
2022/02/11-15:51:22.226313 7fcf56d78340        Options.write_buffer_size: 67108864
2022/02/11-15:51:22.226313 7fcf56d78340  Options.max_write_buffer_number: 2
2022/02/11-15:51:22.226314 7fcf56d78340          Options.compression: Snappy
2022/02/11-15:51:22.226314 7fcf56d78340                  Options.bottommost_compression: Disabled
2022/02/11-15:51:22.226315 7fcf56d78340       Options.prefix_extractor: nullptr
2022/02/11-15:51:22.226315 7fcf56d78340   Options.memtable_insert_with_hint_prefix_extractor: nullptr
2022/02/11-15:51:22.226316 7fcf56d78340             Options.num_levels: 7
2022/02/11-15:51:22.226316 7fcf56d78340        Options.min_write_buffer_number_to_merge: 1
2022/02/11-15:51:22.226317 7fcf56d78340     Options.max_write_buffer_number_to_maintain: 0
2022/02/11-15:51:22.226317 7fcf56d78340     Options.max_write_buffer_size_to_maintain: 0
2022/02/11-15:51:22.226318 7fcf56d78340            Options.bottommost_compression_opts.window_bits: -14
2022/02/11-15:51:22.226318 7fcf56d78340                  Options.bottommost_compression_opts.level: 32767
2022/02/11-15:51:22.226319 7fcf56d78340               Options.bottommost_compression_opts.strategy: 0
2022/02/11-15:51:22.226324 7fcf56d78340         Options.bottommost_compression_opts.max_dict_bytes: 0
2022/02/11-15:51:22.226325 7fcf56d78340         Options.bottommost_compression_opts.zstd_max_train_bytes: 0
2022/02/11-15:51:22.226326 7fcf56d78340         Options.bottommost_compression_opts.parallel_threads: 1
2022/02/11-15:51:22.226326 7fcf56d78340                  Options.bottommost_compression_opts.enabled: false
2022/02/11-15:51:22.226327 7fcf56d78340         Options.bottommost_compression_opts.max_dict_buffer_bytes: 0
2022/02/11-15:51:22.226327 7fcf56d78340            Options.compression_opts.window_bits: -14
2022/02/11-15:51:22.226328 7fcf56d78340                  Options.compression_opts.level: 32767
2022/02/11-15:51:22.226328 7fcf56d78340               Options.compression_opts.strategy: 0
2022/02/11-15:51:22.226328 7fcf56d78340         Options.compression_opts.max_dict_bytes: 0
2022/02/11-15:51:22.226329 7fcf56d78340         Options.compression_opts.zstd_max_train_bytes: 0
2022/02/11-15:51:22.226329 7fcf56d78340         Options.compression_opts.parallel_threads: 1
2022/02/11-15:51:22.226330 7fcf56d78340                  Options.compression_opts.enabled: false
2022/02/11-15:51:22.226330 7fcf56d78340         Options.compression_opts.max_dict_buffer_bytes: 0
2022/02/11-15:51:22.226331 7fcf56d78340      Options.level0_file_num_compaction_trigger: 4
2022/02/11-15:51:22.226331 7fcf56d78340          Options.level0_slowdown_writes_trigger: 20
2022/02/11-15:51:22.226332 7fcf56d78340              Options.level0_stop_writes_trigger: 36
2022/02/11-15:51:22.226332 7fcf56d78340                   Options.target_file_size_base: 67108864
2022/02/11-15:51:22.226332 7fcf56d78340             Options.target_file_size_multiplier: 1
2022/02/11-15:51:22.226333 7fcf56d78340                Options.max_bytes_for_level_base: 268435456
2022/02/11-15:51:22.226333 7fcf56d78340 Options.level_compaction_dynamic_level_bytes: 0
2022/02/11-15:51:22.226334 7fcf56d78340          Options.max_bytes_for_level_multiplier: 10.000000
2022/02/11-15:51:22.226335 7fcf56d78340 Options.max_bytes_for_level_multiplier_addtl[0]: 1
2022/02/11-15:51:22.226336 7fcf56d78340 Options.max_bytes_for_level_multiplier_addtl[1]: 1
2022/02/11-15:51:22.226336 7fcf56d78340 Options.max_bytes_for_level_multiplier_addtl[2]: 1
2022/02/11-15:51:22.226337 7fcf56d78340 Options.max_bytes_for_level_multiplier_addtl[3]: 1
2022/02/11-15:51:22.226337 7fcf56d78340 Options.max_bytes_for_level_multiplier_addtl[4]: 1
2022/02/11-15:51:22.226338 7fcf56d78340 Options.max_bytes_for_level_multiplier_addtl[5]: 1
2022/02/11-15:51:22.226338 7fcf56d78340 Options.max_bytes_for_level_multiplier_addtl[6]: 1
2022/02/11-15:51:22.226338 7fcf56d78340       Options.max_sequential_skip_in_iterations: 8
2022/02/11-15:51:22.226339 7fcf56d78340                    Options.max_compaction_bytes: 1677721600
2022/02/11-15:51:22.226339 7fcf56d78340                        Options.arena_block_size: 8388608
2022/02/11-15:51:22.226340 7fcf56d78340   Options.soft_pending_compaction_bytes_limit: 68719476736
2022/02/11-15:51:22.226340 7fcf56d78340   Options.hard_pending_compaction_bytes_limit: 274877906944
2022/02/11-15:51:22.226341 7fcf56d78340       Options.rate_limit_delay_max_milliseconds: 100
2022/02/11-15:51:22.226341 7fcf56d78340                Options.disable_auto_compactions: 0
2022/02/11-15:51:22.226342 7fcf56d78340                        Options.compaction_style: kCompactionStyleLevel
2022/02/11-15:51:22.226343 7fcf56d78340                          Options.compaction_pri: kMinOverlappingRatio
2022/02/11-15:51:22.226344 7fcf56d78340 Options.compaction_options_universal.size_ratio: 1
2022/02/11-15:51:22.226344 7fcf56d78340 Options.compaction_options_universal.min_merge_width: 2
2022/02/11-15:51:22.226344 7fcf56d78340 Options.compaction_options_universal.max_merge_width: 4294967295
2022/02/11-15:51:22.226345 7fcf56d78340 Options.compaction_options_universal.max_size_amplification_percent: 200
2022/02/11-15:51:22.226345 7fcf56d78340 Options.compaction_options_universal.compression_size_percent: -1
2022/02/11-15:51:22.226349 7fcf56d78340 Options.compaction_options_universal.stop_style: kCompactionStopStyleTotalSize
2022/02/11-15:51:22.226349 7fcf56d78340 Options.compaction_options_fifo.max_table_files_size: 1073741824
2022/02/11-15:51:22.226350 7fcf56d78340 Options.compaction_options_fifo.allow_compaction: 0
2022/02/11-15:51:22.226355 7fcf56d78340                   Options.table_properties_collectors: 
2022/02/11-15:51:22.226355 7fcf56d78340                   Options.inplace_update_support: 0
2022/02/11-15:51:22.226356 7fcf56d78340                 Options.inplace_update_num_locks: 10000
2022/02/11-15:51:22.226356 7fcf56d78340               Options.memtable_prefix_bloom_size_ratio: 0.000000
2022/02/11-15:51:22.226357 7fcf56d78340               Options.memtable_whole_key_filtering: 0
2022/02/11-15:51:22.226357 7fcf56d78340   Options.memtable_huge_page_size: 0
2022/02/11-15:51:22.226358 7fcf56d78340                           Options.bloom_locality: 0
2022/02/11-15:51:22.226358 7fcf56d78340                    Options.max_successive_merges: 0
2022/02/11-15:51:22.226359 7fcf56d78340                Options.optimize_filters_for_hits: 0
2022/02/11-15:51:22.226359 7fcf56d78340                Options.paranoid_file_checks: 0
2022/02/11-15:51:22.226359 7fcf56d78340                Options.force_consistency_checks: 1
2022/02/11-15:51:22.226360 7fcf56d78340                Options.report_bg_io_stats: 0
2022/02/11-15:51:22.226360 7fcf56d78340                               Options.ttl: 2592000
2022/02/11-15:51:22.226361 7fcf56d78340          Options.periodic_compaction_seconds: 0
2022/02/11-15:51:22.226361 7fcf56d78340                    Options.enable_blob_files: false
2022/02/11-15:51:22.226362 7fcf56d78340                        Options.min_blob_size: 0
2022/02/11-15:51:22.226362 7fcf56d78340                       Options.blob_file_size: 268435456
2022/02/11-15:51:22.226363 7fcf56d78340                Options.blob_compression_type: NoCompression
2022/02/11-15:51:22.226363 7fcf56d78340       Options.enable_blob_garbage_collection: false
2022/02/11-15:51:22.226363 7fcf56d78340   Options.blob_garbage_collection_age_cutoff: 0.250000
2022/02/11-15:51:22.226387 7fcf56d78340 [db/column_family.cc:596] --------------- Options for column family [pending_orders]:
2022/02/11-15:51:22.226388 7fcf56d78340               Options.comparator: leveldb.BytewiseComparator
2022/02/11-15:51:22.226388 7fcf56d78340           Options.merge_operator: None
2022/02/11-15:51:22.226388 7fcf56d78340        Options.compaction_filter: None
2022/02/11-15:51:22.226389 7fcf56d78340        Options.compaction_filter_factory: None
2022/02/11-15:51:22.226389 7fcf56d78340  Options.sst_partitioner_factory: None
2022/02/11-15:51:22.226390 7fcf56d78340         Options.memtable_factory: SkipListFactory
2022/02/11-15:51:22.226390 7fcf56d78340            Options.table_factory: BlockBasedTable
2022/02/11-15:51:22.226399 7fcf56d78340            table_factory options:   flush_block_policy_factory: FlushBlockBySizePolicyFactory (0x561d57b83190)
  cache_index_and_filter_blocks: 0
  cache_index_and_filter_blocks_with_high_priority: 1
  pin_l0_filter_and_index_blocks_in_cache: 0
  pin_top_level_index_and_filter: 1
  index_type: 0
  data_block_index_type: 0
  index_shortening: 1
  data_block_hash_table_util_ratio: 0.750000
  hash_index_allow_collision: 1
  checksum: 1
  no_block_cache: 0
  block_cache: 0x561d57a88940
  block_cache_name: LRUCache
  block_cache_options:
    capacity : 8388608
    num_shard_bits : 4
    strict_capacity_limit : 0
    memory_allocator : None
    high_pri_pool_ratio: 0.000
  block_cache_compressed: (nil)
  persistent_cache: (nil)
  block_size: 4096
  block_size_deviation: 10
  block_restart_interval: 16
  index_block_restart_interval: 1
  metadata_block_size: 4096
  partition_filters: 0
  use_delta_encoding: 1
  filter_policy: nullptr
  whole_key_filtering: 1
  verify_compression: 0
  read_amp_bytes_per_bit: 0
  format_version: 5
  enable_index_compression: 1
  block_align: 0
2022/02/11-15:51:22.226399 7fcf56d78340        Options.write_buffer_size: 67108864
2022/02/11-15:51:22.226403 7fcf56d78340  Options.max_write_buffer_number: 2
2022/02/11-15:51:22.226403 7fcf56d78340          Options.compression: Snappy
2022/02/11-15:51:22.226404 7fcf56d78340                  Options.bottommost_compression: Disabled
2022/02/11-15:51:22.226404 7fcf56d78340       Options.prefix_extractor: nullptr
2022/02/11-15:51:22.226405 7fcf56d78340   Options.memtable_insert_with_hint_prefix_extractor: nullptr
2022/02/11-15:51:22.226405 7fcf56d78340             Options.num_levels: 7
2022/02/11-15:51:22.226405 7fcf56d78340        Options.min_write_buffer_number_to_merge: 1
2022/02/11-15:51:22.226406 7fcf56d78340     Options.max_write_buffer_number_to_maintain: 0
2022/02/11-15:51:22.226406 7fcf56d78340     Options.max_write_buffer_size_to_maintain: 0
2022/02/11-15:51:22.226407 7fcf56d78340            Options.bottommost_compression_opts.window_bits: -14
2022/02/11-15:51:22.226407 7fcf56d78340                  Options.bottommost_compression_opts.level: 32767
2022/02/11-15:51:22.226408 7fcf56d78340               Options.bottommost_compression_opts.strategy: 0
2022/02/11-15:51:22.226408 7fcf56d78340         Options.bottommost_compression_opts.max_dict_bytes: 0
2022/02/11-15:51:22.226409 7fcf56d78340         Options.bottommost_compression_opts.zstd_max_train_bytes: 0
2022/02/11-15:51:22.226409 7fcf56d78340         Options.bottommost_compression_opts.parallel_threads: 1
2022/02/11-15:51:22.226410 7fcf56d78340                  Options.bottommost_compression_opts.enabled: false
2022/02/11-15:51:22.226410 7fcf56d78340         Options.bottommost_compression_opts.max_dict_buffer_bytes: 0
2022/02/11-15:51:22.226410 7fcf56d78340            Options.compression_opts.window_bits: -14
2022/02/11-15:51:22.226411 7fcf56d78340                  Options.compression_opts.level: 32767
2022/02/11-15:51:22.226411 7fcf56d78340               Options.compression_opts.strategy: 0
2022/02/11-15:51:22.226412 7fcf56d78340         Options.compression_opts.max_dict_bytes: 0
2022/02/11-15:51:22.226412 7fcf56d78340         Options.compression_opts.zstd_max_train_bytes: 0
2022/02/11-15:51:22.226413 7fcf56d78340         Options.compression_opts.parallel_threads: 1
2022/02/11-15:51:22.226413 7fcf56d78340                  Options.compression_opts.enabled: false
2022/02/11-15:51:22.226414 7fcf56d78340         Options.compression_opts.max_dict_buffer_bytes: 0
2022/02/11-15:51:22.226414 7fcf56d78340      Options.level0_file_num_compaction_trigger: 4
2022/02/11-15:51:22.226414 7fcf56d78340          Options.level0_slowdown_writes_trigger: 20
2022/02/11-15:51:22.226415 7fcf56d78340              Options.level0_stop_writes_trigger: 36
2022/02/11-15:51:22.226415 7fcf56d78340                   Options.target_file_size_base: 67108864
2022/02/11-15:51:22.226416 7fcf56d78340             Options.target_file_size_multiplier: 1
2022/02/11-15:51:22.226416 7fcf56d78340                Options.max_bytes_for_level_base: 268435456
2022/02/11-15:51:22.226417 7fcf56d78340 Options.level_compaction_dynamic_level_bytes: 0
2022/02/11-15:51:22.226417 7fcf56d78340          Options.max_bytes_for_level_multiplier: 10.000000
2022/02/11-15:51:22.226418 7fcf56d78340 Options.max_bytes_for_level_multiplier_addtl[0]: 1
2022/02/11-15:51:22.226418 7fcf56d78340 Options.max_bytes_for_level_multiplier_addtl[1]: 1
2022/02/11-15:51:22.226419 7fcf56d78340 Options.max_bytes_for_level_multiplier_addtl[2]: 1
2022/02/11-15:51:22.226419 7fcf56d78340 Options.max_bytes_for_level_multiplier_addtl[3]: 1
2022/02/11-15:51:22.226420 7fcf56d78340 Options.max_bytes_for_level_multiplier_addtl[4]: 1
2022/02/11-15:51:22.226420 7fcf56d78340 Options.max_bytes_for_level_multiplier_addtl[5]: 1
2022/02/11-15:51:22.226421 7fcf56d78340 Options.max_bytes_for_level_multiplier_addtl[6]: 1
2022/02/11-15:51:22.226421 7fcf56d78340       Options.max_sequential_skip_in_iterations: 8
2022/02/11-15:51:22.226421 7fcf56d78340                    Options.max_compaction_bytes: 1677721600
2022/02/11-15:51:22.226422 7fcf56d78340                        Options.arena_block_size: 8388608
2022/02/11-15:51:22.226422 7fcf56d78340   Options.soft_pending_compaction_bytes_limit: 68719476736
2022/02/11-15:51:22.226425 7fcf56d78340   Options.hard_pending_compaction_bytes_limit: 274877906944
2022/02/11-15:51:22.226426 7fcf56d78340       Options.rate_limit_delay_max_milliseconds: 100
2022/02/11-15:51:22.226426 7fcf56d78340                Options.disable_auto_compactions: 0
2022/02/11-15:51:22.226427 7fcf56d78340                        Options.compaction_style: kCompactionStyleLevel
2022/02/11-15:51:22.226427 7fcf56d78340                          Options.compaction_pri: kMinOverlappingRatio
2022/02/11-15:51:22.226427 7fcf56d78340 Options.compaction_options_universal.size_ratio: 1
2022/02/11-15:51:22.226428 7fcf56d78340 Options.compaction_options_universal.min_merge_width: 2
2022/02/11-15:51:22.226428 7fcf56d78340 Options.compaction_options_universal.max_merge_width: 4294967295
2022/02/11-15:51:22.226429 7fcf56d78340 Options.compaction_options_universal.max_size_amplification_percent: 200
2022/02/11-15:51:22.226429 7fcf56d78340 Options.compaction_options_universal.compression_size_percent: -1
2022/02/11-15:51:22.226430 7fcf56d78340 Options.compaction_options_universal.stop_style: kCompactionStopStyleTotalSize
2022/02/11-15:51:22.226430 7fcf56d78340 Options.compaction_options_fifo.max_table_files_size: 1073741824
2022/02/11-15:51:22.226431 7fcf56d78340 Options.compaction_options_fifo.allow_compaction: 0
2022/02/11-15:51:22.226431 7fcf56d78340                   Options.table_properties_collectors: 
2022/02/11-15:51:22.226432 7fcf56d78340                   Options.inplace_update_support: 0
2022/02/11-15:51:22.226432 7fcf56d78340                 Options.inplace_update_num_locks: 10000
2022/02/11-15:51:22.226433 7fcf56d78340               Options.memtable_prefix_bloom_size_ratio: 0.000000
2022/02/11-15:51:22.226433 7fcf56d78340               Options.memtable_whole_key_filtering: 0
2022/02/11-15:51:22.226434 7fcf56d78340   Options.memtable_huge_page_size: 0
2022/02/11-15:51:22.226434 7fcf56d78340                           Options.bloom_locality: 0
2022/02/11-15:51:22.226435 7fcf56d78340                    Options.max_successive_merges: 0
2022/02/11-15:51:22.226435 7fcf56d78340                Options.optimize_filters_for_hits: 0
2022/02/11-15:51:22.226435 7fcf56d78340                Options.paranoid_file_checks: 0
2022/02/11-15:51:22.226436 7fcf56d78340                Options.force_consistency_checks: 1
2022/02/11-15:51:22.226436 7fcf56d78340                Options.report_bg_io_stats: 0
2022/02/11-15:51:22.226437 7fcf56d78340                               Options.ttl: 2592000
2022/02/11-15:51:22.226437 7fcf56d78340          Options.periodic_compaction_seconds: 0
2022/02/11-15:51:22.226438 7fcf56d78340                    Options.enable_blob_files: false
2022/02/11-15:51:22.226438 7fcf56d78340                        Options.min_blob_size: 0
2022/02/11-15:51:22.226439 7fcf56d78340                       Options.blob_file_size: 268435456
2022/02/11-15:51:22.226439 7fcf56d78340                Options.blob_compression_type: NoCompression
2022/02/11-15:51:22.226439 7fcf56d78340       Options.enable_blob_garbage_collection: false
2022/02/11-15:51:22.226440 7fcf56d78340   Options.blob_garbage_collection_age_cutoff: 0.250000
2022/02/11-15:51:22.226455 7fcf56d78340 [db/column_family.cc:596] --------------- Options for column family [certificates]:
2022/02/11-15:51:22.226455 7fcf56d78340               Options.comparator: leveldb.BytewiseComparator
2022/02/11-15:51:22.226456 7fcf56d78340           Options.merge_operator: None
2022/02/11-15:51:22.226456 7fcf56d78340        Options.compaction_filter: None
2022/02/11-15:51:22.226457 7fcf56d78340        Options.compaction_filter_factory: None
2022/02/11-15:51:22.226457 7fcf56d78340  Options.sst_partitioner_factory: None
2022/02/11-15:51:22.226457 7fcf56d78340         Options.memtable_factory: SkipListFactory
2022/02/11-15:51:22.226458 7fcf56d78340            Options.table_factory: BlockBasedTable
2022/02/11-15:51:22.226466 7fcf56d78340            table_factory options:   flush_block_policy_factory: FlushBlockBySizePolicyFactory (0x561d57988f00)
  cache_index_and_filter_blocks: 0
  cache_index_and_filter_blocks_with_high_priority: 1
  pin_l0_filter_and_index_blocks_in_cache: 0
  pin_top_level_index_and_filter: 1
  index_type: 0
  data_block_index_type: 0
  index_shortening: 1
  data_block_hash_table_util_ratio: 0.750000
  hash_index_allow_collision: 1
  checksum: 1
  no_block_cache: 0
  block_cache: 0x561d57a76a70
  block_cache_name: LRUCache
  block_cache_options:
    capacity : 8388608
    num_shard_bits : 4
    strict_capacity_limit : 0
    memory_allocator : None
    high_pri_pool_ratio: 0.000
  block_cache_compressed: (nil)
  persistent_cache: (nil)
  block_size: 4096
  block_size_deviation: 10
  block_restart_interval: 16
  index_block_restart_interval: 1
  metadata_block_size: 4096
  partition_filters: 0
  use_delta_encoding: 1
  filter_policy: nullptr
  whole_key_filtering: 1
  verify_compression: 0
  read_amp_bytes_per_bit: 0
  format_version: 5
  enable_index_compression: 1
  block_align: 0
2022/02/11-15:51:22.226470 7fcf56d78340        Options.write_buffer_size: 67108864
2022/02/11-15:51:22.226470 7fcf56d78340  Options.max_write_buffer_number: 2
2022/02/11-15:51:22.226471 7fcf56d78340          Options.compression: Snappy
2022/02/11-15:51:22.226471 7fcf56d78340                  Options.bottommost_compression: Disabled
2022/02/11-15:51:22.226471 7fcf56d78340       Options.prefix_extractor: nullptr
2022/02/11-15:51:22.226472 7fcf56d78340   Options.memtable_insert_with_hint_prefix_extractor: nullptr
2022/02/11-15:51:22.226472 7fcf56d78340             Options.num_levels: 7
2022/02/11-15:51:22.226473 7fcf56d78340        Options.min_write_buffer_number_to_merge: 1
2022/02/11-15:51:22.226473 7fcf56d78340     Options.max_write_buffer_number_to_maintain: 0
2022/02/11-15:51:22.226474 7fcf56d78340     Options.max_write_buffer_size_to_maintain: 0
2022/02/11-15:51:22.226474 7fcf56d78340            Options.bottommost_compression_opts.window_bits: -14
2022/02/11-15:51:22.226475 7fcf56d78340                  Options.bottommost_compression_opts.level: 32767
2022/02/11-15:51:22.226475 7fcf56d78340               Options.bottommost_compression_opts.strategy: 0
2022/02/11-15:51:22.226475 7fcf56d78340         Options.bottommost_compression_opts.max_dict_bytes: 0
2022/02/11-15:51:22.226476 7fcf56d78340         Options.bottommost_compression_opts.zstd_max_train_bytes: 0
2022/02/11-15:51:22.226476 7fcf56d78340         Options.bottommost_compression_opts.parallel_threads: 1
2022/02/11-15:51:22.226477 7fcf56d78340                  Options.bottommost_compression_opts.enabled: false
2022/02/11-15:51:22.226477 7fcf56d78340         Options.bottommost_compression_opts.max_dict_buffer_bytes: 0
2022/02/11-15:51:22.226478 7fcf56d78340            Options.compression_opts.window_bits: -14
2022/02/11-15:51:22.226478 7fcf56d78340                  Options.compression_opts.level: 32767
2022/02/11-15:51:22.226478 7fcf56d78340               Options.compression_opts.strategy: 0
2022/02/11-15:51:22.226479 7fcf56d78340         Options.compression_opts.max_dict_bytes: 0
2022/02/11-15:51:22.226479 7fcf56d78340         Options.compression_opts.zstd_max_train_bytes: 0
2022/02/11-15:51:22.226480 7fcf56d78340         Options.compression_opts.parallel_threads: 1
2022/02/11-15:51:22.226480 7fcf56d78340                  Options.compression_opts.enabled: false
2022/02/11-15:51:22.226481 7fcf56d78340         Options.compression_opts.max_dict_buffer_bytes: 0
2022/02/11-15:51:22.226481 7fcf56d78340      Options.level0_file_num_compaction_trigger: 4
2022/02/11-15:51:22.226481 7fcf56d78340          Options.level0_slowdown_writes_trigger: 20
2022/02/11-15:51:22.226482 7fcf56d78340              Options.level0_stop_writes_trigger: 36
2022/02/11-15:51:22.226482 7fcf56d78340                   Options.target_file_size_base: 67108864
2022/02/11-15:51:22.226483 7fcf56d78340             Options.target_file_size_multiplier: 1
2022/02/11-15:51:22.226483 7fcf56d78340                Options.max_bytes_for_level_base: 268435456
2022/02/11-15:51:22.226484 7fcf56d78340 Options.level_compaction_dynamic_level_bytes: 0
2022/02/11-15:51:22.226486 7fcf56d78340          Options.max_bytes_for_level_multiplier: 10.000000
2022/02/11-15:51:22.226487 7fcf56d78340 Options.max_bytes_for_level_multiplier_addtl[0]: 1
2022/02/11-15:51:22.226488 7fcf56d78340 Options.max_bytes_for_level_multiplier_addtl[1]: 1
2022/02/11-15:51:22.226488 7fcf56d78340 Options.max_bytes_for_level_multiplier_addtl[2]: 1
2022/02/11-15:51:22.226488 7fcf56d78340 Options.max_bytes_for_level_multiplier_addtl[3]: 1
2022/02/11-15:51:22.226489 7fcf56d78340 Options.max_bytes_for_level_multiplier_addtl[4]: 1
2022/02/11-15:51:22.226489 7fcf56d78340 Options.max_bytes_for_level_multiplier_addtl[5]: 1
2022/02/11-15:51:22.226490 7fcf56d78340 Options.max_bytes_for_level_multiplier_addtl[6]: 1
2022/02/11-15:51:22.226490 7fcf56d78340       Options.max_sequential_skip_in_iterations: 8
2022/02/11-15:51:22.226491 7fcf56d78340                    Options.max_compaction_bytes: 1677721600
2022/02/11-15:51:22.226491 7fcf56d78340                        Options.arena_block_size: 8388608
2022/02/11-15:51:22.226492 7fcf56d78340   Options.soft_pending_compaction_bytes_limit: 68719476736
2022/02/11-15:51:22.226492 7fcf56d78340   Options.hard_pending_compaction_bytes_limit: 274877906944
2022/02/11-15:51:22.226493 7fcf56d78340       Options.rate_limit_delay_max_milliseconds: 100
2022/02/11-15:51:22.226493 7fcf56d78340                Options.disable_auto_compactions: 0
2022/02/11-15:51:22.226493 7fcf56d78340                        Options.compaction_style: kCompactionStyleLevel
2022/02/11-15:51:22.226494 7fcf56d78340                          Options.compaction_pri: kMinOverlappingRatio
2022/02/11-15:51:22.226494 7fcf56d78340 Options.compaction_options_universal.size_ratio: 1
2022/02/11-15:51:22.226495 7fcf56d78340 Options.compaction_options_universal.min_merge_width: 2
2022/02/11-15:51:22.226495 7fcf56d78340 Options.compaction_options_universal.max_merge_width: 4294967295
2022/02/11-15:51:22.226496 7fcf56d78340 Options.compaction_options_universal.max_size_amplification_percent: 200
2022/02/11-15:51:22.226496 7fcf56d78340 Options.compaction_options_universal.compression_size_percent: -1
2022/02/11-15:51:22.226497 7fcf56d78340 Options.compaction_options_universal.stop_style: kCompactionStopStyleTotalSize
2022/02/11-15:51:22.226497 7fcf56d78340 Options.compaction_options_fifo.max_table_files_size: 1073741824
2022/02/11-15:51:22.226498 7fcf56d78340 Options.compaction_options_fifo.allow_compaction: 0
2022/02/11-15:51:22.226498 7fcf56d78340                   Options.table_properties_collectors: 
2022/02/11-15:51:22.226499 7fcf56d78340                   Options.inplace_update_support: 0
2022/02/11-15:51:22.226499 7fcf56d78340                 Options.inplace_update_num_locks: 10000
2022/02/11-15:51:22.226500 7fcf56d78340               Options.memtable_prefix_bloom_size_ratio: 0.000000
2022/02/11-15:51:22.226500 7fcf56d78340               Options.memtable_whole_key_filtering: 0
2022/02/11-15:51:22.226501 7fcf56d78340   Options.memtable_huge_page_size: 0
2022/02/11-15:51:22.226501 7fcf56d78340                           Options.bloom_locality: 0
2022/02/11-15:51:22.226502 7fcf56d78340                    Options.max_successive_merges: 0
2022/02/11-15:51:22.226502 7fcf56d78340                Options.optimize_filters_for_hits: 0
2022/02/11-15:51:22.226503 7fcf56d78340                Options.paranoid_file_checks: 0
2022/02/11-15:51:22.226503 7fcf56d78340                Options.force_consistency_checks: 1
2022/02/11-15:51:22.226503 7fcf56d78340                Options.report_bg_io_stats: 0
2022/02/11-15:51:22.226504 7fcf56d78340                               Options.ttl: 2592000
2022/02/11-15:51:22.226504 7fcf56d78340          Options.periodic_compaction_seconds: 0
2022/02/11-15:51:22.226505 7fcf56d78340                    Options.enable_blob_files: false
2022/02/11-15:51:22.226505 7fcf56d78340                        Options.min_blob_size: 0
2022/02/11-15:51:22.226506 7fcf56d78340                       Options.blob_file_size: 268435456
2022/02/11-15:51:22.226506 7fcf56d78340                Options.blob_compression_type: NoCompression
2022/02/11-15:51:22.226509 7fcf56d78340       Options.enable_blob_garbage_collection: false
2022/02/11-15:51:22.226510 7fcf56d78340   Options.blob_garbage_collection_age_cutoff: 0.250000
2022/02/11-15:51:22.226522 7fcf56d78340 [db/column_family.cc:596] --------------- Options for column family [object_certs]:
2022/02/11-15:51:22.226523 7fcf56d78340               Options.comparator: leveldb.BytewiseComparator
2022/02/11-15:51:22.226523 7fcf56d78340           Options.merge_operator: None
2022/02/11-15:51:22.226524 7fcf56d78340        Options.compaction_filter: None
2022/02/11-15:51:22.226524 7fcf56d78340        Options.compaction_filter_factory: None
2022/02/11-15:51:22.226525 7fcf56d78340  Options.sst_partitioner_factory: None
2022/02/11-15:51:22.226525 7fcf56d78340         Options.memtable_factory: SkipListFactory
2022/02/11-15:51:22.226525 7fcf56d78340            Options.table_factory: BlockBasedTable
2022/02/11-15:51:22.226533 7fcf56d78340            table_factory options:   flush_block_policy_factory: FlushBlockBySizePolicyFactory (0x561d579582d0)
  cache_index_and_filter_blocks: 0
  cache_index_and_filter_blocks_with_high_priority: 1
  pin_l0_filter_and_index_blocks_in_cache: 0
  pin_top_level_index_and_filter: 1
  index_type: 0
  data_block_index_type: 0
  index_shortening: 1
  data_block_hash_table_util_ratio: 0.750000
  hash_index_allow_collision: 1
  checksum: 1
  no_block_cache: 0
  block_cache: 0x561d57ac22c0
  block_cache_name: LRUCache
  block_cache_options:
    capacity : 8388608
    num_shard_bits : 4
    strict_capacity_limit : 0
    memory_allocator : None
    high_pri_pool_ratio: 0.000
  block_cache_compressed: (nil)
  persistent_cache: (nil)
  block_size: 4096
  block_size_deviation: 10
  block_restart_interval: 16
  index_block_restart_interval: 1
  metadata_block_size: 4096
  partition_filters: 0
  use_delta_encoding: 1
  filter_policy: nullptr
  whole_key_filtering: 1
  verify_compression: 0
  read_amp_bytes_per_bit: 0
  format_version: 5
  enable_index_compression: 1
  block_align: 0
2022/02/11-15:51:22.226533 7fcf56d78340        Options.write_buffer_size: 67108864
2022/02/11-15:51:22.226534 7fcf56d78340  Options.max_write_buffer_number: 2
2022/02/11-15:51:22.226534 7fcf56d78340          Options.compression: Snappy
2022/02/11-15:51:22.226535 7fcf56d78340                  Options.bottommost_compression: Disabled
2022/02/11-15:51:22.226535 7fcf56d78340       Options.prefix_extractor: nullptr
2022/02/11-15:51:22.226536 7fcf56d78340   Options.memtable_insert_with_hint_prefix_extractor: nullptr
2022/02/11-15:51:22.226536 7fcf56d78340             Options.num_levels: 7
2022/02/11-15:51:22.226536 7fcf56d78340        Options.min_write_buffer_number_to_merge: 1
2022/02/11-15:51:22.226537 7fcf56d78340     Options.max_write_buffer_number_to_maintain: 0
2022/02/11-15:51:22.226537 7fcf56d78340     Options.max_write_buffer_size_to_maintain: 0
2022/02/11-15:51:22.226538 7fcf56d78340            Options.bottommost_compression_opts.window_bits: -14
