2022/02/11-15:32:40.148965 7feacc4dd340 RocksDB version: 6.20.3
2022/02/11-15:32:40.148976 7feacc4dd340 Git sha 8608d75d85f8e1b3b64b73a4fb6d19baec61ba5c
2022/02/11-15:32:40.148977 7feacc4dd340 Compile date 2021-05-05 20:35:30
2022/02/11-15:32:40.148999 7feacc4dd340 DB SUMMARY
2022/02/11-15:32:40.149000 7feacc4dd340 DB Session ID:  Q6H7MBJ35ZJYK37T9FGB
2022/02/11-15:32:40.149016 7feacc4dd340 CURRENT file:  CURRENT
2022/02/11-15:32:40.149017 7feacc4dd340 IDENTITY file:  IDENTITY
2022/02/11-15:32:40.149018 7feacc4dd340 MANIFEST file:  MANIFEST-000076 size: 907 Bytes
2022/02/11-15:32:40.149019 7feacc4dd340 SST files in ./client_db/k#5edcb5935c8dc07ccc6d408233c584b2232b2ac5ed54ebe33990c1fc244df20b dir, Total Num: 0, files: 
2022/02/11-15:32:40.149020 7feacc4dd340 Write Ahead Log file in ./client_db/k#5edcb5935c8dc07ccc6d408233c584b2232b2ac5ed54ebe33990c1fc244df20b: 000077.log size: 810 ; 
2022/02/11-15:32:40.149021 7feacc4dd340                         Options.error_if_exists: 0
2022/02/11-15:32:40.149022 7feacc4dd340                       Options.create_if_missing: 1
2022/02/11-15:32:40.149022 7feacc4dd340                         Options.paranoid_checks: 1
2022/02/11-15:32:40.149023 7feacc4dd340                               Options.track_and_verify_wals_in_manifest: 0
2022/02/11-15:32:40.149023 7feacc4dd340                                     Options.env: 0x5639e2dfa420
2022/02/11-15:32:40.149024 7feacc4dd340                                      Options.fs: Posix File System
2022/02/11-15:32:40.149025 7feacc4dd340                                Options.info_log: 0x5639e3a6b180
2022/02/11-15:32:40.149025 7feacc4dd340                Options.max_file_opening_threads: 16
2022/02/11-15:32:40.149026 7feacc4dd340                              Options.statistics: (nil)
2022/02/11-15:32:40.149027 7feacc4dd340                               Options.use_fsync: 0
2022/02/11-15:32:40.149027 7feacc4dd340                       Options.max_log_file_size: 0
2022/02/11-15:32:40.149028 7feacc4dd340                  Options.max_manifest_file_size: 1073741824
2022/02/11-15:32:40.149028 7feacc4dd340                   Options.log_file_time_to_roll: 0
2022/02/11-15:32:40.149029 7feacc4dd340                       Options.keep_log_file_num: 1000
2022/02/11-15:32:40.149029 7feacc4dd340                    Options.recycle_log_file_num: 0
2022/02/11-15:32:40.149030 7feacc4dd340                         Options.allow_fallocate: 1
2022/02/11-15:32:40.149030 7feacc4dd340                        Options.allow_mmap_reads: 0
2022/02/11-15:32:40.149031 7feacc4dd340                       Options.allow_mmap_writes: 0
2022/02/11-15:32:40.149031 7feacc4dd340                        Options.use_direct_reads: 0
2022/02/11-15:32:40.149031 7feacc4dd340                        Options.use_direct_io_for_flush_and_compaction: 0
2022/02/11-15:32:40.149032 7feacc4dd340          Options.create_missing_column_families: 1
2022/02/11-15:32:40.149032 7feacc4dd340                              Options.db_log_dir: 
2022/02/11-15:32:40.149033 7feacc4dd340                                 Options.wal_dir: ./client_db/k#5edcb5935c8dc07ccc6d408233c584b2232b2ac5ed54ebe33990c1fc244df20b
2022/02/11-15:32:40.149033 7feacc4dd340                Options.table_cache_numshardbits: 6
2022/02/11-15:32:40.149034 7feacc4dd340                         Options.WAL_ttl_seconds: 0
2022/02/11-15:32:40.149034 7feacc4dd340                       Options.WAL_size_limit_MB: 0
2022/02/11-15:32:40.149035 7feacc4dd340                        Options.max_write_batch_group_size_bytes: 1048576
2022/02/11-15:32:40.149035 7feacc4dd340             Options.manifest_preallocation_size: 4194304
2022/02/11-15:32:40.149036 7feacc4dd340                     Options.is_fd_close_on_exec: 1
2022/02/11-15:32:40.149036 7feacc4dd340                   Options.advise_random_on_open: 1
2022/02/11-15:32:40.149037 7feacc4dd340                    Options.db_write_buffer_size: 0
2022/02/11-15:32:40.149037 7feacc4dd340                    Options.write_buffer_manager: 0x5639e3a67c40
2022/02/11-15:32:40.149038 7feacc4dd340         Options.access_hint_on_compaction_start: 1
2022/02/11-15:32:40.149038 7feacc4dd340  Options.new_table_reader_for_compaction_inputs: 0
2022/02/11-15:32:40.149044 7feacc4dd340           Options.random_access_max_buffer_size: 1048576
2022/02/11-15:32:40.149045 7feacc4dd340                      Options.use_adaptive_mutex: 0
2022/02/11-15:32:40.149045 7feacc4dd340                            Options.rate_limiter: (nil)
2022/02/11-15:32:40.149046 7feacc4dd340     Options.sst_file_manager.rate_bytes_per_sec: 0
2022/02/11-15:32:40.149046 7feacc4dd340                       Options.wal_recovery_mode: 2
2022/02/11-15:32:40.149047 7feacc4dd340                  Options.enable_thread_tracking: 0
2022/02/11-15:32:40.149047 7feacc4dd340                  Options.enable_pipelined_write: 0
2022/02/11-15:32:40.149047 7feacc4dd340                  Options.unordered_write: 0
2022/02/11-15:32:40.149048 7feacc4dd340         Options.allow_concurrent_memtable_write: 1
2022/02/11-15:32:40.149048 7feacc4dd340      Options.enable_write_thread_adaptive_yield: 1
2022/02/11-15:32:40.149049 7feacc4dd340             Options.write_thread_max_yield_usec: 100
2022/02/11-15:32:40.149049 7feacc4dd340            Options.write_thread_slow_yield_usec: 3
2022/02/11-15:32:40.149050 7feacc4dd340                               Options.row_cache: None
2022/02/11-15:32:40.149050 7feacc4dd340                              Options.wal_filter: None
2022/02/11-15:32:40.149051 7feacc4dd340             Options.avoid_flush_during_recovery: 0
2022/02/11-15:32:40.149051 7feacc4dd340             Options.allow_ingest_behind: 0
2022/02/11-15:32:40.149052 7feacc4dd340             Options.preserve_deletes: 0
2022/02/11-15:32:40.149052 7feacc4dd340             Options.two_write_queues: 0
2022/02/11-15:32:40.149052 7feacc4dd340             Options.manual_wal_flush: 0
2022/02/11-15:32:40.149053 7feacc4dd340             Options.atomic_flush: 0
2022/02/11-15:32:40.149053 7feacc4dd340             Options.avoid_unnecessary_blocking_io: 0
2022/02/11-15:32:40.149054 7feacc4dd340                 Options.persist_stats_to_disk: 0
2022/02/11-15:32:40.149054 7feacc4dd340                 Options.write_dbid_to_manifest: 0
2022/02/11-15:32:40.149055 7feacc4dd340                 Options.log_readahead_size: 0
2022/02/11-15:32:40.149055 7feacc4dd340                 Options.file_checksum_gen_factory: Unknown
2022/02/11-15:32:40.149056 7feacc4dd340                 Options.best_efforts_recovery: 0
2022/02/11-15:32:40.149056 7feacc4dd340                Options.max_bgerror_resume_count: 2147483647
2022/02/11-15:32:40.149057 7feacc4dd340            Options.bgerror_resume_retry_interval: 1000000
2022/02/11-15:32:40.149057 7feacc4dd340             Options.allow_data_in_errors: 0
2022/02/11-15:32:40.149058 7feacc4dd340             Options.db_host_id: __hostname__
2022/02/11-15:32:40.149058 7feacc4dd340             Options.max_background_jobs: 2
2022/02/11-15:32:40.149058 7feacc4dd340             Options.max_background_compactions: -1
2022/02/11-15:32:40.149059 7feacc4dd340             Options.max_subcompactions: 1
2022/02/11-15:32:40.149059 7feacc4dd340             Options.avoid_flush_during_shutdown: 0
2022/02/11-15:32:40.149060 7feacc4dd340           Options.writable_file_max_buffer_size: 1048576
2022/02/11-15:32:40.149060 7feacc4dd340             Options.delayed_write_rate : 16777216
2022/02/11-15:32:40.149061 7feacc4dd340             Options.max_total_wal_size: 0
2022/02/11-15:32:40.149061 7feacc4dd340             Options.delete_obsolete_files_period_micros: 21600000000
2022/02/11-15:32:40.149062 7feacc4dd340                   Options.stats_dump_period_sec: 600
2022/02/11-15:32:40.149062 7feacc4dd340                 Options.stats_persist_period_sec: 600
2022/02/11-15:32:40.149069 7feacc4dd340                 Options.stats_history_buffer_size: 1048576
2022/02/11-15:32:40.149069 7feacc4dd340                          Options.max_open_files: -1
2022/02/11-15:32:40.149070 7feacc4dd340                          Options.bytes_per_sync: 0
2022/02/11-15:32:40.149070 7feacc4dd340                      Options.wal_bytes_per_sync: 0
2022/02/11-15:32:40.149071 7feacc4dd340                   Options.strict_bytes_per_sync: 0
2022/02/11-15:32:40.149074 7feacc4dd340       Options.compaction_readahead_size: 0
2022/02/11-15:32:40.149075 7feacc4dd340                  Options.max_background_flushes: -1
2022/02/11-15:32:40.149075 7feacc4dd340 Compression algorithms supported:
2022/02/11-15:32:40.149076 7feacc4dd340 	kZSTDNotFinalCompression supported: 1
2022/02/11-15:32:40.149077 7feacc4dd340 	kZSTD supported: 1
2022/02/11-15:32:40.149077 7feacc4dd340 	kXpressCompression supported: 0
2022/02/11-15:32:40.149078 7feacc4dd340 	kLZ4HCCompression supported: 1
2022/02/11-15:32:40.149078 7feacc4dd340 	kLZ4Compression supported: 1
2022/02/11-15:32:40.149079 7feacc4dd340 	kBZip2Compression supported: 1
2022/02/11-15:32:40.149079 7feacc4dd340 	kZlibCompression supported: 1
2022/02/11-15:32:40.149080 7feacc4dd340 	kSnappyCompression supported: 1
2022/02/11-15:32:40.149081 7feacc4dd340 Fast CRC32 supported: Not supported on x86
2022/02/11-15:32:40.149101 7feacc4dd340 [db/version_set.cc:4626] Recovering from manifest file: ./client_db/k#5edcb5935c8dc07ccc6d408233c584b2232b2ac5ed54ebe33990c1fc244df20b/MANIFEST-000076
2022/02/11-15:32:40.149161 7feacc4dd340 [db/column_family.cc:596] --------------- Options for column family [default]:
2022/02/11-15:32:40.149162 7feacc4dd340               Options.comparator: leveldb.BytewiseComparator
2022/02/11-15:32:40.149163 7feacc4dd340           Options.merge_operator: None
2022/02/11-15:32:40.149164 7feacc4dd340        Options.compaction_filter: None
2022/02/11-15:32:40.149164 7feacc4dd340        Options.compaction_filter_factory: None
2022/02/11-15:32:40.149165 7feacc4dd340  Options.sst_partitioner_factory: None
2022/02/11-15:32:40.149165 7feacc4dd340         Options.memtable_factory: SkipListFactory
2022/02/11-15:32:40.149166 7feacc4dd340            Options.table_factory: BlockBasedTable
2022/02/11-15:32:40.149183 7feacc4dd340            table_factory options:   flush_block_policy_factory: FlushBlockBySizePolicyFactory (0x5639e38dbea0)
  cache_index_and_filter_blocks: 0
  cache_index_and_filter_blocks_with_high_priority: 1
  pin_l0_filter_and_index_blocks_in_cache: 0
  pin_top_level_index_and_filter: 1
  index_type: 0
  data_block_index_type: 0
  index_shortening: 1
  data_block_hash_table_util_ratio: 0.750000
  hash_index_allow_collision: 1
  checksum: 1
  no_block_cache: 0
  block_cache: 0x5639e3a6a880
  block_cache_name: LRUCache
  block_cache_options:
    capacity : 8388608
    num_shard_bits : 4
    strict_capacity_limit : 0
    memory_allocator : None
    high_pri_pool_ratio: 0.000
  block_cache_compressed: (nil)
  persistent_cache: (nil)
  block_size: 4096
  block_size_deviation: 10
  block_restart_interval: 16
  index_block_restart_interval: 1
  metadata_block_size: 4096
  partition_filters: 0
  use_delta_encoding: 1
  filter_policy: nullptr
  whole_key_filtering: 1
  verify_compression: 0
  read_amp_bytes_per_bit: 0
  format_version: 5
  enable_index_compression: 1
  block_align: 0
2022/02/11-15:32:40.149184 7feacc4dd340        Options.write_buffer_size: 67108864
2022/02/11-15:32:40.149185 7feacc4dd340  Options.max_write_buffer_number: 2
2022/02/11-15:32:40.149185 7feacc4dd340          Options.compression: Snappy
2022/02/11-15:32:40.149186 7feacc4dd340                  Options.bottommost_compression: Disabled
2022/02/11-15:32:40.149186 7feacc4dd340       Options.prefix_extractor: nullptr
2022/02/11-15:32:40.149187 7feacc4dd340   Options.memtable_insert_with_hint_prefix_extractor: nullptr
2022/02/11-15:32:40.149187 7feacc4dd340             Options.num_levels: 7
2022/02/11-15:32:40.149188 7feacc4dd340        Options.min_write_buffer_number_to_merge: 1
2022/02/11-15:32:40.149188 7feacc4dd340     Options.max_write_buffer_number_to_maintain: 0
2022/02/11-15:32:40.149189 7feacc4dd340     Options.max_write_buffer_size_to_maintain: 0
2022/02/11-15:32:40.149189 7feacc4dd340            Options.bottommost_compression_opts.window_bits: -14
2022/02/11-15:32:40.149190 7feacc4dd340                  Options.bottommost_compression_opts.level: 32767
2022/02/11-15:32:40.149190 7feacc4dd340               Options.bottommost_compression_opts.strategy: 0
2022/02/11-15:32:40.149195 7feacc4dd340         Options.bottommost_compression_opts.max_dict_bytes: 0
2022/02/11-15:32:40.149196 7feacc4dd340         Options.bottommost_compression_opts.zstd_max_train_bytes: 0
2022/02/11-15:32:40.149196 7feacc4dd340         Options.bottommost_compression_opts.parallel_threads: 1
2022/02/11-15:32:40.149197 7feacc4dd340                  Options.bottommost_compression_opts.enabled: false
2022/02/11-15:32:40.149197 7feacc4dd340         Options.bottommost_compression_opts.max_dict_buffer_bytes: 0
2022/02/11-15:32:40.149197 7feacc4dd340            Options.compression_opts.window_bits: -14
2022/02/11-15:32:40.149198 7feacc4dd340                  Options.compression_opts.level: 32767
2022/02/11-15:32:40.149198 7feacc4dd340               Options.compression_opts.strategy: 0
2022/02/11-15:32:40.149199 7feacc4dd340         Options.compression_opts.max_dict_bytes: 0
2022/02/11-15:32:40.149199 7feacc4dd340         Options.compression_opts.zstd_max_train_bytes: 0
2022/02/11-15:32:40.149200 7feacc4dd340         Options.compression_opts.parallel_threads: 1
2022/02/11-15:32:40.149200 7feacc4dd340                  Options.compression_opts.enabled: false
2022/02/11-15:32:40.149201 7feacc4dd340         Options.compression_opts.max_dict_buffer_bytes: 0
2022/02/11-15:32:40.149201 7feacc4dd340      Options.level0_file_num_compaction_trigger: 4
2022/02/11-15:32:40.149202 7feacc4dd340          Options.level0_slowdown_writes_trigger: 20
2022/02/11-15:32:40.149202 7feacc4dd340              Options.level0_stop_writes_trigger: 36
2022/02/11-15:32:40.149203 7feacc4dd340                   Options.target_file_size_base: 67108864
2022/02/11-15:32:40.149203 7feacc4dd340             Options.target_file_size_multiplier: 1
2022/02/11-15:32:40.149204 7feacc4dd340                Options.max_bytes_for_level_base: 268435456
2022/02/11-15:32:40.149204 7feacc4dd340 Options.level_compaction_dynamic_level_bytes: 0
2022/02/11-15:32:40.149205 7feacc4dd340          Options.max_bytes_for_level_multiplier: 10.000000
2022/02/11-15:32:40.149206 7feacc4dd340 Options.max_bytes_for_level_multiplier_addtl[0]: 1
2022/02/11-15:32:40.149206 7feacc4dd340 Options.max_bytes_for_level_multiplier_addtl[1]: 1
2022/02/11-15:32:40.149207 7feacc4dd340 Options.max_bytes_for_level_multiplier_addtl[2]: 1
2022/02/11-15:32:40.149207 7feacc4dd340 Options.max_bytes_for_level_multiplier_addtl[3]: 1
2022/02/11-15:32:40.149208 7feacc4dd340 Options.max_bytes_for_level_multiplier_addtl[4]: 1
2022/02/11-15:32:40.149208 7feacc4dd340 Options.max_bytes_for_level_multiplier_addtl[5]: 1
2022/02/11-15:32:40.149209 7feacc4dd340 Options.max_bytes_for_level_multiplier_addtl[6]: 1
2022/02/11-15:32:40.149209 7feacc4dd340       Options.max_sequential_skip_in_iterations: 8
2022/02/11-15:32:40.149210 7feacc4dd340                    Options.max_compaction_bytes: 1677721600
2022/02/11-15:32:40.149210 7feacc4dd340                        Options.arena_block_size: 8388608
2022/02/11-15:32:40.149211 7feacc4dd340   Options.soft_pending_compaction_bytes_limit: 68719476736
2022/02/11-15:32:40.149211 7feacc4dd340   Options.hard_pending_compaction_bytes_limit: 274877906944
2022/02/11-15:32:40.149212 7feacc4dd340       Options.rate_limit_delay_max_milliseconds: 100
2022/02/11-15:32:40.149212 7feacc4dd340                Options.disable_auto_compactions: 0
2022/02/11-15:32:40.149213 7feacc4dd340                        Options.compaction_style: kCompactionStyleLevel
2022/02/11-15:32:40.149214 7feacc4dd340                          Options.compaction_pri: kMinOverlappingRatio
2022/02/11-15:32:40.149214 7feacc4dd340 Options.compaction_options_universal.size_ratio: 1
2022/02/11-15:32:40.149215 7feacc4dd340 Options.compaction_options_universal.min_merge_width: 2
2022/02/11-15:32:40.149215 7feacc4dd340 Options.compaction_options_universal.max_merge_width: 4294967295
2022/02/11-15:32:40.149215 7feacc4dd340 Options.compaction_options_universal.max_size_amplification_percent: 200
2022/02/11-15:32:40.149216 7feacc4dd340 Options.compaction_options_universal.compression_size_percent: -1
2022/02/11-15:32:40.149219 7feacc4dd340 Options.compaction_options_universal.stop_style: kCompactionStopStyleTotalSize
2022/02/11-15:32:40.149220 7feacc4dd340 Options.compaction_options_fifo.max_table_files_size: 1073741824
2022/02/11-15:32:40.149221 7feacc4dd340 Options.compaction_options_fifo.allow_compaction: 0
2022/02/11-15:32:40.149226 7feacc4dd340                   Options.table_properties_collectors: 
2022/02/11-15:32:40.149226 7feacc4dd340                   Options.inplace_update_support: 0
2022/02/11-15:32:40.149227 7feacc4dd340                 Options.inplace_update_num_locks: 10000
2022/02/11-15:32:40.149227 7feacc4dd340               Options.memtable_prefix_bloom_size_ratio: 0.000000
2022/02/11-15:32:40.149228 7feacc4dd340               Options.memtable_whole_key_filtering: 0
2022/02/11-15:32:40.149228 7feacc4dd340   Options.memtable_huge_page_size: 0
2022/02/11-15:32:40.149229 7feacc4dd340                           Options.bloom_locality: 0
2022/02/11-15:32:40.149229 7feacc4dd340                    Options.max_successive_merges: 0
2022/02/11-15:32:40.149230 7feacc4dd340                Options.optimize_filters_for_hits: 0
2022/02/11-15:32:40.149230 7feacc4dd340                Options.paranoid_file_checks: 0
2022/02/11-15:32:40.149231 7feacc4dd340                Options.force_consistency_checks: 1
2022/02/11-15:32:40.149231 7feacc4dd340                Options.report_bg_io_stats: 0
2022/02/11-15:32:40.149231 7feacc4dd340                               Options.ttl: 2592000
2022/02/11-15:32:40.149232 7feacc4dd340          Options.periodic_compaction_seconds: 0
2022/02/11-15:32:40.149232 7feacc4dd340                    Options.enable_blob_files: false
2022/02/11-15:32:40.149233 7feacc4dd340                        Options.min_blob_size: 0
2022/02/11-15:32:40.149233 7feacc4dd340                       Options.blob_file_size: 268435456
2022/02/11-15:32:40.149234 7feacc4dd340                Options.blob_compression_type: NoCompression
2022/02/11-15:32:40.149234 7feacc4dd340       Options.enable_blob_garbage_collection: false
2022/02/11-15:32:40.149235 7feacc4dd340   Options.blob_garbage_collection_age_cutoff: 0.250000
2022/02/11-15:32:40.149259 7feacc4dd340 [db/column_family.cc:596] --------------- Options for column family [pending_orders]:
2022/02/11-15:32:40.149260 7feacc4dd340               Options.comparator: leveldb.BytewiseComparator
2022/02/11-15:32:40.149260 7feacc4dd340           Options.merge_operator: None
2022/02/11-15:32:40.149261 7feacc4dd340        Options.compaction_filter: None
2022/02/11-15:32:40.149261 7feacc4dd340        Options.compaction_filter_factory: None
2022/02/11-15:32:40.149262 7feacc4dd340  Options.sst_partitioner_factory: None
2022/02/11-15:32:40.149262 7feacc4dd340         Options.memtable_factory: SkipListFactory
2022/02/11-15:32:40.149263 7feacc4dd340            Options.table_factory: BlockBasedTable
2022/02/11-15:32:40.149275 7feacc4dd340            table_factory options:   flush_block_policy_factory: FlushBlockBySizePolicyFactory (0x5639e39d0040)
  cache_index_and_filter_blocks: 0
  cache_index_and_filter_blocks_with_high_priority: 1
  pin_l0_filter_and_index_blocks_in_cache: 0
  pin_top_level_index_and_filter: 1
  index_type: 0
  data_block_index_type: 0
  index_shortening: 1
  data_block_hash_table_util_ratio: 0.750000
  hash_index_allow_collision: 1
  checksum: 1
  no_block_cache: 0
  block_cache: 0x5639e3936b00
  block_cache_name: LRUCache
  block_cache_options:
    capacity : 8388608
    num_shard_bits : 4
    strict_capacity_limit : 0
    memory_allocator : None
    high_pri_pool_ratio: 0.000
  block_cache_compressed: (nil)
  persistent_cache: (nil)
  block_size: 4096
  block_size_deviation: 10
  block_restart_interval: 16
  index_block_restart_interval: 1
  metadata_block_size: 4096
  partition_filters: 0
  use_delta_encoding: 1
  filter_policy: nullptr
  whole_key_filtering: 1
  verify_compression: 0
  read_amp_bytes_per_bit: 0
  format_version: 5
  enable_index_compression: 1
  block_align: 0
2022/02/11-15:32:40.149275 7feacc4dd340        Options.write_buffer_size: 67108864
2022/02/11-15:32:40.149279 7feacc4dd340  Options.max_write_buffer_number: 2
2022/02/11-15:32:40.149280 7feacc4dd340          Options.compression: Snappy
2022/02/11-15:32:40.149280 7feacc4dd340                  Options.bottommost_compression: Disabled
2022/02/11-15:32:40.149281 7feacc4dd340       Options.prefix_extractor: nullptr
2022/02/11-15:32:40.149281 7feacc4dd340   Options.memtable_insert_with_hint_prefix_extractor: nullptr
2022/02/11-15:32:40.149282 7feacc4dd340             Options.num_levels: 7
2022/02/11-15:32:40.149282 7feacc4dd340        Options.min_write_buffer_number_to_merge: 1
2022/02/11-15:32:40.149283 7feacc4dd340     Options.max_write_buffer_number_to_maintain: 0
2022/02/11-15:32:40.149283 7feacc4dd340     Options.max_write_buffer_size_to_maintain: 0
2022/02/11-15:32:40.149284 7feacc4dd340            Options.bottommost_compression_opts.window_bits: -14
2022/02/11-15:32:40.149284 7feacc4dd340                  Options.bottommost_compression_opts.level: 32767
2022/02/11-15:32:40.149285 7feacc4dd340               Options.bottommost_compression_opts.strategy: 0
2022/02/11-15:32:40.149285 7feacc4dd340         Options.bottommost_compression_opts.max_dict_bytes: 0
2022/02/11-15:32:40.149285 7feacc4dd340         Options.bottommost_compression_opts.zstd_max_train_bytes: 0
2022/02/11-15:32:40.149286 7feacc4dd340         Options.bottommost_compression_opts.parallel_threads: 1
2022/02/11-15:32:40.149286 7feacc4dd340                  Options.bottommost_compression_opts.enabled: false
2022/02/11-15:32:40.149287 7feacc4dd340         Options.bottommost_compression_opts.max_dict_buffer_bytes: 0
2022/02/11-15:32:40.149287 7feacc4dd340            Options.compression_opts.window_bits: -14
2022/02/11-15:32:40.149288 7feacc4dd340                  Options.compression_opts.level: 32767
2022/02/11-15:32:40.149288 7feacc4dd340               Options.compression_opts.strategy: 0
2022/02/11-15:32:40.149289 7feacc4dd340         Options.compression_opts.max_dict_bytes: 0
2022/02/11-15:32:40.149289 7feacc4dd340         Options.compression_opts.zstd_max_train_bytes: 0
2022/02/11-15:32:40.149290 7feacc4dd340         Options.compression_opts.parallel_threads: 1
2022/02/11-15:32:40.149290 7feacc4dd340                  Options.compression_opts.enabled: false
2022/02/11-15:32:40.149291 7feacc4dd340         Options.compression_opts.max_dict_buffer_bytes: 0
2022/02/11-15:32:40.149291 7feacc4dd340      Options.level0_file_num_compaction_trigger: 4
2022/02/11-15:32:40.149291 7feacc4dd340          Options.level0_slowdown_writes_trigger: 20
2022/02/11-15:32:40.149292 7feacc4dd340              Options.level0_stop_writes_trigger: 36
2022/02/11-15:32:40.149292 7feacc4dd340                   Options.target_file_size_base: 67108864
2022/02/11-15:32:40.149293 7feacc4dd340             Options.target_file_size_multiplier: 1
2022/02/11-15:32:40.149293 7feacc4dd340                Options.max_bytes_for_level_base: 268435456
2022/02/11-15:32:40.149294 7feacc4dd340 Options.level_compaction_dynamic_level_bytes: 0
2022/02/11-15:32:40.149294 7feacc4dd340          Options.max_bytes_for_level_multiplier: 10.000000
2022/02/11-15:32:40.149295 7feacc4dd340 Options.max_bytes_for_level_multiplier_addtl[0]: 1
2022/02/11-15:32:40.149296 7feacc4dd340 Options.max_bytes_for_level_multiplier_addtl[1]: 1
2022/02/11-15:32:40.149296 7feacc4dd340 Options.max_bytes_for_level_multiplier_addtl[2]: 1
2022/02/11-15:32:40.149296 7feacc4dd340 Options.max_bytes_for_level_multiplier_addtl[3]: 1
2022/02/11-15:32:40.149297 7feacc4dd340 Options.max_bytes_for_level_multiplier_addtl[4]: 1
2022/02/11-15:32:40.149297 7feacc4dd340 Options.max_bytes_for_level_multiplier_addtl[5]: 1
2022/02/11-15:32:40.149298 7feacc4dd340 Options.max_bytes_for_level_multiplier_addtl[6]: 1
2022/02/11-15:32:40.149298 7feacc4dd340       Options.max_sequential_skip_in_iterations: 8
2022/02/11-15:32:40.149299 7feacc4dd340                    Options.max_compaction_bytes: 1677721600
2022/02/11-15:32:40.149299 7feacc4dd340                        Options.arena_block_size: 8388608
2022/02/11-15:32:40.149300 7feacc4dd340   Options.soft_pending_compaction_bytes_limit: 68719476736
2022/02/11-15:32:40.149303 7feacc4dd340   Options.hard_pending_compaction_bytes_limit: 274877906944
2022/02/11-15:32:40.149303 7feacc4dd340       Options.rate_limit_delay_max_milliseconds: 100
2022/02/11-15:32:40.149304 7feacc4dd340                Options.disable_auto_compactions: 0
2022/02/11-15:32:40.149305 7feacc4dd340                        Options.compaction_style: kCompactionStyleLevel
2022/02/11-15:32:40.149305 7feacc4dd340                          Options.compaction_pri: kMinOverlappingRatio
2022/02/11-15:32:40.149306 7feacc4dd340 Options.compaction_options_universal.size_ratio: 1
2022/02/11-15:32:40.149306 7feacc4dd340 Options.compaction_options_universal.min_merge_width: 2
2022/02/11-15:32:40.149306 7feacc4dd340 Options.compaction_options_universal.max_merge_width: 4294967295
2022/02/11-15:32:40.149307 7feacc4dd340 Options.compaction_options_universal.max_size_amplification_percent: 200
2022/02/11-15:32:40.149307 7feacc4dd340 Options.compaction_options_universal.compression_size_percent: -1
2022/02/11-15:32:40.149308 7feacc4dd340 Options.compaction_options_universal.stop_style: kCompactionStopStyleTotalSize
2022/02/11-15:32:40.149308 7feacc4dd340 Options.compaction_options_fifo.max_table_files_size: 1073741824
2022/02/11-15:32:40.149309 7feacc4dd340 Options.compaction_options_fifo.allow_compaction: 0
2022/02/11-15:32:40.149310 7feacc4dd340                   Options.table_properties_collectors: 
2022/02/11-15:32:40.149310 7feacc4dd340                   Options.inplace_update_support: 0
2022/02/11-15:32:40.149311 7feacc4dd340                 Options.inplace_update_num_locks: 10000
2022/02/11-15:32:40.149311 7feacc4dd340               Options.memtable_prefix_bloom_size_ratio: 0.000000
2022/02/11-15:32:40.149312 7feacc4dd340               Options.memtable_whole_key_filtering: 0
2022/02/11-15:32:40.149312 7feacc4dd340   Options.memtable_huge_page_size: 0
2022/02/11-15:32:40.149313 7feacc4dd340                           Options.bloom_locality: 0
2022/02/11-15:32:40.149313 7feacc4dd340                    Options.max_successive_merges: 0
2022/02/11-15:32:40.149314 7feacc4dd340                Options.optimize_filters_for_hits: 0
2022/02/11-15:32:40.149314 7feacc4dd340                Options.paranoid_file_checks: 0
2022/02/11-15:32:40.149315 7feacc4dd340                Options.force_consistency_checks: 1
2022/02/11-15:32:40.149315 7feacc4dd340                Options.report_bg_io_stats: 0
2022/02/11-15:32:40.149316 7feacc4dd340                               Options.ttl: 2592000
2022/02/11-15:32:40.149316 7feacc4dd340          Options.periodic_compaction_seconds: 0
2022/02/11-15:32:40.149316 7feacc4dd340                    Options.enable_blob_files: false
2022/02/11-15:32:40.149317 7feacc4dd340                        Options.min_blob_size: 0
2022/02/11-15:32:40.149317 7feacc4dd340                       Options.blob_file_size: 268435456
2022/02/11-15:32:40.149318 7feacc4dd340                Options.blob_compression_type: NoCompression
2022/02/11-15:32:40.149318 7feacc4dd340       Options.enable_blob_garbage_collection: false
2022/02/11-15:32:40.149319 7feacc4dd340   Options.blob_garbage_collection_age_cutoff: 0.250000
2022/02/11-15:32:40.149333 7feacc4dd340 [db/column_family.cc:596] --------------- Options for column family [certificates]:
2022/02/11-15:32:40.149334 7feacc4dd340               Options.comparator: leveldb.BytewiseComparator
2022/02/11-15:32:40.149335 7feacc4dd340           Options.merge_operator: None
2022/02/11-15:32:40.149335 7feacc4dd340        Options.compaction_filter: None
2022/02/11-15:32:40.149336 7feacc4dd340        Options.compaction_filter_factory: None
2022/02/11-15:32:40.149336 7feacc4dd340  Options.sst_partitioner_factory: None
2022/02/11-15:32:40.149336 7feacc4dd340         Options.memtable_factory: SkipListFactory
2022/02/11-15:32:40.149337 7feacc4dd340            Options.table_factory: BlockBasedTable
2022/02/11-15:32:40.149346 7feacc4dd340            table_factory options:   flush_block_policy_factory: FlushBlockBySizePolicyFactory (0x5639e398c350)
  cache_index_and_filter_blocks: 0
  cache_index_and_filter_blocks_with_high_priority: 1
  pin_l0_filter_and_index_blocks_in_cache: 0
  pin_top_level_index_and_filter: 1
  index_type: 0
  data_block_index_type: 0
  index_shortening: 1
  data_block_hash_table_util_ratio: 0.750000
  hash_index_allow_collision: 1
  checksum: 1
  no_block_cache: 0
  block_cache: 0x5639e39309d0
  block_cache_name: LRUCache
  block_cache_options:
    capacity : 8388608
    num_shard_bits : 4
    strict_capacity_limit : 0
    memory_allocator : None
    high_pri_pool_ratio: 0.000
  block_cache_compressed: (nil)
  persistent_cache: (nil)
  block_size: 4096
  block_size_deviation: 10
  block_restart_interval: 16
  index_block_restart_interval: 1
  metadata_block_size: 4096
  partition_filters: 0
  use_delta_encoding: 1
  filter_policy: nullptr
  whole_key_filtering: 1
  verify_compression: 0
  read_amp_bytes_per_bit: 0
  format_version: 5
  enable_index_compression: 1
  block_align: 0
2022/02/11-15:32:40.149350 7feacc4dd340        Options.write_buffer_size: 67108864
2022/02/11-15:32:40.149351 7feacc4dd340  Options.max_write_buffer_number: 2
2022/02/11-15:32:40.149351 7feacc4dd340          Options.compression: Snappy
2022/02/11-15:32:40.149352 7feacc4dd340                  Options.bottommost_compression: Disabled
2022/02/11-15:32:40.149352 7feacc4dd340       Options.prefix_extractor: nullptr
2022/02/11-15:32:40.149353 7feacc4dd340   Options.memtable_insert_with_hint_prefix_extractor: nullptr
2022/02/11-15:32:40.149353 7feacc4dd340             Options.num_levels: 7
2022/02/11-15:32:40.149354 7feacc4dd340        Options.min_write_buffer_number_to_merge: 1
2022/02/11-15:32:40.149354 7feacc4dd340     Options.max_write_buffer_number_to_maintain: 0
2022/02/11-15:32:40.149354 7feacc4dd340     Options.max_write_buffer_size_to_maintain: 0
2022/02/11-15:32:40.149355 7feacc4dd340            Options.bottommost_compression_opts.window_bits: -14
2022/02/11-15:32:40.149355 7feacc4dd340                  Options.bottommost_compression_opts.level: 32767
2022/02/11-15:32:40.149356 7feacc4dd340               Options.bottommost_compression_opts.strategy: 0
2022/02/11-15:32:40.149356 7feacc4dd340         Options.bottommost_compression_opts.max_dict_bytes: 0
2022/02/11-15:32:40.149357 7feacc4dd340         Options.bottommost_compression_opts.zstd_max_train_bytes: 0
2022/02/11-15:32:40.149357 7feacc4dd340         Options.bottommost_compression_opts.parallel_threads: 1
2022/02/11-15:32:40.149358 7feacc4dd340                  Options.bottommost_compression_opts.enabled: false
2022/02/11-15:32:40.149358 7feacc4dd340         Options.bottommost_compression_opts.max_dict_buffer_bytes: 0
2022/02/11-15:32:40.149359 7feacc4dd340            Options.compression_opts.window_bits: -14
2022/02/11-15:32:40.149359 7feacc4dd340                  Options.compression_opts.level: 32767
2022/02/11-15:32:40.149359 7feacc4dd340               Options.compression_opts.strategy: 0
2022/02/11-15:32:40.149360 7feacc4dd340         Options.compression_opts.max_dict_bytes: 0
2022/02/11-15:32:40.149360 7feacc4dd340         Options.compression_opts.zstd_max_train_bytes: 0
2022/02/11-15:32:40.149361 7feacc4dd340         Options.compression_opts.parallel_threads: 1
2022/02/11-15:32:40.149361 7feacc4dd340                  Options.compression_opts.enabled: false
2022/02/11-15:32:40.149362 7feacc4dd340         Options.compression_opts.max_dict_buffer_bytes: 0
2022/02/11-15:32:40.149362 7feacc4dd340      Options.level0_file_num_compaction_trigger: 4
2022/02/11-15:32:40.149363 7feacc4dd340          Options.level0_slowdown_writes_trigger: 20
2022/02/11-15:32:40.149363 7feacc4dd340              Options.level0_stop_writes_trigger: 36
2022/02/11-15:32:40.149363 7feacc4dd340                   Options.target_file_size_base: 67108864
2022/02/11-15:32:40.149364 7feacc4dd340             Options.target_file_size_multiplier: 1
2022/02/11-15:32:40.149364 7feacc4dd340                Options.max_bytes_for_level_base: 268435456
2022/02/11-15:32:40.149365 7feacc4dd340 Options.level_compaction_dynamic_level_bytes: 0
2022/02/11-15:32:40.149368 7feacc4dd340          Options.max_bytes_for_level_multiplier: 10.000000
2022/02/11-15:32:40.149369 7feacc4dd340 Options.max_bytes_for_level_multiplier_addtl[0]: 1
2022/02/11-15:32:40.149369 7feacc4dd340 Options.max_bytes_for_level_multiplier_addtl[1]: 1
2022/02/11-15:32:40.149370 7feacc4dd340 Options.max_bytes_for_level_multiplier_addtl[2]: 1
2022/02/11-15:32:40.149370 7feacc4dd340 Options.max_bytes_for_level_multiplier_addtl[3]: 1
2022/02/11-15:32:40.149371 7feacc4dd340 Options.max_bytes_for_level_multiplier_addtl[4]: 1
2022/02/11-15:32:40.149371 7feacc4dd340 Options.max_bytes_for_level_multiplier_addtl[5]: 1
2022/02/11-15:32:40.149372 7feacc4dd340 Options.max_bytes_for_level_multiplier_addtl[6]: 1
2022/02/11-15:32:40.149372 7feacc4dd340       Options.max_sequential_skip_in_iterations: 8
2022/02/11-15:32:40.149372 7feacc4dd340                    Options.max_compaction_bytes: 1677721600
2022/02/11-15:32:40.149373 7feacc4dd340                        Options.arena_block_size: 8388608
2022/02/11-15:32:40.149373 7feacc4dd340   Options.soft_pending_compaction_bytes_limit: 68719476736
2022/02/11-15:32:40.149374 7feacc4dd340   Options.hard_pending_compaction_bytes_limit: 274877906944
2022/02/11-15:32:40.149374 7feacc4dd340       Options.rate_limit_delay_max_milliseconds: 100
2022/02/11-15:32:40.149375 7feacc4dd340                Options.disable_auto_compactions: 0
2022/02/11-15:32:40.149375 7feacc4dd340                        Options.compaction_style: kCompactionStyleLevel
2022/02/11-15:32:40.149376 7feacc4dd340                          Options.compaction_pri: kMinOverlappingRatio
2022/02/11-15:32:40.149376 7feacc4dd340 Options.compaction_options_universal.size_ratio: 1
2022/02/11-15:32:40.149377 7feacc4dd340 Options.compaction_options_universal.min_merge_width: 2
2022/02/11-15:32:40.149377 7feacc4dd340 Options.compaction_options_universal.max_merge_width: 4294967295
2022/02/11-15:32:40.149378 7feacc4dd340 Options.compaction_options_universal.max_size_amplification_percent: 200
2022/02/11-15:32:40.149378 7feacc4dd340 Options.compaction_options_universal.compression_size_percent: -1
2022/02/11-15:32:40.149379 7feacc4dd340 Options.compaction_options_universal.stop_style: kCompactionStopStyleTotalSize
2022/02/11-15:32:40.149379 7feacc4dd340 Options.compaction_options_fifo.max_table_files_size: 1073741824
2022/02/11-15:32:40.149380 7feacc4dd340 Options.compaction_options_fifo.allow_compaction: 0
2022/02/11-15:32:40.149380 7feacc4dd340                   Options.table_properties_collectors: 
2022/02/11-15:32:40.149381 7feacc4dd340                   Options.inplace_update_support: 0
2022/02/11-15:32:40.149381 7feacc4dd340                 Options.inplace_update_num_locks: 10000
2022/02/11-15:32:40.149382 7feacc4dd340               Options.memtable_prefix_bloom_size_ratio: 0.000000
2022/02/11-15:32:40.149382 7feacc4dd340               Options.memtable_whole_key_filtering: 0
2022/02/11-15:32:40.149383 7feacc4dd340   Options.memtable_huge_page_size: 0
2022/02/11-15:32:40.149383 7feacc4dd340                           Options.bloom_locality: 0
2022/02/11-15:32:40.149384 7feacc4dd340                    Options.max_successive_merges: 0
2022/02/11-15:32:40.149384 7feacc4dd340                Options.optimize_filters_for_hits: 0
2022/02/11-15:32:40.149385 7feacc4dd340                Options.paranoid_file_checks: 0
2022/02/11-15:32:40.149385 7feacc4dd340                Options.force_consistency_checks: 1
2022/02/11-15:32:40.149386 7feacc4dd340                Options.report_bg_io_stats: 0
2022/02/11-15:32:40.149386 7feacc4dd340                               Options.ttl: 2592000
2022/02/11-15:32:40.149386 7feacc4dd340          Options.periodic_compaction_seconds: 0
2022/02/11-15:32:40.149387 7feacc4dd340                    Options.enable_blob_files: false
2022/02/11-15:32:40.149387 7feacc4dd340                        Options.min_blob_size: 0
2022/02/11-15:32:40.149388 7feacc4dd340                       Options.blob_file_size: 268435456
2022/02/11-15:32:40.149388 7feacc4dd340                Options.blob_compression_type: NoCompression
2022/02/11-15:32:40.149393 7feacc4dd340       Options.enable_blob_garbage_collection: false
2022/02/11-15:32:40.149393 7feacc4dd340   Options.blob_garbage_collection_age_cutoff: 0.250000
2022/02/11-15:32:40.149406 7feacc4dd340 [db/column_family.cc:596] --------------- Options for column family [object_certs]:
2022/02/11-15:32:40.149407 7feacc4dd340               Options.comparator: leveldb.BytewiseComparator
2022/02/11-15:32:40.149407 7feacc4dd340           Options.merge_operator: None
2022/02/11-15:32:40.149408 7feacc4dd340        Options.compaction_filter: None
2022/02/11-15:32:40.149408 7feacc4dd340        Options.compaction_filter_factory: None
2022/02/11-15:32:40.149408 7feacc4dd340  Options.sst_partitioner_factory: None
2022/02/11-15:32:40.149409 7feacc4dd340         Options.memtable_factory: SkipListFactory
2022/02/11-15:32:40.149409 7feacc4dd340            Options.table_factory: BlockBasedTable
2022/02/11-15:32:40.149463 7feacc4dd340            table_factory options:   flush_block_policy_factory: FlushBlockBySizePolicyFactory (0x5639e38c6120)
  cache_index_and_filter_blocks: 0
  cache_index_and_filter_blocks_with_high_priority: 1
  pin_l0_filter_and_index_blocks_in_cache: 0
  pin_top_level_index_and_filter: 1
  index_type: 0
  data_block_index_type: 0
  index_shortening: 1
  data_block_hash_table_util_ratio: 0.750000
  hash_index_allow_collision: 1
  checksum: 1
  no_block_cache: 0
  block_cache: 0x5639e393a020
  block_cache_name: LRUCache
  block_cache_options:
    capacity : 8388608
    num_shard_bits : 4
    strict_capacity_limit : 0
    memory_allocator : None
    high_pri_pool_ratio: 0.000
  block_cache_compressed: (nil)
  persistent_cache: (nil)
  block_size: 4096
  block_size_deviation: 10
  block_restart_interval: 16
  index_block_restart_interval: 1
  metadata_block_size: 4096
  partition_filters: 0
  use_delta_encoding: 1
  filter_policy: nullptr
  whole_key_filtering: 1
  verify_compression: 0
  read_amp_bytes_per_bit: 0
  format_version: 5
  enable_index_compression: 1
  block_align: 0
2022/02/11-15:32:40.149465 7feacc4dd340        Options.write_buffer_size: 67108864
2022/02/11-15:32:40.149465 7feacc4dd340  Options.max_write_buffer_number: 2
2022/02/11-15:32:40.149466 7feacc4dd340          Options.compression: Snappy
2022/02/11-15:32:40.149466 7feacc4dd340                  Options.bottommost_compression: Disabled
2022/02/11-15:32:40.149467 7feacc4dd340       Options.prefix_extractor: nullptr
2022/02/11-15:32:40.149467 7feacc4dd340   Options.memtable_insert_with_hint_prefix_extractor: nullptr
2022/02/11-15:32:40.149468 7feacc4dd340             Options.num_levels: 7
2022/02/11-15:32:40.149468 7feacc4dd340        Options.min_write_buffer_number_to_merge: 1
2022/02/11-15:32:40.149469 7feacc4dd340     Options.max_write_buffer_number_to_maintain: 0
2022/02/11-15:32:40.149469 7feacc4dd340     Options.max_write_buffer_size_to_maintain: 0
2022/02/11-15:32:40.149470 7feacc4dd340            Options.bottommost_compression_opts.window_bits: -14
