2022/02/11-15:32:42.879306 7fbcf6989340 RocksDB version: 6.20.3
2022/02/11-15:32:42.879362 7fbcf6989340 Git sha 8608d75d85f8e1b3b64b73a4fb6d19baec61ba5c
2022/02/11-15:32:42.879365 7fbcf6989340 Compile date 2021-05-05 20:35:30
2022/02/11-15:32:42.879398 7fbcf6989340 DB SUMMARY
2022/02/11-15:32:42.879399 7fbcf6989340 DB Session ID:  OW2PRYOEXK8D7CQILL1I
2022/02/11-15:32:42.879425 7fbcf6989340 CURRENT file:  CURRENT
2022/02/11-15:32:42.879427 7fbcf6989340 IDENTITY file:  IDENTITY
2022/02/11-15:32:42.879430 7fbcf6989340 MANIFEST file:  MANIFEST-000121 size: 909 Bytes
2022/02/11-15:32:42.879431 7fbcf6989340 SST files in ./client_db/k#5edcb5935c8dc07ccc6d408233c584b2232b2ac5ed54ebe33990c1fc244df20b dir, Total Num: 0, files: 
2022/02/11-15:32:42.879433 7fbcf6989340 Write Ahead Log file in ./client_db/k#5edcb5935c8dc07ccc6d408233c584b2232b2ac5ed54ebe33990c1fc244df20b: 000122.log size: 810 ; 
2022/02/11-15:32:42.879434 7fbcf6989340                         Options.error_if_exists: 0
2022/02/11-15:32:42.879436 7fbcf6989340                       Options.create_if_missing: 1
2022/02/11-15:32:42.879436 7fbcf6989340                         Options.paranoid_checks: 1
2022/02/11-15:32:42.879437 7fbcf6989340                               Options.track_and_verify_wals_in_manifest: 0
2022/02/11-15:32:42.879438 7fbcf6989340                                     Options.env: 0x56382aac9420
2022/02/11-15:32:42.879439 7fbcf6989340                                      Options.fs: Posix File System
2022/02/11-15:32:42.879440 7fbcf6989340                                Options.info_log: 0x56382bd7a4b0
2022/02/11-15:32:42.879441 7fbcf6989340                Options.max_file_opening_threads: 16
2022/02/11-15:32:42.879442 7fbcf6989340                              Options.statistics: (nil)
2022/02/11-15:32:42.879443 7fbcf6989340                               Options.use_fsync: 0
2022/02/11-15:32:42.879444 7fbcf6989340                       Options.max_log_file_size: 0
2022/02/11-15:32:42.879444 7fbcf6989340                  Options.max_manifest_file_size: 1073741824
2022/02/11-15:32:42.879446 7fbcf6989340                   Options.log_file_time_to_roll: 0
2022/02/11-15:32:42.879446 7fbcf6989340                       Options.keep_log_file_num: 1000
2022/02/11-15:32:42.879447 7fbcf6989340                    Options.recycle_log_file_num: 0
2022/02/11-15:32:42.879448 7fbcf6989340                         Options.allow_fallocate: 1
2022/02/11-15:32:42.879449 7fbcf6989340                        Options.allow_mmap_reads: 0
2022/02/11-15:32:42.879450 7fbcf6989340                       Options.allow_mmap_writes: 0
2022/02/11-15:32:42.879450 7fbcf6989340                        Options.use_direct_reads: 0
2022/02/11-15:32:42.879451 7fbcf6989340                        Options.use_direct_io_for_flush_and_compaction: 0
2022/02/11-15:32:42.879452 7fbcf6989340          Options.create_missing_column_families: 1
2022/02/11-15:32:42.879452 7fbcf6989340                              Options.db_log_dir: 
2022/02/11-15:32:42.879453 7fbcf6989340                                 Options.wal_dir: ./client_db/k#5edcb5935c8dc07ccc6d408233c584b2232b2ac5ed54ebe33990c1fc244df20b
2022/02/11-15:32:42.879454 7fbcf6989340                Options.table_cache_numshardbits: 6
2022/02/11-15:32:42.879455 7fbcf6989340                         Options.WAL_ttl_seconds: 0
2022/02/11-15:32:42.879455 7fbcf6989340                       Options.WAL_size_limit_MB: 0
2022/02/11-15:32:42.879456 7fbcf6989340                        Options.max_write_batch_group_size_bytes: 1048576
2022/02/11-15:32:42.879457 7fbcf6989340             Options.manifest_preallocation_size: 4194304
2022/02/11-15:32:42.879458 7fbcf6989340                     Options.is_fd_close_on_exec: 1
2022/02/11-15:32:42.879459 7fbcf6989340                   Options.advise_random_on_open: 1
2022/02/11-15:32:42.879459 7fbcf6989340                    Options.db_write_buffer_size: 0
2022/02/11-15:32:42.879460 7fbcf6989340                    Options.write_buffer_manager: 0x56382bdc9720
2022/02/11-15:32:42.879461 7fbcf6989340         Options.access_hint_on_compaction_start: 1
2022/02/11-15:32:42.879462 7fbcf6989340  Options.new_table_reader_for_compaction_inputs: 0
2022/02/11-15:32:42.879471 7fbcf6989340           Options.random_access_max_buffer_size: 1048576
2022/02/11-15:32:42.879472 7fbcf6989340                      Options.use_adaptive_mutex: 0
2022/02/11-15:32:42.879473 7fbcf6989340                            Options.rate_limiter: (nil)
2022/02/11-15:32:42.879474 7fbcf6989340     Options.sst_file_manager.rate_bytes_per_sec: 0
2022/02/11-15:32:42.879475 7fbcf6989340                       Options.wal_recovery_mode: 2
2022/02/11-15:32:42.879475 7fbcf6989340                  Options.enable_thread_tracking: 0
2022/02/11-15:32:42.879476 7fbcf6989340                  Options.enable_pipelined_write: 0
2022/02/11-15:32:42.879477 7fbcf6989340                  Options.unordered_write: 0
2022/02/11-15:32:42.879477 7fbcf6989340         Options.allow_concurrent_memtable_write: 1
2022/02/11-15:32:42.879478 7fbcf6989340      Options.enable_write_thread_adaptive_yield: 1
2022/02/11-15:32:42.879479 7fbcf6989340             Options.write_thread_max_yield_usec: 100
2022/02/11-15:32:42.879480 7fbcf6989340            Options.write_thread_slow_yield_usec: 3
2022/02/11-15:32:42.879480 7fbcf6989340                               Options.row_cache: None
2022/02/11-15:32:42.879481 7fbcf6989340                              Options.wal_filter: None
2022/02/11-15:32:42.879482 7fbcf6989340             Options.avoid_flush_during_recovery: 0
2022/02/11-15:32:42.879483 7fbcf6989340             Options.allow_ingest_behind: 0
2022/02/11-15:32:42.879484 7fbcf6989340             Options.preserve_deletes: 0
2022/02/11-15:32:42.879485 7fbcf6989340             Options.two_write_queues: 0
2022/02/11-15:32:42.879486 7fbcf6989340             Options.manual_wal_flush: 0
2022/02/11-15:32:42.879487 7fbcf6989340             Options.atomic_flush: 0
2022/02/11-15:32:42.879488 7fbcf6989340             Options.avoid_unnecessary_blocking_io: 0
2022/02/11-15:32:42.879488 7fbcf6989340                 Options.persist_stats_to_disk: 0
2022/02/11-15:32:42.879489 7fbcf6989340                 Options.write_dbid_to_manifest: 0
2022/02/11-15:32:42.879490 7fbcf6989340                 Options.log_readahead_size: 0
2022/02/11-15:32:42.879491 7fbcf6989340                 Options.file_checksum_gen_factory: Unknown
2022/02/11-15:32:42.879492 7fbcf6989340                 Options.best_efforts_recovery: 0
2022/02/11-15:32:42.879492 7fbcf6989340                Options.max_bgerror_resume_count: 2147483647
2022/02/11-15:32:42.879493 7fbcf6989340            Options.bgerror_resume_retry_interval: 1000000
2022/02/11-15:32:42.879494 7fbcf6989340             Options.allow_data_in_errors: 0
2022/02/11-15:32:42.879495 7fbcf6989340             Options.db_host_id: __hostname__
2022/02/11-15:32:42.879496 7fbcf6989340             Options.max_background_jobs: 2
2022/02/11-15:32:42.879496 7fbcf6989340             Options.max_background_compactions: -1
2022/02/11-15:32:42.879497 7fbcf6989340             Options.max_subcompactions: 1
2022/02/11-15:32:42.879498 7fbcf6989340             Options.avoid_flush_during_shutdown: 0
2022/02/11-15:32:42.879499 7fbcf6989340           Options.writable_file_max_buffer_size: 1048576
2022/02/11-15:32:42.879499 7fbcf6989340             Options.delayed_write_rate : 16777216
2022/02/11-15:32:42.879500 7fbcf6989340             Options.max_total_wal_size: 0
2022/02/11-15:32:42.879501 7fbcf6989340             Options.delete_obsolete_files_period_micros: 21600000000
2022/02/11-15:32:42.879502 7fbcf6989340                   Options.stats_dump_period_sec: 600
2022/02/11-15:32:42.879503 7fbcf6989340                 Options.stats_persist_period_sec: 600
2022/02/11-15:32:42.879504 7fbcf6989340                 Options.stats_history_buffer_size: 1048576
2022/02/11-15:32:42.879505 7fbcf6989340                          Options.max_open_files: -1
2022/02/11-15:32:42.879505 7fbcf6989340                          Options.bytes_per_sync: 0
2022/02/11-15:32:42.879506 7fbcf6989340                      Options.wal_bytes_per_sync: 0
2022/02/11-15:32:42.879507 7fbcf6989340                   Options.strict_bytes_per_sync: 0
2022/02/11-15:32:42.879533 7fbcf6989340       Options.compaction_readahead_size: 0
2022/02/11-15:32:42.879535 7fbcf6989340                  Options.max_background_flushes: -1
2022/02/11-15:32:42.879537 7fbcf6989340 Compression algorithms supported:
2022/02/11-15:32:42.879538 7fbcf6989340 	kZSTDNotFinalCompression supported: 1
2022/02/11-15:32:42.879539 7fbcf6989340 	kZSTD supported: 1
2022/02/11-15:32:42.879540 7fbcf6989340 	kXpressCompression supported: 0
2022/02/11-15:32:42.879541 7fbcf6989340 	kLZ4HCCompression supported: 1
2022/02/11-15:32:42.879542 7fbcf6989340 	kLZ4Compression supported: 1
2022/02/11-15:32:42.879543 7fbcf6989340 	kBZip2Compression supported: 1
2022/02/11-15:32:42.879544 7fbcf6989340 	kZlibCompression supported: 1
2022/02/11-15:32:42.879544 7fbcf6989340 	kSnappyCompression supported: 1
2022/02/11-15:32:42.879546 7fbcf6989340 Fast CRC32 supported: Not supported on x86
2022/02/11-15:32:42.879580 7fbcf6989340 [db/version_set.cc:4626] Recovering from manifest file: ./client_db/k#5edcb5935c8dc07ccc6d408233c584b2232b2ac5ed54ebe33990c1fc244df20b/MANIFEST-000121
2022/02/11-15:32:42.879714 7fbcf6989340 [db/column_family.cc:596] --------------- Options for column family [default]:
2022/02/11-15:32:42.879717 7fbcf6989340               Options.comparator: leveldb.BytewiseComparator
2022/02/11-15:32:42.879719 7fbcf6989340           Options.merge_operator: None
2022/02/11-15:32:42.879720 7fbcf6989340        Options.compaction_filter: None
2022/02/11-15:32:42.879721 7fbcf6989340        Options.compaction_filter_factory: None
2022/02/11-15:32:42.879722 7fbcf6989340  Options.sst_partitioner_factory: None
2022/02/11-15:32:42.879723 7fbcf6989340         Options.memtable_factory: SkipListFactory
2022/02/11-15:32:42.879724 7fbcf6989340            Options.table_factory: BlockBasedTable
2022/02/11-15:32:42.879748 7fbcf6989340            table_factory options:   flush_block_policy_factory: FlushBlockBySizePolicyFactory (0x56382bcbb400)
  cache_index_and_filter_blocks: 0
  cache_index_and_filter_blocks_with_high_priority: 1
  pin_l0_filter_and_index_blocks_in_cache: 0
  pin_top_level_index_and_filter: 1
  index_type: 0
  data_block_index_type: 0
  index_shortening: 1
  data_block_hash_table_util_ratio: 0.750000
  hash_index_allow_collision: 1
  checksum: 1
  no_block_cache: 0
  block_cache: 0x56382bd08570
  block_cache_name: LRUCache
  block_cache_options:
    capacity : 8388608
    num_shard_bits : 4
    strict_capacity_limit : 0
    memory_allocator : None
    high_pri_pool_ratio: 0.000
  block_cache_compressed: (nil)
  persistent_cache: (nil)
  block_size: 4096
  block_size_deviation: 10
  block_restart_interval: 16
  index_block_restart_interval: 1
  metadata_block_size: 4096
  partition_filters: 0
  use_delta_encoding: 1
  filter_policy: nullptr
  whole_key_filtering: 1
  verify_compression: 0
  read_amp_bytes_per_bit: 0
  format_version: 5
  enable_index_compression: 1
  block_align: 0
2022/02/11-15:32:42.879750 7fbcf6989340        Options.write_buffer_size: 67108864
2022/02/11-15:32:42.879751 7fbcf6989340  Options.max_write_buffer_number: 2
2022/02/11-15:32:42.879752 7fbcf6989340          Options.compression: Snappy
2022/02/11-15:32:42.879753 7fbcf6989340                  Options.bottommost_compression: Disabled
2022/02/11-15:32:42.879753 7fbcf6989340       Options.prefix_extractor: nullptr
2022/02/11-15:32:42.879754 7fbcf6989340   Options.memtable_insert_with_hint_prefix_extractor: nullptr
2022/02/11-15:32:42.879755 7fbcf6989340             Options.num_levels: 7
2022/02/11-15:32:42.879756 7fbcf6989340        Options.min_write_buffer_number_to_merge: 1
2022/02/11-15:32:42.879757 7fbcf6989340     Options.max_write_buffer_number_to_maintain: 0
2022/02/11-15:32:42.879758 7fbcf6989340     Options.max_write_buffer_size_to_maintain: 0
2022/02/11-15:32:42.879759 7fbcf6989340            Options.bottommost_compression_opts.window_bits: -14
2022/02/11-15:32:42.879760 7fbcf6989340                  Options.bottommost_compression_opts.level: 32767
2022/02/11-15:32:42.879761 7fbcf6989340               Options.bottommost_compression_opts.strategy: 0
2022/02/11-15:32:42.879771 7fbcf6989340         Options.bottommost_compression_opts.max_dict_bytes: 0
2022/02/11-15:32:42.879772 7fbcf6989340         Options.bottommost_compression_opts.zstd_max_train_bytes: 0
2022/02/11-15:32:42.879773 7fbcf6989340         Options.bottommost_compression_opts.parallel_threads: 1
2022/02/11-15:32:42.879774 7fbcf6989340                  Options.bottommost_compression_opts.enabled: false
2022/02/11-15:32:42.879775 7fbcf6989340         Options.bottommost_compression_opts.max_dict_buffer_bytes: 0
2022/02/11-15:32:42.879776 7fbcf6989340            Options.compression_opts.window_bits: -14
2022/02/11-15:32:42.879776 7fbcf6989340                  Options.compression_opts.level: 32767
2022/02/11-15:32:42.879777 7fbcf6989340               Options.compression_opts.strategy: 0
2022/02/11-15:32:42.879778 7fbcf6989340         Options.compression_opts.max_dict_bytes: 0
2022/02/11-15:32:42.879779 7fbcf6989340         Options.compression_opts.zstd_max_train_bytes: 0
2022/02/11-15:32:42.879780 7fbcf6989340         Options.compression_opts.parallel_threads: 1
2022/02/11-15:32:42.879781 7fbcf6989340                  Options.compression_opts.enabled: false
2022/02/11-15:32:42.879782 7fbcf6989340         Options.compression_opts.max_dict_buffer_bytes: 0
2022/02/11-15:32:42.879783 7fbcf6989340      Options.level0_file_num_compaction_trigger: 4
2022/02/11-15:32:42.879783 7fbcf6989340          Options.level0_slowdown_writes_trigger: 20
2022/02/11-15:32:42.879784 7fbcf6989340              Options.level0_stop_writes_trigger: 36
2022/02/11-15:32:42.879785 7fbcf6989340                   Options.target_file_size_base: 67108864
2022/02/11-15:32:42.879786 7fbcf6989340             Options.target_file_size_multiplier: 1
2022/02/11-15:32:42.879787 7fbcf6989340                Options.max_bytes_for_level_base: 268435456
2022/02/11-15:32:42.879788 7fbcf6989340 Options.level_compaction_dynamic_level_bytes: 0
2022/02/11-15:32:42.879788 7fbcf6989340          Options.max_bytes_for_level_multiplier: 10.000000
2022/02/11-15:32:42.879790 7fbcf6989340 Options.max_bytes_for_level_multiplier_addtl[0]: 1
2022/02/11-15:32:42.879791 7fbcf6989340 Options.max_bytes_for_level_multiplier_addtl[1]: 1
2022/02/11-15:32:42.879792 7fbcf6989340 Options.max_bytes_for_level_multiplier_addtl[2]: 1
2022/02/11-15:32:42.879793 7fbcf6989340 Options.max_bytes_for_level_multiplier_addtl[3]: 1
2022/02/11-15:32:42.879794 7fbcf6989340 Options.max_bytes_for_level_multiplier_addtl[4]: 1
2022/02/11-15:32:42.879795 7fbcf6989340 Options.max_bytes_for_level_multiplier_addtl[5]: 1
2022/02/11-15:32:42.879796 7fbcf6989340 Options.max_bytes_for_level_multiplier_addtl[6]: 1
2022/02/11-15:32:42.879796 7fbcf6989340       Options.max_sequential_skip_in_iterations: 8
2022/02/11-15:32:42.879797 7fbcf6989340                    Options.max_compaction_bytes: 1677721600
2022/02/11-15:32:42.879798 7fbcf6989340                        Options.arena_block_size: 8388608
2022/02/11-15:32:42.879799 7fbcf6989340   Options.soft_pending_compaction_bytes_limit: 68719476736
2022/02/11-15:32:42.879800 7fbcf6989340   Options.hard_pending_compaction_bytes_limit: 274877906944
2022/02/11-15:32:42.879800 7fbcf6989340       Options.rate_limit_delay_max_milliseconds: 100
2022/02/11-15:32:42.879801 7fbcf6989340                Options.disable_auto_compactions: 0
2022/02/11-15:32:42.879803 7fbcf6989340                        Options.compaction_style: kCompactionStyleLevel
2022/02/11-15:32:42.879805 7fbcf6989340                          Options.compaction_pri: kMinOverlappingRatio
2022/02/11-15:32:42.879805 7fbcf6989340 Options.compaction_options_universal.size_ratio: 1
2022/02/11-15:32:42.879806 7fbcf6989340 Options.compaction_options_universal.min_merge_width: 2
2022/02/11-15:32:42.879807 7fbcf6989340 Options.compaction_options_universal.max_merge_width: 4294967295
2022/02/11-15:32:42.879808 7fbcf6989340 Options.compaction_options_universal.max_size_amplification_percent: 200
2022/02/11-15:32:42.879808 7fbcf6989340 Options.compaction_options_universal.compression_size_percent: -1
2022/02/11-15:32:42.879816 7fbcf6989340 Options.compaction_options_universal.stop_style: kCompactionStopStyleTotalSize
2022/02/11-15:32:42.879817 7fbcf6989340 Options.compaction_options_fifo.max_table_files_size: 1073741824
2022/02/11-15:32:42.879818 7fbcf6989340 Options.compaction_options_fifo.allow_compaction: 0
2022/02/11-15:32:42.879826 7fbcf6989340                   Options.table_properties_collectors: 
2022/02/11-15:32:42.879827 7fbcf6989340                   Options.inplace_update_support: 0
2022/02/11-15:32:42.879828 7fbcf6989340                 Options.inplace_update_num_locks: 10000
2022/02/11-15:32:42.879829 7fbcf6989340               Options.memtable_prefix_bloom_size_ratio: 0.000000
2022/02/11-15:32:42.879830 7fbcf6989340               Options.memtable_whole_key_filtering: 0
2022/02/11-15:32:42.879831 7fbcf6989340   Options.memtable_huge_page_size: 0
2022/02/11-15:32:42.879831 7fbcf6989340                           Options.bloom_locality: 0
2022/02/11-15:32:42.879832 7fbcf6989340                    Options.max_successive_merges: 0
2022/02/11-15:32:42.879833 7fbcf6989340                Options.optimize_filters_for_hits: 0
2022/02/11-15:32:42.879833 7fbcf6989340                Options.paranoid_file_checks: 0
2022/02/11-15:32:42.879834 7fbcf6989340                Options.force_consistency_checks: 1
2022/02/11-15:32:42.879835 7fbcf6989340                Options.report_bg_io_stats: 0
2022/02/11-15:32:42.879835 7fbcf6989340                               Options.ttl: 2592000
2022/02/11-15:32:42.879836 7fbcf6989340          Options.periodic_compaction_seconds: 0
2022/02/11-15:32:42.879837 7fbcf6989340                    Options.enable_blob_files: false
2022/02/11-15:32:42.879838 7fbcf6989340                        Options.min_blob_size: 0
2022/02/11-15:32:42.879838 7fbcf6989340                       Options.blob_file_size: 268435456
2022/02/11-15:32:42.879839 7fbcf6989340                Options.blob_compression_type: NoCompression
2022/02/11-15:32:42.879840 7fbcf6989340       Options.enable_blob_garbage_collection: false
2022/02/11-15:32:42.879841 7fbcf6989340   Options.blob_garbage_collection_age_cutoff: 0.250000
2022/02/11-15:32:42.879892 7fbcf6989340 [db/column_family.cc:596] --------------- Options for column family [pending_orders]:
2022/02/11-15:32:42.879894 7fbcf6989340               Options.comparator: leveldb.BytewiseComparator
2022/02/11-15:32:42.879896 7fbcf6989340           Options.merge_operator: None
2022/02/11-15:32:42.879897 7fbcf6989340        Options.compaction_filter: None
2022/02/11-15:32:42.879898 7fbcf6989340        Options.compaction_filter_factory: None
2022/02/11-15:32:42.879898 7fbcf6989340  Options.sst_partitioner_factory: None
2022/02/11-15:32:42.879899 7fbcf6989340         Options.memtable_factory: SkipListFactory
2022/02/11-15:32:42.879900 7fbcf6989340            Options.table_factory: BlockBasedTable
2022/02/11-15:32:42.879918 7fbcf6989340            table_factory options:   flush_block_policy_factory: FlushBlockBySizePolicyFactory (0x56382bcbb920)
  cache_index_and_filter_blocks: 0
  cache_index_and_filter_blocks_with_high_priority: 1
  pin_l0_filter_and_index_blocks_in_cache: 0
  pin_top_level_index_and_filter: 1
  index_type: 0
  data_block_index_type: 0
  index_shortening: 1
  data_block_hash_table_util_ratio: 0.750000
  hash_index_allow_collision: 1
  checksum: 1
  no_block_cache: 0
  block_cache: 0x56382beb5ae0
  block_cache_name: LRUCache
  block_cache_options:
    capacity : 8388608
    num_shard_bits : 4
    strict_capacity_limit : 0
    memory_allocator : None
    high_pri_pool_ratio: 0.000
  block_cache_compressed: (nil)
  persistent_cache: (nil)
  block_size: 4096
  block_size_deviation: 10
  block_restart_interval: 16
  index_block_restart_interval: 1
  metadata_block_size: 4096
  partition_filters: 0
  use_delta_encoding: 1
  filter_policy: nullptr
  whole_key_filtering: 1
  verify_compression: 0
  read_amp_bytes_per_bit: 0
  format_version: 5
  enable_index_compression: 1
  block_align: 0
2022/02/11-15:32:42.879919 7fbcf6989340        Options.write_buffer_size: 67108864
2022/02/11-15:32:42.879927 7fbcf6989340  Options.max_write_buffer_number: 2
2022/02/11-15:32:42.879940 7fbcf6989340          Options.compression: Snappy
2022/02/11-15:32:42.879941 7fbcf6989340                  Options.bottommost_compression: Disabled
2022/02/11-15:32:42.879943 7fbcf6989340       Options.prefix_extractor: nullptr
2022/02/11-15:32:42.879944 7fbcf6989340   Options.memtable_insert_with_hint_prefix_extractor: nullptr
2022/02/11-15:32:42.879945 7fbcf6989340             Options.num_levels: 7
2022/02/11-15:32:42.879946 7fbcf6989340        Options.min_write_buffer_number_to_merge: 1
2022/02/11-15:32:42.879946 7fbcf6989340     Options.max_write_buffer_number_to_maintain: 0
2022/02/11-15:32:42.879947 7fbcf6989340     Options.max_write_buffer_size_to_maintain: 0
2022/02/11-15:32:42.879948 7fbcf6989340            Options.bottommost_compression_opts.window_bits: -14
2022/02/11-15:32:42.879949 7fbcf6989340                  Options.bottommost_compression_opts.level: 32767
2022/02/11-15:32:42.879949 7fbcf6989340               Options.bottommost_compression_opts.strategy: 0
2022/02/11-15:32:42.879950 7fbcf6989340         Options.bottommost_compression_opts.max_dict_bytes: 0
2022/02/11-15:32:42.879950 7fbcf6989340         Options.bottommost_compression_opts.zstd_max_train_bytes: 0
2022/02/11-15:32:42.879951 7fbcf6989340         Options.bottommost_compression_opts.parallel_threads: 1
2022/02/11-15:32:42.879951 7fbcf6989340                  Options.bottommost_compression_opts.enabled: false
2022/02/11-15:32:42.879952 7fbcf6989340         Options.bottommost_compression_opts.max_dict_buffer_bytes: 0
2022/02/11-15:32:42.879953 7fbcf6989340            Options.compression_opts.window_bits: -14
2022/02/11-15:32:42.879953 7fbcf6989340                  Options.compression_opts.level: 32767
2022/02/11-15:32:42.879954 7fbcf6989340               Options.compression_opts.strategy: 0
2022/02/11-15:32:42.879954 7fbcf6989340         Options.compression_opts.max_dict_bytes: 0
2022/02/11-15:32:42.879954 7fbcf6989340         Options.compression_opts.zstd_max_train_bytes: 0
2022/02/11-15:32:42.879955 7fbcf6989340         Options.compression_opts.parallel_threads: 1
2022/02/11-15:32:42.879955 7fbcf6989340                  Options.compression_opts.enabled: false
2022/02/11-15:32:42.879956 7fbcf6989340         Options.compression_opts.max_dict_buffer_bytes: 0
2022/02/11-15:32:42.879956 7fbcf6989340      Options.level0_file_num_compaction_trigger: 4
2022/02/11-15:32:42.879957 7fbcf6989340          Options.level0_slowdown_writes_trigger: 20
2022/02/11-15:32:42.879957 7fbcf6989340              Options.level0_stop_writes_trigger: 36
2022/02/11-15:32:42.879958 7fbcf6989340                   Options.target_file_size_base: 67108864
2022/02/11-15:32:42.879958 7fbcf6989340             Options.target_file_size_multiplier: 1
2022/02/11-15:32:42.879959 7fbcf6989340                Options.max_bytes_for_level_base: 268435456
2022/02/11-15:32:42.879959 7fbcf6989340 Options.level_compaction_dynamic_level_bytes: 0
2022/02/11-15:32:42.879960 7fbcf6989340          Options.max_bytes_for_level_multiplier: 10.000000
2022/02/11-15:32:42.879961 7fbcf6989340 Options.max_bytes_for_level_multiplier_addtl[0]: 1
2022/02/11-15:32:42.879962 7fbcf6989340 Options.max_bytes_for_level_multiplier_addtl[1]: 1
2022/02/11-15:32:42.879962 7fbcf6989340 Options.max_bytes_for_level_multiplier_addtl[2]: 1
2022/02/11-15:32:42.879963 7fbcf6989340 Options.max_bytes_for_level_multiplier_addtl[3]: 1
2022/02/11-15:32:42.879963 7fbcf6989340 Options.max_bytes_for_level_multiplier_addtl[4]: 1
2022/02/11-15:32:42.879964 7fbcf6989340 Options.max_bytes_for_level_multiplier_addtl[5]: 1
2022/02/11-15:32:42.879964 7fbcf6989340 Options.max_bytes_for_level_multiplier_addtl[6]: 1
2022/02/11-15:32:42.879965 7fbcf6989340       Options.max_sequential_skip_in_iterations: 8
2022/02/11-15:32:42.879965 7fbcf6989340                    Options.max_compaction_bytes: 1677721600
2022/02/11-15:32:42.879966 7fbcf6989340                        Options.arena_block_size: 8388608
2022/02/11-15:32:42.879966 7fbcf6989340   Options.soft_pending_compaction_bytes_limit: 68719476736
2022/02/11-15:32:42.879972 7fbcf6989340   Options.hard_pending_compaction_bytes_limit: 274877906944
2022/02/11-15:32:42.879972 7fbcf6989340       Options.rate_limit_delay_max_milliseconds: 100
2022/02/11-15:32:42.879973 7fbcf6989340                Options.disable_auto_compactions: 0
2022/02/11-15:32:42.879974 7fbcf6989340                        Options.compaction_style: kCompactionStyleLevel
2022/02/11-15:32:42.879974 7fbcf6989340                          Options.compaction_pri: kMinOverlappingRatio
2022/02/11-15:32:42.879975 7fbcf6989340 Options.compaction_options_universal.size_ratio: 1
2022/02/11-15:32:42.879975 7fbcf6989340 Options.compaction_options_universal.min_merge_width: 2
2022/02/11-15:32:42.879976 7fbcf6989340 Options.compaction_options_universal.max_merge_width: 4294967295
2022/02/11-15:32:42.879976 7fbcf6989340 Options.compaction_options_universal.max_size_amplification_percent: 200
2022/02/11-15:32:42.879977 7fbcf6989340 Options.compaction_options_universal.compression_size_percent: -1
2022/02/11-15:32:42.879978 7fbcf6989340 Options.compaction_options_universal.stop_style: kCompactionStopStyleTotalSize
2022/02/11-15:32:42.879978 7fbcf6989340 Options.compaction_options_fifo.max_table_files_size: 1073741824
2022/02/11-15:32:42.879979 7fbcf6989340 Options.compaction_options_fifo.allow_compaction: 0
2022/02/11-15:32:42.879982 7fbcf6989340                   Options.table_properties_collectors: 
2022/02/11-15:32:42.879982 7fbcf6989340                   Options.inplace_update_support: 0
2022/02/11-15:32:42.879983 7fbcf6989340                 Options.inplace_update_num_locks: 10000
2022/02/11-15:32:42.879983 7fbcf6989340               Options.memtable_prefix_bloom_size_ratio: 0.000000
2022/02/11-15:32:42.879984 7fbcf6989340               Options.memtable_whole_key_filtering: 0
2022/02/11-15:32:42.879985 7fbcf6989340   Options.memtable_huge_page_size: 0
2022/02/11-15:32:42.879985 7fbcf6989340                           Options.bloom_locality: 0
2022/02/11-15:32:42.879986 7fbcf6989340                    Options.max_successive_merges: 0
2022/02/11-15:32:42.879986 7fbcf6989340                Options.optimize_filters_for_hits: 0
2022/02/11-15:32:42.879987 7fbcf6989340                Options.paranoid_file_checks: 0
2022/02/11-15:32:42.879987 7fbcf6989340                Options.force_consistency_checks: 1
2022/02/11-15:32:42.879988 7fbcf6989340                Options.report_bg_io_stats: 0
2022/02/11-15:32:42.879988 7fbcf6989340                               Options.ttl: 2592000
2022/02/11-15:32:42.879989 7fbcf6989340          Options.periodic_compaction_seconds: 0
2022/02/11-15:32:42.879989 7fbcf6989340                    Options.enable_blob_files: false
2022/02/11-15:32:42.879990 7fbcf6989340                        Options.min_blob_size: 0
2022/02/11-15:32:42.879990 7fbcf6989340                       Options.blob_file_size: 268435456
2022/02/11-15:32:42.879991 7fbcf6989340                Options.blob_compression_type: NoCompression
2022/02/11-15:32:42.879991 7fbcf6989340       Options.enable_blob_garbage_collection: false
2022/02/11-15:32:42.879992 7fbcf6989340   Options.blob_garbage_collection_age_cutoff: 0.250000
2022/02/11-15:32:42.880012 7fbcf6989340 [db/column_family.cc:596] --------------- Options for column family [certificates]:
2022/02/11-15:32:42.880013 7fbcf6989340               Options.comparator: leveldb.BytewiseComparator
2022/02/11-15:32:42.880013 7fbcf6989340           Options.merge_operator: None
2022/02/11-15:32:42.880014 7fbcf6989340        Options.compaction_filter: None
2022/02/11-15:32:42.880014 7fbcf6989340        Options.compaction_filter_factory: None
2022/02/11-15:32:42.880015 7fbcf6989340  Options.sst_partitioner_factory: None
2022/02/11-15:32:42.880015 7fbcf6989340         Options.memtable_factory: SkipListFactory
2022/02/11-15:32:42.880016 7fbcf6989340            Options.table_factory: BlockBasedTable
2022/02/11-15:32:42.880027 7fbcf6989340            table_factory options:   flush_block_policy_factory: FlushBlockBySizePolicyFactory (0x56382bd38180)
  cache_index_and_filter_blocks: 0
  cache_index_and_filter_blocks_with_high_priority: 1
  pin_l0_filter_and_index_blocks_in_cache: 0
  pin_top_level_index_and_filter: 1
  index_type: 0
  data_block_index_type: 0
  index_shortening: 1
  data_block_hash_table_util_ratio: 0.750000
  hash_index_allow_collision: 1
  checksum: 1
  no_block_cache: 0
  block_cache: 0x56382bd45c70
  block_cache_name: LRUCache
  block_cache_options:
    capacity : 8388608
    num_shard_bits : 4
    strict_capacity_limit : 0
    memory_allocator : None
    high_pri_pool_ratio: 0.000
  block_cache_compressed: (nil)
  persistent_cache: (nil)
  block_size: 4096
  block_size_deviation: 10
  block_restart_interval: 16
  index_block_restart_interval: 1
  metadata_block_size: 4096
  partition_filters: 0
  use_delta_encoding: 1
  filter_policy: nullptr
  whole_key_filtering: 1
  verify_compression: 0
  read_amp_bytes_per_bit: 0
  format_version: 5
  enable_index_compression: 1
  block_align: 0
2022/02/11-15:32:42.880033 7fbcf6989340        Options.write_buffer_size: 67108864
2022/02/11-15:32:42.880033 7fbcf6989340  Options.max_write_buffer_number: 2
2022/02/11-15:32:42.880034 7fbcf6989340          Options.compression: Snappy
2022/02/11-15:32:42.880034 7fbcf6989340                  Options.bottommost_compression: Disabled
2022/02/11-15:32:42.880035 7fbcf6989340       Options.prefix_extractor: nullptr
2022/02/11-15:32:42.880035 7fbcf6989340   Options.memtable_insert_with_hint_prefix_extractor: nullptr
2022/02/11-15:32:42.880036 7fbcf6989340             Options.num_levels: 7
2022/02/11-15:32:42.880036 7fbcf6989340        Options.min_write_buffer_number_to_merge: 1
2022/02/11-15:32:42.880037 7fbcf6989340     Options.max_write_buffer_number_to_maintain: 0
2022/02/11-15:32:42.880037 7fbcf6989340     Options.max_write_buffer_size_to_maintain: 0
2022/02/11-15:32:42.880038 7fbcf6989340            Options.bottommost_compression_opts.window_bits: -14
2022/02/11-15:32:42.880038 7fbcf6989340                  Options.bottommost_compression_opts.level: 32767
2022/02/11-15:32:42.880039 7fbcf6989340               Options.bottommost_compression_opts.strategy: 0
2022/02/11-15:32:42.880039 7fbcf6989340         Options.bottommost_compression_opts.max_dict_bytes: 0
2022/02/11-15:32:42.880040 7fbcf6989340         Options.bottommost_compression_opts.zstd_max_train_bytes: 0
2022/02/11-15:32:42.880040 7fbcf6989340         Options.bottommost_compression_opts.parallel_threads: 1
2022/02/11-15:32:42.880041 7fbcf6989340                  Options.bottommost_compression_opts.enabled: false
2022/02/11-15:32:42.880041 7fbcf6989340         Options.bottommost_compression_opts.max_dict_buffer_bytes: 0
2022/02/11-15:32:42.880042 7fbcf6989340            Options.compression_opts.window_bits: -14
2022/02/11-15:32:42.880042 7fbcf6989340                  Options.compression_opts.level: 32767
2022/02/11-15:32:42.880043 7fbcf6989340               Options.compression_opts.strategy: 0
2022/02/11-15:32:42.880043 7fbcf6989340         Options.compression_opts.max_dict_bytes: 0
2022/02/11-15:32:42.880044 7fbcf6989340         Options.compression_opts.zstd_max_train_bytes: 0
2022/02/11-15:32:42.880044 7fbcf6989340         Options.compression_opts.parallel_threads: 1
2022/02/11-15:32:42.880045 7fbcf6989340                  Options.compression_opts.enabled: false
2022/02/11-15:32:42.880045 7fbcf6989340         Options.compression_opts.max_dict_buffer_bytes: 0
2022/02/11-15:32:42.880046 7fbcf6989340      Options.level0_file_num_compaction_trigger: 4
2022/02/11-15:32:42.880046 7fbcf6989340          Options.level0_slowdown_writes_trigger: 20
2022/02/11-15:32:42.880047 7fbcf6989340              Options.level0_stop_writes_trigger: 36
2022/02/11-15:32:42.880047 7fbcf6989340                   Options.target_file_size_base: 67108864
2022/02/11-15:32:42.880048 7fbcf6989340             Options.target_file_size_multiplier: 1
2022/02/11-15:32:42.880048 7fbcf6989340                Options.max_bytes_for_level_base: 268435456
2022/02/11-15:32:42.880049 7fbcf6989340 Options.level_compaction_dynamic_level_bytes: 0
2022/02/11-15:32:42.880052 7fbcf6989340          Options.max_bytes_for_level_multiplier: 10.000000
2022/02/11-15:32:42.880053 7fbcf6989340 Options.max_bytes_for_level_multiplier_addtl[0]: 1
2022/02/11-15:32:42.880054 7fbcf6989340 Options.max_bytes_for_level_multiplier_addtl[1]: 1
2022/02/11-15:32:42.880054 7fbcf6989340 Options.max_bytes_for_level_multiplier_addtl[2]: 1
2022/02/11-15:32:42.880055 7fbcf6989340 Options.max_bytes_for_level_multiplier_addtl[3]: 1
2022/02/11-15:32:42.880055 7fbcf6989340 Options.max_bytes_for_level_multiplier_addtl[4]: 1
2022/02/11-15:32:42.880056 7fbcf6989340 Options.max_bytes_for_level_multiplier_addtl[5]: 1
2022/02/11-15:32:42.880056 7fbcf6989340 Options.max_bytes_for_level_multiplier_addtl[6]: 1
2022/02/11-15:32:42.880057 7fbcf6989340       Options.max_sequential_skip_in_iterations: 8
2022/02/11-15:32:42.880057 7fbcf6989340                    Options.max_compaction_bytes: 1677721600
2022/02/11-15:32:42.880058 7fbcf6989340                        Options.arena_block_size: 8388608
2022/02/11-15:32:42.880058 7fbcf6989340   Options.soft_pending_compaction_bytes_limit: 68719476736
2022/02/11-15:32:42.880059 7fbcf6989340   Options.hard_pending_compaction_bytes_limit: 274877906944
2022/02/11-15:32:42.880059 7fbcf6989340       Options.rate_limit_delay_max_milliseconds: 100
2022/02/11-15:32:42.880060 7fbcf6989340                Options.disable_auto_compactions: 0
2022/02/11-15:32:42.880060 7fbcf6989340                        Options.compaction_style: kCompactionStyleLevel
2022/02/11-15:32:42.880061 7fbcf6989340                          Options.compaction_pri: kMinOverlappingRatio
2022/02/11-15:32:42.880061 7fbcf6989340 Options.compaction_options_universal.size_ratio: 1
2022/02/11-15:32:42.880062 7fbcf6989340 Options.compaction_options_universal.min_merge_width: 2
2022/02/11-15:32:42.880062 7fbcf6989340 Options.compaction_options_universal.max_merge_width: 4294967295
2022/02/11-15:32:42.880063 7fbcf6989340 Options.compaction_options_universal.max_size_amplification_percent: 200
2022/02/11-15:32:42.880063 7fbcf6989340 Options.compaction_options_universal.compression_size_percent: -1
2022/02/11-15:32:42.880064 7fbcf6989340 Options.compaction_options_universal.stop_style: kCompactionStopStyleTotalSize
2022/02/11-15:32:42.880064 7fbcf6989340 Options.compaction_options_fifo.max_table_files_size: 1073741824
2022/02/11-15:32:42.880065 7fbcf6989340 Options.compaction_options_fifo.allow_compaction: 0
2022/02/11-15:32:42.880066 7fbcf6989340                   Options.table_properties_collectors: 
2022/02/11-15:32:42.880066 7fbcf6989340                   Options.inplace_update_support: 0
2022/02/11-15:32:42.880067 7fbcf6989340                 Options.inplace_update_num_locks: 10000
2022/02/11-15:32:42.880067 7fbcf6989340               Options.memtable_prefix_bloom_size_ratio: 0.000000
2022/02/11-15:32:42.880068 7fbcf6989340               Options.memtable_whole_key_filtering: 0
2022/02/11-15:32:42.880068 7fbcf6989340   Options.memtable_huge_page_size: 0
2022/02/11-15:32:42.880069 7fbcf6989340                           Options.bloom_locality: 0
2022/02/11-15:32:42.880069 7fbcf6989340                    Options.max_successive_merges: 0
2022/02/11-15:32:42.880070 7fbcf6989340                Options.optimize_filters_for_hits: 0
2022/02/11-15:32:42.880070 7fbcf6989340                Options.paranoid_file_checks: 0
2022/02/11-15:32:42.880071 7fbcf6989340                Options.force_consistency_checks: 1
2022/02/11-15:32:42.880071 7fbcf6989340                Options.report_bg_io_stats: 0
2022/02/11-15:32:42.880072 7fbcf6989340                               Options.ttl: 2592000
2022/02/11-15:32:42.880072 7fbcf6989340          Options.periodic_compaction_seconds: 0
2022/02/11-15:32:42.880073 7fbcf6989340                    Options.enable_blob_files: false
2022/02/11-15:32:42.880073 7fbcf6989340                        Options.min_blob_size: 0
2022/02/11-15:32:42.880074 7fbcf6989340                       Options.blob_file_size: 268435456
2022/02/11-15:32:42.880074 7fbcf6989340                Options.blob_compression_type: NoCompression
2022/02/11-15:32:42.880078 7fbcf6989340       Options.enable_blob_garbage_collection: false
2022/02/11-15:32:42.880078 7fbcf6989340   Options.blob_garbage_collection_age_cutoff: 0.250000
2022/02/11-15:32:42.880093 7fbcf6989340 [db/column_family.cc:596] --------------- Options for column family [object_certs]:
2022/02/11-15:32:42.880094 7fbcf6989340               Options.comparator: leveldb.BytewiseComparator
2022/02/11-15:32:42.880094 7fbcf6989340           Options.merge_operator: None
2022/02/11-15:32:42.880095 7fbcf6989340        Options.compaction_filter: None
2022/02/11-15:32:42.880095 7fbcf6989340        Options.compaction_filter_factory: None
2022/02/11-15:32:42.880096 7fbcf6989340  Options.sst_partitioner_factory: None
2022/02/11-15:32:42.880096 7fbcf6989340         Options.memtable_factory: SkipListFactory
2022/02/11-15:32:42.880097 7fbcf6989340            Options.table_factory: BlockBasedTable
2022/02/11-15:32:42.880107 7fbcf6989340            table_factory options:   flush_block_policy_factory: FlushBlockBySizePolicyFactory (0x56382bd44dc0)
  cache_index_and_filter_blocks: 0
  cache_index_and_filter_blocks_with_high_priority: 1
  pin_l0_filter_and_index_blocks_in_cache: 0
  pin_top_level_index_and_filter: 1
  index_type: 0
  data_block_index_type: 0
  index_shortening: 1
  data_block_hash_table_util_ratio: 0.750000
  hash_index_allow_collision: 1
  checksum: 1
  no_block_cache: 0
  block_cache: 0x56382bc68dc0
  block_cache_name: LRUCache
  block_cache_options:
    capacity : 8388608
    num_shard_bits : 4
    strict_capacity_limit : 0
    memory_allocator : None
    high_pri_pool_ratio: 0.000
  block_cache_compressed: (nil)
  persistent_cache: (nil)
  block_size: 4096
  block_size_deviation: 10
  block_restart_interval: 16
  index_block_restart_interval: 1
  metadata_block_size: 4096
  partition_filters: 0
  use_delta_encoding: 1
  filter_policy: nullptr
  whole_key_filtering: 1
  verify_compression: 0
  read_amp_bytes_per_bit: 0
  format_version: 5
  enable_index_compression: 1
  block_align: 0
2022/02/11-15:32:42.880108 7fbcf6989340        Options.write_buffer_size: 67108864
2022/02/11-15:32:42.880109 7fbcf6989340  Options.max_write_buffer_number: 2
2022/02/11-15:32:42.880110 7fbcf6989340          Options.compression: Snappy
2022/02/11-15:32:42.880111 7fbcf6989340                  Options.bottommost_compression: Disabled
2022/02/11-15:32:42.880111 7fbcf6989340       Options.prefix_extractor: nullptr
2022/02/11-15:32:42.880112 7fbcf6989340   Options.memtable_insert_with_hint_prefix_extractor: nullptr
2022/02/11-15:32:42.880113 7fbcf6989340             Options.num_levels: 7
2022/02/11-15:32:42.880114 7fbcf6989340        Options.min_write_buffer_number_to_merge: 1
2022/02/11-15:32:42.880114 7fbcf6989340     Options.max_write_buffer_number_to_maintain: 0
2022/02/11-15:32:42.880115 7fbcf6989340     Options.max_write_buffer_size_to_maintain: 0
2022/02/11-15:32:42.880116 7fbcf6989340            Options.bottommost_compression_opts.window_bits: -14
