2022/02/11-15:32:41.010875 7f40ee4f4340 RocksDB version: 6.20.3
2022/02/11-15:32:41.010907 7f40ee4f4340 Git sha 8608d75d85f8e1b3b64b73a4fb6d19baec61ba5c
2022/02/11-15:32:41.010911 7f40ee4f4340 Compile date 2021-05-05 20:35:30
2022/02/11-15:32:41.010966 7f40ee4f4340 DB SUMMARY
2022/02/11-15:32:41.010968 7f40ee4f4340 DB Session ID:  B7F4FG537UYXO2PB4LTJ
2022/02/11-15:32:41.011001 7f40ee4f4340 CURRENT file:  CURRENT
2022/02/11-15:32:41.011004 7f40ee4f4340 IDENTITY file:  IDENTITY
2022/02/11-15:32:41.011008 7f40ee4f4340 MANIFEST file:  MANIFEST-000091 size: 907 Bytes
2022/02/11-15:32:41.011011 7f40ee4f4340 SST files in ./client_db/k#5edcb5935c8dc07ccc6d408233c584b2232b2ac5ed54ebe33990c1fc244df20b dir, Total Num: 0, files: 
2022/02/11-15:32:41.011014 7f40ee4f4340 Write Ahead Log file in ./client_db/k#5edcb5935c8dc07ccc6d408233c584b2232b2ac5ed54ebe33990c1fc244df20b: 000092.log size: 810 ; 
2022/02/11-15:32:41.011017 7f40ee4f4340                         Options.error_if_exists: 0
2022/02/11-15:32:41.011019 7f40ee4f4340                       Options.create_if_missing: 1
2022/02/11-15:32:41.011020 7f40ee4f4340                         Options.paranoid_checks: 1
2022/02/11-15:32:41.011022 7f40ee4f4340                               Options.track_and_verify_wals_in_manifest: 0
2022/02/11-15:32:41.011023 7f40ee4f4340                                     Options.env: 0x56248e2e0420
2022/02/11-15:32:41.011026 7f40ee4f4340                                      Options.fs: Posix File System
2022/02/11-15:32:41.011027 7f40ee4f4340                                Options.info_log: 0x56248e88fa10
2022/02/11-15:32:41.011029 7f40ee4f4340                Options.max_file_opening_threads: 16
2022/02/11-15:32:41.011030 7f40ee4f4340                              Options.statistics: (nil)
2022/02/11-15:32:41.011033 7f40ee4f4340                               Options.use_fsync: 0
2022/02/11-15:32:41.011034 7f40ee4f4340                       Options.max_log_file_size: 0
2022/02/11-15:32:41.011035 7f40ee4f4340                  Options.max_manifest_file_size: 1073741824
2022/02/11-15:32:41.011037 7f40ee4f4340                   Options.log_file_time_to_roll: 0
2022/02/11-15:32:41.011038 7f40ee4f4340                       Options.keep_log_file_num: 1000
2022/02/11-15:32:41.011040 7f40ee4f4340                    Options.recycle_log_file_num: 0
2022/02/11-15:32:41.011041 7f40ee4f4340                         Options.allow_fallocate: 1
2022/02/11-15:32:41.011043 7f40ee4f4340                        Options.allow_mmap_reads: 0
2022/02/11-15:32:41.011044 7f40ee4f4340                       Options.allow_mmap_writes: 0
2022/02/11-15:32:41.011045 7f40ee4f4340                        Options.use_direct_reads: 0
2022/02/11-15:32:41.011047 7f40ee4f4340                        Options.use_direct_io_for_flush_and_compaction: 0
2022/02/11-15:32:41.011048 7f40ee4f4340          Options.create_missing_column_families: 1
2022/02/11-15:32:41.011050 7f40ee4f4340                              Options.db_log_dir: 
2022/02/11-15:32:41.011051 7f40ee4f4340                                 Options.wal_dir: ./client_db/k#5edcb5935c8dc07ccc6d408233c584b2232b2ac5ed54ebe33990c1fc244df20b
2022/02/11-15:32:41.011053 7f40ee4f4340                Options.table_cache_numshardbits: 6
2022/02/11-15:32:41.011054 7f40ee4f4340                         Options.WAL_ttl_seconds: 0
2022/02/11-15:32:41.011055 7f40ee4f4340                       Options.WAL_size_limit_MB: 0
2022/02/11-15:32:41.011057 7f40ee4f4340                        Options.max_write_batch_group_size_bytes: 1048576
2022/02/11-15:32:41.011058 7f40ee4f4340             Options.manifest_preallocation_size: 4194304
2022/02/11-15:32:41.011060 7f40ee4f4340                     Options.is_fd_close_on_exec: 1
2022/02/11-15:32:41.011061 7f40ee4f4340                   Options.advise_random_on_open: 1
2022/02/11-15:32:41.011063 7f40ee4f4340                    Options.db_write_buffer_size: 0
2022/02/11-15:32:41.011064 7f40ee4f4340                    Options.write_buffer_manager: 0x56248e7e60d0
2022/02/11-15:32:41.011065 7f40ee4f4340         Options.access_hint_on_compaction_start: 1
2022/02/11-15:32:41.011067 7f40ee4f4340  Options.new_table_reader_for_compaction_inputs: 0
2022/02/11-15:32:41.011081 7f40ee4f4340           Options.random_access_max_buffer_size: 1048576
2022/02/11-15:32:41.011083 7f40ee4f4340                      Options.use_adaptive_mutex: 0
2022/02/11-15:32:41.011084 7f40ee4f4340                            Options.rate_limiter: (nil)
2022/02/11-15:32:41.011086 7f40ee4f4340     Options.sst_file_manager.rate_bytes_per_sec: 0
2022/02/11-15:32:41.011087 7f40ee4f4340                       Options.wal_recovery_mode: 2
2022/02/11-15:32:41.011089 7f40ee4f4340                  Options.enable_thread_tracking: 0
2022/02/11-15:32:41.011090 7f40ee4f4340                  Options.enable_pipelined_write: 0
2022/02/11-15:32:41.011091 7f40ee4f4340                  Options.unordered_write: 0
2022/02/11-15:32:41.011093 7f40ee4f4340         Options.allow_concurrent_memtable_write: 1
2022/02/11-15:32:41.011094 7f40ee4f4340      Options.enable_write_thread_adaptive_yield: 1
2022/02/11-15:32:41.011095 7f40ee4f4340             Options.write_thread_max_yield_usec: 100
2022/02/11-15:32:41.011097 7f40ee4f4340            Options.write_thread_slow_yield_usec: 3
2022/02/11-15:32:41.011098 7f40ee4f4340                               Options.row_cache: None
2022/02/11-15:32:41.011100 7f40ee4f4340                              Options.wal_filter: None
2022/02/11-15:32:41.011101 7f40ee4f4340             Options.avoid_flush_during_recovery: 0
2022/02/11-15:32:41.011102 7f40ee4f4340             Options.allow_ingest_behind: 0
2022/02/11-15:32:41.011104 7f40ee4f4340             Options.preserve_deletes: 0
2022/02/11-15:32:41.011105 7f40ee4f4340             Options.two_write_queues: 0
2022/02/11-15:32:41.011106 7f40ee4f4340             Options.manual_wal_flush: 0
2022/02/11-15:32:41.011108 7f40ee4f4340             Options.atomic_flush: 0
2022/02/11-15:32:41.011109 7f40ee4f4340             Options.avoid_unnecessary_blocking_io: 0
2022/02/11-15:32:41.011110 7f40ee4f4340                 Options.persist_stats_to_disk: 0
2022/02/11-15:32:41.011112 7f40ee4f4340                 Options.write_dbid_to_manifest: 0
2022/02/11-15:32:41.011113 7f40ee4f4340                 Options.log_readahead_size: 0
2022/02/11-15:32:41.011115 7f40ee4f4340                 Options.file_checksum_gen_factory: Unknown
2022/02/11-15:32:41.011116 7f40ee4f4340                 Options.best_efforts_recovery: 0
2022/02/11-15:32:41.011118 7f40ee4f4340                Options.max_bgerror_resume_count: 2147483647
2022/02/11-15:32:41.011119 7f40ee4f4340            Options.bgerror_resume_retry_interval: 1000000
2022/02/11-15:32:41.011121 7f40ee4f4340             Options.allow_data_in_errors: 0
2022/02/11-15:32:41.011122 7f40ee4f4340             Options.db_host_id: __hostname__
2022/02/11-15:32:41.011124 7f40ee4f4340             Options.max_background_jobs: 2
2022/02/11-15:32:41.011125 7f40ee4f4340             Options.max_background_compactions: -1
2022/02/11-15:32:41.011127 7f40ee4f4340             Options.max_subcompactions: 1
2022/02/11-15:32:41.011128 7f40ee4f4340             Options.avoid_flush_during_shutdown: 0
2022/02/11-15:32:41.011129 7f40ee4f4340           Options.writable_file_max_buffer_size: 1048576
2022/02/11-15:32:41.011131 7f40ee4f4340             Options.delayed_write_rate : 16777216
2022/02/11-15:32:41.011132 7f40ee4f4340             Options.max_total_wal_size: 0
2022/02/11-15:32:41.011134 7f40ee4f4340             Options.delete_obsolete_files_period_micros: 21600000000
2022/02/11-15:32:41.011136 7f40ee4f4340                   Options.stats_dump_period_sec: 600
2022/02/11-15:32:41.011137 7f40ee4f4340                 Options.stats_persist_period_sec: 600
2022/02/11-15:32:41.011139 7f40ee4f4340                 Options.stats_history_buffer_size: 1048576
2022/02/11-15:32:41.011140 7f40ee4f4340                          Options.max_open_files: -1
2022/02/11-15:32:41.011142 7f40ee4f4340                          Options.bytes_per_sync: 0
2022/02/11-15:32:41.011143 7f40ee4f4340                      Options.wal_bytes_per_sync: 0
2022/02/11-15:32:41.011145 7f40ee4f4340                   Options.strict_bytes_per_sync: 0
2022/02/11-15:32:41.011154 7f40ee4f4340       Options.compaction_readahead_size: 0
2022/02/11-15:32:41.011156 7f40ee4f4340                  Options.max_background_flushes: -1
2022/02/11-15:32:41.011158 7f40ee4f4340 Compression algorithms supported:
2022/02/11-15:32:41.011159 7f40ee4f4340 	kZSTDNotFinalCompression supported: 1
2022/02/11-15:32:41.011162 7f40ee4f4340 	kZSTD supported: 1
2022/02/11-15:32:41.011163 7f40ee4f4340 	kXpressCompression supported: 0
2022/02/11-15:32:41.011165 7f40ee4f4340 	kLZ4HCCompression supported: 1
2022/02/11-15:32:41.011167 7f40ee4f4340 	kLZ4Compression supported: 1
2022/02/11-15:32:41.011168 7f40ee4f4340 	kBZip2Compression supported: 1
2022/02/11-15:32:41.011170 7f40ee4f4340 	kZlibCompression supported: 1
2022/02/11-15:32:41.011171 7f40ee4f4340 	kSnappyCompression supported: 1
2022/02/11-15:32:41.011174 7f40ee4f4340 Fast CRC32 supported: Not supported on x86
2022/02/11-15:32:41.011225 7f40ee4f4340 [db/version_set.cc:4626] Recovering from manifest file: ./client_db/k#5edcb5935c8dc07ccc6d408233c584b2232b2ac5ed54ebe33990c1fc244df20b/MANIFEST-000091
2022/02/11-15:32:41.011383 7f40ee4f4340 [db/column_family.cc:596] --------------- Options for column family [default]:
2022/02/11-15:32:41.011387 7f40ee4f4340               Options.comparator: leveldb.BytewiseComparator
2022/02/11-15:32:41.011389 7f40ee4f4340           Options.merge_operator: None
2022/02/11-15:32:41.011390 7f40ee4f4340        Options.compaction_filter: None
2022/02/11-15:32:41.011391 7f40ee4f4340        Options.compaction_filter_factory: None
2022/02/11-15:32:41.011393 7f40ee4f4340  Options.sst_partitioner_factory: None
2022/02/11-15:32:41.011394 7f40ee4f4340         Options.memtable_factory: SkipListFactory
2022/02/11-15:32:41.011396 7f40ee4f4340            Options.table_factory: BlockBasedTable
2022/02/11-15:32:41.011435 7f40ee4f4340            table_factory options:   flush_block_policy_factory: FlushBlockBySizePolicyFactory (0x56248e7e6fb0)
  cache_index_and_filter_blocks: 0
  cache_index_and_filter_blocks_with_high_priority: 1
  pin_l0_filter_and_index_blocks_in_cache: 0
  pin_top_level_index_and_filter: 1
  index_type: 0
  data_block_index_type: 0
  index_shortening: 1
  data_block_hash_table_util_ratio: 0.750000
  hash_index_allow_collision: 1
  checksum: 1
  no_block_cache: 0
  block_cache: 0x56248e8735a0
  block_cache_name: LRUCache
  block_cache_options:
    capacity : 8388608
    num_shard_bits : 4
    strict_capacity_limit : 0
    memory_allocator : None
    high_pri_pool_ratio: 0.000
  block_cache_compressed: (nil)
  persistent_cache: (nil)
  block_size: 4096
  block_size_deviation: 10
  block_restart_interval: 16
  index_block_restart_interval: 1
  metadata_block_size: 4096
  partition_filters: 0
  use_delta_encoding: 1
  filter_policy: nullptr
  whole_key_filtering: 1
  verify_compression: 0
  read_amp_bytes_per_bit: 0
  format_version: 5
  enable_index_compression: 1
  block_align: 0
2022/02/11-15:32:41.011437 7f40ee4f4340        Options.write_buffer_size: 67108864
2022/02/11-15:32:41.011439 7f40ee4f4340  Options.max_write_buffer_number: 2
2022/02/11-15:32:41.011441 7f40ee4f4340          Options.compression: Snappy
2022/02/11-15:32:41.011442 7f40ee4f4340                  Options.bottommost_compression: Disabled
2022/02/11-15:32:41.011444 7f40ee4f4340       Options.prefix_extractor: nullptr
2022/02/11-15:32:41.011445 7f40ee4f4340   Options.memtable_insert_with_hint_prefix_extractor: nullptr
2022/02/11-15:32:41.011447 7f40ee4f4340             Options.num_levels: 7
2022/02/11-15:32:41.011448 7f40ee4f4340        Options.min_write_buffer_number_to_merge: 1
2022/02/11-15:32:41.011449 7f40ee4f4340     Options.max_write_buffer_number_to_maintain: 0
2022/02/11-15:32:41.011451 7f40ee4f4340     Options.max_write_buffer_size_to_maintain: 0
2022/02/11-15:32:41.011452 7f40ee4f4340            Options.bottommost_compression_opts.window_bits: -14
2022/02/11-15:32:41.011454 7f40ee4f4340                  Options.bottommost_compression_opts.level: 32767
2022/02/11-15:32:41.011455 7f40ee4f4340               Options.bottommost_compression_opts.strategy: 0
2022/02/11-15:32:41.011469 7f40ee4f4340         Options.bottommost_compression_opts.max_dict_bytes: 0
2022/02/11-15:32:41.011471 7f40ee4f4340         Options.bottommost_compression_opts.zstd_max_train_bytes: 0
2022/02/11-15:32:41.011472 7f40ee4f4340         Options.bottommost_compression_opts.parallel_threads: 1
2022/02/11-15:32:41.011473 7f40ee4f4340                  Options.bottommost_compression_opts.enabled: false
2022/02/11-15:32:41.011475 7f40ee4f4340         Options.bottommost_compression_opts.max_dict_buffer_bytes: 0
2022/02/11-15:32:41.011476 7f40ee4f4340            Options.compression_opts.window_bits: -14
2022/02/11-15:32:41.011478 7f40ee4f4340                  Options.compression_opts.level: 32767
2022/02/11-15:32:41.011479 7f40ee4f4340               Options.compression_opts.strategy: 0
2022/02/11-15:32:41.011481 7f40ee4f4340         Options.compression_opts.max_dict_bytes: 0
2022/02/11-15:32:41.011482 7f40ee4f4340         Options.compression_opts.zstd_max_train_bytes: 0
2022/02/11-15:32:41.011483 7f40ee4f4340         Options.compression_opts.parallel_threads: 1
2022/02/11-15:32:41.011485 7f40ee4f4340                  Options.compression_opts.enabled: false
2022/02/11-15:32:41.011486 7f40ee4f4340         Options.compression_opts.max_dict_buffer_bytes: 0
2022/02/11-15:32:41.011488 7f40ee4f4340      Options.level0_file_num_compaction_trigger: 4
2022/02/11-15:32:41.011489 7f40ee4f4340          Options.level0_slowdown_writes_trigger: 20
2022/02/11-15:32:41.011490 7f40ee4f4340              Options.level0_stop_writes_trigger: 36
2022/02/11-15:32:41.011492 7f40ee4f4340                   Options.target_file_size_base: 67108864
2022/02/11-15:32:41.011493 7f40ee4f4340             Options.target_file_size_multiplier: 1
2022/02/11-15:32:41.011495 7f40ee4f4340                Options.max_bytes_for_level_base: 268435456
2022/02/11-15:32:41.011496 7f40ee4f4340 Options.level_compaction_dynamic_level_bytes: 0
2022/02/11-15:32:41.011498 7f40ee4f4340          Options.max_bytes_for_level_multiplier: 10.000000
2022/02/11-15:32:41.011502 7f40ee4f4340 Options.max_bytes_for_level_multiplier_addtl[0]: 1
2022/02/11-15:32:41.011503 7f40ee4f4340 Options.max_bytes_for_level_multiplier_addtl[1]: 1
2022/02/11-15:32:41.011505 7f40ee4f4340 Options.max_bytes_for_level_multiplier_addtl[2]: 1
2022/02/11-15:32:41.011506 7f40ee4f4340 Options.max_bytes_for_level_multiplier_addtl[3]: 1
2022/02/11-15:32:41.011508 7f40ee4f4340 Options.max_bytes_for_level_multiplier_addtl[4]: 1
2022/02/11-15:32:41.011509 7f40ee4f4340 Options.max_bytes_for_level_multiplier_addtl[5]: 1
2022/02/11-15:32:41.011510 7f40ee4f4340 Options.max_bytes_for_level_multiplier_addtl[6]: 1
2022/02/11-15:32:41.011512 7f40ee4f4340       Options.max_sequential_skip_in_iterations: 8
2022/02/11-15:32:41.011513 7f40ee4f4340                    Options.max_compaction_bytes: 1677721600
2022/02/11-15:32:41.011515 7f40ee4f4340                        Options.arena_block_size: 8388608
2022/02/11-15:32:41.011516 7f40ee4f4340   Options.soft_pending_compaction_bytes_limit: 68719476736
2022/02/11-15:32:41.011518 7f40ee4f4340   Options.hard_pending_compaction_bytes_limit: 274877906944
2022/02/11-15:32:41.011519 7f40ee4f4340       Options.rate_limit_delay_max_milliseconds: 100
2022/02/11-15:32:41.011521 7f40ee4f4340                Options.disable_auto_compactions: 0
2022/02/11-15:32:41.011523 7f40ee4f4340                        Options.compaction_style: kCompactionStyleLevel
2022/02/11-15:32:41.011525 7f40ee4f4340                          Options.compaction_pri: kMinOverlappingRatio
2022/02/11-15:32:41.011527 7f40ee4f4340 Options.compaction_options_universal.size_ratio: 1
2022/02/11-15:32:41.011528 7f40ee4f4340 Options.compaction_options_universal.min_merge_width: 2
2022/02/11-15:32:41.011530 7f40ee4f4340 Options.compaction_options_universal.max_merge_width: 4294967295
2022/02/11-15:32:41.011531 7f40ee4f4340 Options.compaction_options_universal.max_size_amplification_percent: 200
2022/02/11-15:32:41.011533 7f40ee4f4340 Options.compaction_options_universal.compression_size_percent: -1
2022/02/11-15:32:41.011542 7f40ee4f4340 Options.compaction_options_universal.stop_style: kCompactionStopStyleTotalSize
2022/02/11-15:32:41.011544 7f40ee4f4340 Options.compaction_options_fifo.max_table_files_size: 1073741824
2022/02/11-15:32:41.011546 7f40ee4f4340 Options.compaction_options_fifo.allow_compaction: 0
2022/02/11-15:32:41.011559 7f40ee4f4340                   Options.table_properties_collectors: 
2022/02/11-15:32:41.011561 7f40ee4f4340                   Options.inplace_update_support: 0
2022/02/11-15:32:41.011562 7f40ee4f4340                 Options.inplace_update_num_locks: 10000
2022/02/11-15:32:41.011564 7f40ee4f4340               Options.memtable_prefix_bloom_size_ratio: 0.000000
2022/02/11-15:32:41.011566 7f40ee4f4340               Options.memtable_whole_key_filtering: 0
2022/02/11-15:32:41.011567 7f40ee4f4340   Options.memtable_huge_page_size: 0
2022/02/11-15:32:41.011568 7f40ee4f4340                           Options.bloom_locality: 0
2022/02/11-15:32:41.011570 7f40ee4f4340                    Options.max_successive_merges: 0
2022/02/11-15:32:41.011571 7f40ee4f4340                Options.optimize_filters_for_hits: 0
2022/02/11-15:32:41.011573 7f40ee4f4340                Options.paranoid_file_checks: 0
2022/02/11-15:32:41.011574 7f40ee4f4340                Options.force_consistency_checks: 1
2022/02/11-15:32:41.011575 7f40ee4f4340                Options.report_bg_io_stats: 0
2022/02/11-15:32:41.011577 7f40ee4f4340                               Options.ttl: 2592000
2022/02/11-15:32:41.011578 7f40ee4f4340          Options.periodic_compaction_seconds: 0
2022/02/11-15:32:41.011580 7f40ee4f4340                    Options.enable_blob_files: false
2022/02/11-15:32:41.011581 7f40ee4f4340                        Options.min_blob_size: 0
2022/02/11-15:32:41.011582 7f40ee4f4340                       Options.blob_file_size: 268435456
2022/02/11-15:32:41.011584 7f40ee4f4340                Options.blob_compression_type: NoCompression
2022/02/11-15:32:41.011586 7f40ee4f4340       Options.enable_blob_garbage_collection: false
2022/02/11-15:32:41.011587 7f40ee4f4340   Options.blob_garbage_collection_age_cutoff: 0.250000
2022/02/11-15:32:41.011660 7f40ee4f4340 [db/column_family.cc:596] --------------- Options for column family [pending_orders]:
2022/02/11-15:32:41.011662 7f40ee4f4340               Options.comparator: leveldb.BytewiseComparator
2022/02/11-15:32:41.011664 7f40ee4f4340           Options.merge_operator: None
2022/02/11-15:32:41.011665 7f40ee4f4340        Options.compaction_filter: None
2022/02/11-15:32:41.011667 7f40ee4f4340        Options.compaction_filter_factory: None
2022/02/11-15:32:41.011668 7f40ee4f4340  Options.sst_partitioner_factory: None
2022/02/11-15:32:41.011669 7f40ee4f4340         Options.memtable_factory: SkipListFactory
2022/02/11-15:32:41.011671 7f40ee4f4340            Options.table_factory: BlockBasedTable
2022/02/11-15:32:41.011698 7f40ee4f4340            table_factory options:   flush_block_policy_factory: FlushBlockBySizePolicyFactory (0x56248e841d90)
  cache_index_and_filter_blocks: 0
  cache_index_and_filter_blocks_with_high_priority: 1
  pin_l0_filter_and_index_blocks_in_cache: 0
  pin_top_level_index_and_filter: 1
  index_type: 0
  data_block_index_type: 0
  index_shortening: 1
  data_block_hash_table_util_ratio: 0.750000
  hash_index_allow_collision: 1
  checksum: 1
  no_block_cache: 0
  block_cache: 0x56248e804f60
  block_cache_name: LRUCache
  block_cache_options:
    capacity : 8388608
    num_shard_bits : 4
    strict_capacity_limit : 0
    memory_allocator : None
    high_pri_pool_ratio: 0.000
  block_cache_compressed: (nil)
  persistent_cache: (nil)
  block_size: 4096
  block_size_deviation: 10
  block_restart_interval: 16
  index_block_restart_interval: 1
  metadata_block_size: 4096
  partition_filters: 0
  use_delta_encoding: 1
  filter_policy: nullptr
  whole_key_filtering: 1
  verify_compression: 0
  read_amp_bytes_per_bit: 0
  format_version: 5
  enable_index_compression: 1
  block_align: 0
2022/02/11-15:32:41.011700 7f40ee4f4340        Options.write_buffer_size: 67108864
2022/02/11-15:32:41.011710 7f40ee4f4340  Options.max_write_buffer_number: 2
2022/02/11-15:32:41.011712 7f40ee4f4340          Options.compression: Snappy
2022/02/11-15:32:41.011714 7f40ee4f4340                  Options.bottommost_compression: Disabled
2022/02/11-15:32:41.011715 7f40ee4f4340       Options.prefix_extractor: nullptr
2022/02/11-15:32:41.011716 7f40ee4f4340   Options.memtable_insert_with_hint_prefix_extractor: nullptr
2022/02/11-15:32:41.011718 7f40ee4f4340             Options.num_levels: 7
2022/02/11-15:32:41.011719 7f40ee4f4340        Options.min_write_buffer_number_to_merge: 1
2022/02/11-15:32:41.011721 7f40ee4f4340     Options.max_write_buffer_number_to_maintain: 0
2022/02/11-15:32:41.011722 7f40ee4f4340     Options.max_write_buffer_size_to_maintain: 0
2022/02/11-15:32:41.011723 7f40ee4f4340            Options.bottommost_compression_opts.window_bits: -14
2022/02/11-15:32:41.011725 7f40ee4f4340                  Options.bottommost_compression_opts.level: 32767
2022/02/11-15:32:41.011726 7f40ee4f4340               Options.bottommost_compression_opts.strategy: 0
2022/02/11-15:32:41.011728 7f40ee4f4340         Options.bottommost_compression_opts.max_dict_bytes: 0
2022/02/11-15:32:41.011729 7f40ee4f4340         Options.bottommost_compression_opts.zstd_max_train_bytes: 0
2022/02/11-15:32:41.011730 7f40ee4f4340         Options.bottommost_compression_opts.parallel_threads: 1
2022/02/11-15:32:41.011732 7f40ee4f4340                  Options.bottommost_compression_opts.enabled: false
2022/02/11-15:32:41.011733 7f40ee4f4340         Options.bottommost_compression_opts.max_dict_buffer_bytes: 0
2022/02/11-15:32:41.011735 7f40ee4f4340            Options.compression_opts.window_bits: -14
2022/02/11-15:32:41.011736 7f40ee4f4340                  Options.compression_opts.level: 32767
2022/02/11-15:32:41.011737 7f40ee4f4340               Options.compression_opts.strategy: 0
2022/02/11-15:32:41.011739 7f40ee4f4340         Options.compression_opts.max_dict_bytes: 0
2022/02/11-15:32:41.011740 7f40ee4f4340         Options.compression_opts.zstd_max_train_bytes: 0
2022/02/11-15:32:41.011741 7f40ee4f4340         Options.compression_opts.parallel_threads: 1
2022/02/11-15:32:41.011743 7f40ee4f4340                  Options.compression_opts.enabled: false
2022/02/11-15:32:41.011744 7f40ee4f4340         Options.compression_opts.max_dict_buffer_bytes: 0
2022/02/11-15:32:41.011746 7f40ee4f4340      Options.level0_file_num_compaction_trigger: 4
2022/02/11-15:32:41.011747 7f40ee4f4340          Options.level0_slowdown_writes_trigger: 20
2022/02/11-15:32:41.011748 7f40ee4f4340              Options.level0_stop_writes_trigger: 36
2022/02/11-15:32:41.011750 7f40ee4f4340                   Options.target_file_size_base: 67108864
2022/02/11-15:32:41.011751 7f40ee4f4340             Options.target_file_size_multiplier: 1
2022/02/11-15:32:41.011752 7f40ee4f4340                Options.max_bytes_for_level_base: 268435456
2022/02/11-15:32:41.011754 7f40ee4f4340 Options.level_compaction_dynamic_level_bytes: 0
2022/02/11-15:32:41.011755 7f40ee4f4340          Options.max_bytes_for_level_multiplier: 10.000000
2022/02/11-15:32:41.011758 7f40ee4f4340 Options.max_bytes_for_level_multiplier_addtl[0]: 1
2022/02/11-15:32:41.011759 7f40ee4f4340 Options.max_bytes_for_level_multiplier_addtl[1]: 1
2022/02/11-15:32:41.011761 7f40ee4f4340 Options.max_bytes_for_level_multiplier_addtl[2]: 1
2022/02/11-15:32:41.011762 7f40ee4f4340 Options.max_bytes_for_level_multiplier_addtl[3]: 1
2022/02/11-15:32:41.011763 7f40ee4f4340 Options.max_bytes_for_level_multiplier_addtl[4]: 1
2022/02/11-15:32:41.011765 7f40ee4f4340 Options.max_bytes_for_level_multiplier_addtl[5]: 1
2022/02/11-15:32:41.011766 7f40ee4f4340 Options.max_bytes_for_level_multiplier_addtl[6]: 1
2022/02/11-15:32:41.011767 7f40ee4f4340       Options.max_sequential_skip_in_iterations: 8
2022/02/11-15:32:41.011769 7f40ee4f4340                    Options.max_compaction_bytes: 1677721600
2022/02/11-15:32:41.011770 7f40ee4f4340                        Options.arena_block_size: 8388608
2022/02/11-15:32:41.011772 7f40ee4f4340   Options.soft_pending_compaction_bytes_limit: 68719476736
2022/02/11-15:32:41.011780 7f40ee4f4340   Options.hard_pending_compaction_bytes_limit: 274877906944
2022/02/11-15:32:41.011782 7f40ee4f4340       Options.rate_limit_delay_max_milliseconds: 100
2022/02/11-15:32:41.011783 7f40ee4f4340                Options.disable_auto_compactions: 0
2022/02/11-15:32:41.011785 7f40ee4f4340                        Options.compaction_style: kCompactionStyleLevel
2022/02/11-15:32:41.011786 7f40ee4f4340                          Options.compaction_pri: kMinOverlappingRatio
2022/02/11-15:32:41.011788 7f40ee4f4340 Options.compaction_options_universal.size_ratio: 1
2022/02/11-15:32:41.011789 7f40ee4f4340 Options.compaction_options_universal.min_merge_width: 2
2022/02/11-15:32:41.011791 7f40ee4f4340 Options.compaction_options_universal.max_merge_width: 4294967295
2022/02/11-15:32:41.011792 7f40ee4f4340 Options.compaction_options_universal.max_size_amplification_percent: 200
2022/02/11-15:32:41.011793 7f40ee4f4340 Options.compaction_options_universal.compression_size_percent: -1
2022/02/11-15:32:41.011795 7f40ee4f4340 Options.compaction_options_universal.stop_style: kCompactionStopStyleTotalSize
2022/02/11-15:32:41.011796 7f40ee4f4340 Options.compaction_options_fifo.max_table_files_size: 1073741824
2022/02/11-15:32:41.011798 7f40ee4f4340 Options.compaction_options_fifo.allow_compaction: 0
2022/02/11-15:32:41.011800 7f40ee4f4340                   Options.table_properties_collectors: 
2022/02/11-15:32:41.011802 7f40ee4f4340                   Options.inplace_update_support: 0
2022/02/11-15:32:41.011804 7f40ee4f4340                 Options.inplace_update_num_locks: 10000
2022/02/11-15:32:41.011805 7f40ee4f4340               Options.memtable_prefix_bloom_size_ratio: 0.000000
2022/02/11-15:32:41.011807 7f40ee4f4340               Options.memtable_whole_key_filtering: 0
2022/02/11-15:32:41.011808 7f40ee4f4340   Options.memtable_huge_page_size: 0
2022/02/11-15:32:41.011810 7f40ee4f4340                           Options.bloom_locality: 0
2022/02/11-15:32:41.011811 7f40ee4f4340                    Options.max_successive_merges: 0
2022/02/11-15:32:41.011812 7f40ee4f4340                Options.optimize_filters_for_hits: 0
2022/02/11-15:32:41.011814 7f40ee4f4340                Options.paranoid_file_checks: 0
2022/02/11-15:32:41.011815 7f40ee4f4340                Options.force_consistency_checks: 1
2022/02/11-15:32:41.011816 7f40ee4f4340                Options.report_bg_io_stats: 0
2022/02/11-15:32:41.011818 7f40ee4f4340                               Options.ttl: 2592000
2022/02/11-15:32:41.011819 7f40ee4f4340          Options.periodic_compaction_seconds: 0
2022/02/11-15:32:41.011820 7f40ee4f4340                    Options.enable_blob_files: false
2022/02/11-15:32:41.011822 7f40ee4f4340                        Options.min_blob_size: 0
2022/02/11-15:32:41.011823 7f40ee4f4340                       Options.blob_file_size: 268435456
2022/02/11-15:32:41.011825 7f40ee4f4340                Options.blob_compression_type: NoCompression
2022/02/11-15:32:41.011826 7f40ee4f4340       Options.enable_blob_garbage_collection: false
2022/02/11-15:32:41.011828 7f40ee4f4340   Options.blob_garbage_collection_age_cutoff: 0.250000
2022/02/11-15:32:41.011954 7f40ee4f4340 [db/column_family.cc:596] --------------- Options for column family [certificates]:
2022/02/11-15:32:41.011959 7f40ee4f4340               Options.comparator: leveldb.BytewiseComparator
2022/02/11-15:32:41.011961 7f40ee4f4340           Options.merge_operator: None
2022/02/11-15:32:41.011963 7f40ee4f4340        Options.compaction_filter: None
2022/02/11-15:32:41.011965 7f40ee4f4340        Options.compaction_filter_factory: None
2022/02/11-15:32:41.011966 7f40ee4f4340  Options.sst_partitioner_factory: None
2022/02/11-15:32:41.011968 7f40ee4f4340         Options.memtable_factory: SkipListFactory
2022/02/11-15:32:41.011969 7f40ee4f4340            Options.table_factory: BlockBasedTable
2022/02/11-15:32:41.012003 7f40ee4f4340            table_factory options:   flush_block_policy_factory: FlushBlockBySizePolicyFactory (0x56248e7eadb0)
  cache_index_and_filter_blocks: 0
  cache_index_and_filter_blocks_with_high_priority: 1
  pin_l0_filter_and_index_blocks_in_cache: 0
  pin_top_level_index_and_filter: 1
  index_type: 0
  data_block_index_type: 0
  index_shortening: 1
  data_block_hash_table_util_ratio: 0.750000
  hash_index_allow_collision: 1
  checksum: 1
  no_block_cache: 0
  block_cache: 0x56248e8b93d0
  block_cache_name: LRUCache
  block_cache_options:
    capacity : 8388608
    num_shard_bits : 4
    strict_capacity_limit : 0
    memory_allocator : None
    high_pri_pool_ratio: 0.000
  block_cache_compressed: (nil)
  persistent_cache: (nil)
  block_size: 4096
  block_size_deviation: 10
  block_restart_interval: 16
  index_block_restart_interval: 1
  metadata_block_size: 4096
  partition_filters: 0
  use_delta_encoding: 1
  filter_policy: nullptr
  whole_key_filtering: 1
  verify_compression: 0
  read_amp_bytes_per_bit: 0
  format_version: 5
  enable_index_compression: 1
  block_align: 0
2022/02/11-15:32:41.012021 7f40ee4f4340        Options.write_buffer_size: 67108864
2022/02/11-15:32:41.012023 7f40ee4f4340  Options.max_write_buffer_number: 2
2022/02/11-15:32:41.012024 7f40ee4f4340          Options.compression: Snappy
2022/02/11-15:32:41.012026 7f40ee4f4340                  Options.bottommost_compression: Disabled
2022/02/11-15:32:41.012027 7f40ee4f4340       Options.prefix_extractor: nullptr
2022/02/11-15:32:41.012029 7f40ee4f4340   Options.memtable_insert_with_hint_prefix_extractor: nullptr
2022/02/11-15:32:41.012030 7f40ee4f4340             Options.num_levels: 7
2022/02/11-15:32:41.012031 7f40ee4f4340        Options.min_write_buffer_number_to_merge: 1
2022/02/11-15:32:41.012033 7f40ee4f4340     Options.max_write_buffer_number_to_maintain: 0
2022/02/11-15:32:41.012034 7f40ee4f4340     Options.max_write_buffer_size_to_maintain: 0
2022/02/11-15:32:41.012036 7f40ee4f4340            Options.bottommost_compression_opts.window_bits: -14
2022/02/11-15:32:41.012037 7f40ee4f4340                  Options.bottommost_compression_opts.level: 32767
2022/02/11-15:32:41.012039 7f40ee4f4340               Options.bottommost_compression_opts.strategy: 0
2022/02/11-15:32:41.012040 7f40ee4f4340         Options.bottommost_compression_opts.max_dict_bytes: 0
2022/02/11-15:32:41.012042 7f40ee4f4340         Options.bottommost_compression_opts.zstd_max_train_bytes: 0
2022/02/11-15:32:41.012043 7f40ee4f4340         Options.bottommost_compression_opts.parallel_threads: 1
2022/02/11-15:32:41.012045 7f40ee4f4340                  Options.bottommost_compression_opts.enabled: false
2022/02/11-15:32:41.012046 7f40ee4f4340         Options.bottommost_compression_opts.max_dict_buffer_bytes: 0
2022/02/11-15:32:41.012048 7f40ee4f4340            Options.compression_opts.window_bits: -14
2022/02/11-15:32:41.012049 7f40ee4f4340                  Options.compression_opts.level: 32767
2022/02/11-15:32:41.012050 7f40ee4f4340               Options.compression_opts.strategy: 0
2022/02/11-15:32:41.012052 7f40ee4f4340         Options.compression_opts.max_dict_bytes: 0
2022/02/11-15:32:41.012053 7f40ee4f4340         Options.compression_opts.zstd_max_train_bytes: 0
2022/02/11-15:32:41.012055 7f40ee4f4340         Options.compression_opts.parallel_threads: 1
2022/02/11-15:32:41.012056 7f40ee4f4340                  Options.compression_opts.enabled: false
2022/02/11-15:32:41.012057 7f40ee4f4340         Options.compression_opts.max_dict_buffer_bytes: 0
2022/02/11-15:32:41.012059 7f40ee4f4340      Options.level0_file_num_compaction_trigger: 4
2022/02/11-15:32:41.012060 7f40ee4f4340          Options.level0_slowdown_writes_trigger: 20
2022/02/11-15:32:41.012062 7f40ee4f4340              Options.level0_stop_writes_trigger: 36
2022/02/11-15:32:41.012063 7f40ee4f4340                   Options.target_file_size_base: 67108864
2022/02/11-15:32:41.012065 7f40ee4f4340             Options.target_file_size_multiplier: 1
2022/02/11-15:32:41.012066 7f40ee4f4340                Options.max_bytes_for_level_base: 268435456
2022/02/11-15:32:41.012068 7f40ee4f4340 Options.level_compaction_dynamic_level_bytes: 0
2022/02/11-15:32:41.012080 7f40ee4f4340          Options.max_bytes_for_level_multiplier: 10.000000
2022/02/11-15:32:41.012083 7f40ee4f4340 Options.max_bytes_for_level_multiplier_addtl[0]: 1
2022/02/11-15:32:41.012084 7f40ee4f4340 Options.max_bytes_for_level_multiplier_addtl[1]: 1
2022/02/11-15:32:41.012086 7f40ee4f4340 Options.max_bytes_for_level_multiplier_addtl[2]: 1
2022/02/11-15:32:41.012088 7f40ee4f4340 Options.max_bytes_for_level_multiplier_addtl[3]: 1
2022/02/11-15:32:41.012089 7f40ee4f4340 Options.max_bytes_for_level_multiplier_addtl[4]: 1
2022/02/11-15:32:41.012090 7f40ee4f4340 Options.max_bytes_for_level_multiplier_addtl[5]: 1
2022/02/11-15:32:41.012092 7f40ee4f4340 Options.max_bytes_for_level_multiplier_addtl[6]: 1
2022/02/11-15:32:41.012093 7f40ee4f4340       Options.max_sequential_skip_in_iterations: 8
2022/02/11-15:32:41.012095 7f40ee4f4340                    Options.max_compaction_bytes: 1677721600
2022/02/11-15:32:41.012096 7f40ee4f4340                        Options.arena_block_size: 8388608
2022/02/11-15:32:41.012098 7f40ee4f4340   Options.soft_pending_compaction_bytes_limit: 68719476736
2022/02/11-15:32:41.012099 7f40ee4f4340   Options.hard_pending_compaction_bytes_limit: 274877906944
2022/02/11-15:32:41.012101 7f40ee4f4340       Options.rate_limit_delay_max_milliseconds: 100
2022/02/11-15:32:41.012102 7f40ee4f4340                Options.disable_auto_compactions: 0
2022/02/11-15:32:41.012104 7f40ee4f4340                        Options.compaction_style: kCompactionStyleLevel
2022/02/11-15:32:41.012106 7f40ee4f4340                          Options.compaction_pri: kMinOverlappingRatio
2022/02/11-15:32:41.012107 7f40ee4f4340 Options.compaction_options_universal.size_ratio: 1
2022/02/11-15:32:41.012109 7f40ee4f4340 Options.compaction_options_universal.min_merge_width: 2
2022/02/11-15:32:41.012110 7f40ee4f4340 Options.compaction_options_universal.max_merge_width: 4294967295
2022/02/11-15:32:41.012111 7f40ee4f4340 Options.compaction_options_universal.max_size_amplification_percent: 200
2022/02/11-15:32:41.012113 7f40ee4f4340 Options.compaction_options_universal.compression_size_percent: -1
2022/02/11-15:32:41.012115 7f40ee4f4340 Options.compaction_options_universal.stop_style: kCompactionStopStyleTotalSize
2022/02/11-15:32:41.012116 7f40ee4f4340 Options.compaction_options_fifo.max_table_files_size: 1073741824
2022/02/11-15:32:41.012118 7f40ee4f4340 Options.compaction_options_fifo.allow_compaction: 0
2022/02/11-15:32:41.012122 7f40ee4f4340                   Options.table_properties_collectors: 
2022/02/11-15:32:41.012124 7f40ee4f4340                   Options.inplace_update_support: 0
2022/02/11-15:32:41.012125 7f40ee4f4340                 Options.inplace_update_num_locks: 10000
2022/02/11-15:32:41.012127 7f40ee4f4340               Options.memtable_prefix_bloom_size_ratio: 0.000000
2022/02/11-15:32:41.012129 7f40ee4f4340               Options.memtable_whole_key_filtering: 0
2022/02/11-15:32:41.012130 7f40ee4f4340   Options.memtable_huge_page_size: 0
2022/02/11-15:32:41.012131 7f40ee4f4340                           Options.bloom_locality: 0
2022/02/11-15:32:41.012133 7f40ee4f4340                    Options.max_successive_merges: 0
2022/02/11-15:32:41.012134 7f40ee4f4340                Options.optimize_filters_for_hits: 0
2022/02/11-15:32:41.012136 7f40ee4f4340                Options.paranoid_file_checks: 0
2022/02/11-15:32:41.012137 7f40ee4f4340                Options.force_consistency_checks: 1
2022/02/11-15:32:41.012139 7f40ee4f4340                Options.report_bg_io_stats: 0
2022/02/11-15:32:41.012140 7f40ee4f4340                               Options.ttl: 2592000
2022/02/11-15:32:41.012142 7f40ee4f4340          Options.periodic_compaction_seconds: 0
2022/02/11-15:32:41.012143 7f40ee4f4340                    Options.enable_blob_files: false
2022/02/11-15:32:41.012145 7f40ee4f4340                        Options.min_blob_size: 0
2022/02/11-15:32:41.012146 7f40ee4f4340                       Options.blob_file_size: 268435456
2022/02/11-15:32:41.012148 7f40ee4f4340                Options.blob_compression_type: NoCompression
2022/02/11-15:32:41.012157 7f40ee4f4340       Options.enable_blob_garbage_collection: false
2022/02/11-15:32:41.012159 7f40ee4f4340   Options.blob_garbage_collection_age_cutoff: 0.250000
2022/02/11-15:32:41.012206 7f40ee4f4340 [db/column_family.cc:596] --------------- Options for column family [object_certs]:
2022/02/11-15:32:41.012209 7f40ee4f4340               Options.comparator: leveldb.BytewiseComparator
2022/02/11-15:32:41.012210 7f40ee4f4340           Options.merge_operator: None
2022/02/11-15:32:41.012212 7f40ee4f4340        Options.compaction_filter: None
2022/02/11-15:32:41.012213 7f40ee4f4340        Options.compaction_filter_factory: None
2022/02/11-15:32:41.012215 7f40ee4f4340  Options.sst_partitioner_factory: None
2022/02/11-15:32:41.012216 7f40ee4f4340         Options.memtable_factory: SkipListFactory
2022/02/11-15:32:41.012218 7f40ee4f4340            Options.table_factory: BlockBasedTable
2022/02/11-15:32:41.012312 7f40ee4f4340            table_factory options:   flush_block_policy_factory: FlushBlockBySizePolicyFactory (0x56248e7e9b20)
  cache_index_and_filter_blocks: 0
  cache_index_and_filter_blocks_with_high_priority: 1
  pin_l0_filter_and_index_blocks_in_cache: 0
  pin_top_level_index_and_filter: 1
  index_type: 0
  data_block_index_type: 0
  index_shortening: 1
  data_block_hash_table_util_ratio: 0.750000
  hash_index_allow_collision: 1
  checksum: 1
  no_block_cache: 0
  block_cache: 0x56248e835220
  block_cache_name: LRUCache
  block_cache_options:
    capacity : 8388608
    num_shard_bits : 4
    strict_capacity_limit : 0
    memory_allocator : None
    high_pri_pool_ratio: 0.000
  block_cache_compressed: (nil)
  persistent_cache: (nil)
  block_size: 4096
  block_size_deviation: 10
  block_restart_interval: 16
  index_block_restart_interval: 1
  metadata_block_size: 4096
  partition_filters: 0
  use_delta_encoding: 1
  filter_policy: nullptr
  whole_key_filtering: 1
  verify_compression: 0
  read_amp_bytes_per_bit: 0
  format_version: 5
  enable_index_compression: 1
  block_align: 0
2022/02/11-15:32:41.012318 7f40ee4f4340        Options.write_buffer_size: 67108864
2022/02/11-15:32:41.012321 7f40ee4f4340  Options.max_write_buffer_number: 2
2022/02/11-15:32:41.012323 7f40ee4f4340          Options.compression: Snappy
2022/02/11-15:32:41.012325 7f40ee4f4340                  Options.bottommost_compression: Disabled
2022/02/11-15:32:41.012326 7f40ee4f4340       Options.prefix_extractor: nullptr
2022/02/11-15:32:41.012328 7f40ee4f4340   Options.memtable_insert_with_hint_prefix_extractor: nullptr
2022/02/11-15:32:41.012329 7f40ee4f4340             Options.num_levels: 7
2022/02/11-15:32:41.012331 7f40ee4f4340        Options.min_write_buffer_number_to_merge: 1
2022/02/11-15:32:41.012332 7f40ee4f4340     Options.max_write_buffer_number_to_maintain: 0
2022/02/11-15:32:41.012334 7f40ee4f4340     Options.max_write_buffer_size_to_maintain: 0
2022/02/11-15:32:41.012335 7f40ee4f4340            Options.bottommost_compression_opts.window_bits: -14
