2022/02/11-15:32:42.043625 7fc4598f5340 RocksDB version: 6.20.3
2022/02/11-15:32:42.043636 7fc4598f5340 Git sha 8608d75d85f8e1b3b64b73a4fb6d19baec61ba5c
2022/02/11-15:32:42.043637 7fc4598f5340 Compile date 2021-05-05 20:35:30
2022/02/11-15:32:42.043659 7fc4598f5340 DB SUMMARY
2022/02/11-15:32:42.043660 7fc4598f5340 DB Session ID:  EG7A8TVM7RCGLF05DVUD
2022/02/11-15:32:42.043684 7fc4598f5340 CURRENT file:  CURRENT
2022/02/11-15:32:42.043684 7fc4598f5340 IDENTITY file:  IDENTITY
2022/02/11-15:32:42.043686 7fc4598f5340 MANIFEST file:  MANIFEST-000106 size: 907 Bytes
2022/02/11-15:32:42.043687 7fc4598f5340 SST files in ./client_db/k#5edcb5935c8dc07ccc6d408233c584b2232b2ac5ed54ebe33990c1fc244df20b dir, Total Num: 0, files: 
2022/02/11-15:32:42.043688 7fc4598f5340 Write Ahead Log file in ./client_db/k#5edcb5935c8dc07ccc6d408233c584b2232b2ac5ed54ebe33990c1fc244df20b: 000107.log size: 810 ; 
2022/02/11-15:32:42.043689 7fc4598f5340                         Options.error_if_exists: 0
2022/02/11-15:32:42.043690 7fc4598f5340                       Options.create_if_missing: 1
2022/02/11-15:32:42.043690 7fc4598f5340                         Options.paranoid_checks: 1
2022/02/11-15:32:42.043691 7fc4598f5340                               Options.track_and_verify_wals_in_manifest: 0
2022/02/11-15:32:42.043691 7fc4598f5340                                     Options.env: 0x55c74b7c7420
2022/02/11-15:32:42.043692 7fc4598f5340                                      Options.fs: Posix File System
2022/02/11-15:32:42.043693 7fc4598f5340                                Options.info_log: 0x55c74c8a25c0
2022/02/11-15:32:42.043693 7fc4598f5340                Options.max_file_opening_threads: 16
2022/02/11-15:32:42.043694 7fc4598f5340                              Options.statistics: (nil)
2022/02/11-15:32:42.043694 7fc4598f5340                               Options.use_fsync: 0
2022/02/11-15:32:42.043695 7fc4598f5340                       Options.max_log_file_size: 0
2022/02/11-15:32:42.043695 7fc4598f5340                  Options.max_manifest_file_size: 1073741824
2022/02/11-15:32:42.043696 7fc4598f5340                   Options.log_file_time_to_roll: 0
2022/02/11-15:32:42.043696 7fc4598f5340                       Options.keep_log_file_num: 1000
2022/02/11-15:32:42.043697 7fc4598f5340                    Options.recycle_log_file_num: 0
2022/02/11-15:32:42.043697 7fc4598f5340                         Options.allow_fallocate: 1
2022/02/11-15:32:42.043698 7fc4598f5340                        Options.allow_mmap_reads: 0
2022/02/11-15:32:42.043698 7fc4598f5340                       Options.allow_mmap_writes: 0
2022/02/11-15:32:42.043699 7fc4598f5340                        Options.use_direct_reads: 0
2022/02/11-15:32:42.043699 7fc4598f5340                        Options.use_direct_io_for_flush_and_compaction: 0
2022/02/11-15:32:42.043700 7fc4598f5340          Options.create_missing_column_families: 1
2022/02/11-15:32:42.043700 7fc4598f5340                              Options.db_log_dir: 
2022/02/11-15:32:42.043701 7fc4598f5340                                 Options.wal_dir: ./client_db/k#5edcb5935c8dc07ccc6d408233c584b2232b2ac5ed54ebe33990c1fc244df20b
2022/02/11-15:32:42.043701 7fc4598f5340                Options.table_cache_numshardbits: 6
2022/02/11-15:32:42.043702 7fc4598f5340                         Options.WAL_ttl_seconds: 0
2022/02/11-15:32:42.043702 7fc4598f5340                       Options.WAL_size_limit_MB: 0
2022/02/11-15:32:42.043702 7fc4598f5340                        Options.max_write_batch_group_size_bytes: 1048576
2022/02/11-15:32:42.043703 7fc4598f5340             Options.manifest_preallocation_size: 4194304
2022/02/11-15:32:42.043703 7fc4598f5340                     Options.is_fd_close_on_exec: 1
2022/02/11-15:32:42.043704 7fc4598f5340                   Options.advise_random_on_open: 1
2022/02/11-15:32:42.043704 7fc4598f5340                    Options.db_write_buffer_size: 0
2022/02/11-15:32:42.043705 7fc4598f5340                    Options.write_buffer_manager: 0x55c74c8a9e50
2022/02/11-15:32:42.043705 7fc4598f5340         Options.access_hint_on_compaction_start: 1
2022/02/11-15:32:42.043706 7fc4598f5340  Options.new_table_reader_for_compaction_inputs: 0
2022/02/11-15:32:42.043710 7fc4598f5340           Options.random_access_max_buffer_size: 1048576
2022/02/11-15:32:42.043711 7fc4598f5340                      Options.use_adaptive_mutex: 0
2022/02/11-15:32:42.043712 7fc4598f5340                            Options.rate_limiter: (nil)
2022/02/11-15:32:42.043712 7fc4598f5340     Options.sst_file_manager.rate_bytes_per_sec: 0
2022/02/11-15:32:42.043713 7fc4598f5340                       Options.wal_recovery_mode: 2
2022/02/11-15:32:42.043713 7fc4598f5340                  Options.enable_thread_tracking: 0
2022/02/11-15:32:42.043714 7fc4598f5340                  Options.enable_pipelined_write: 0
2022/02/11-15:32:42.043714 7fc4598f5340                  Options.unordered_write: 0
2022/02/11-15:32:42.043715 7fc4598f5340         Options.allow_concurrent_memtable_write: 1
2022/02/11-15:32:42.043715 7fc4598f5340      Options.enable_write_thread_adaptive_yield: 1
2022/02/11-15:32:42.043715 7fc4598f5340             Options.write_thread_max_yield_usec: 100
2022/02/11-15:32:42.043716 7fc4598f5340            Options.write_thread_slow_yield_usec: 3
2022/02/11-15:32:42.043716 7fc4598f5340                               Options.row_cache: None
2022/02/11-15:32:42.043717 7fc4598f5340                              Options.wal_filter: None
2022/02/11-15:32:42.043717 7fc4598f5340             Options.avoid_flush_during_recovery: 0
2022/02/11-15:32:42.043718 7fc4598f5340             Options.allow_ingest_behind: 0
2022/02/11-15:32:42.043718 7fc4598f5340             Options.preserve_deletes: 0
2022/02/11-15:32:42.043719 7fc4598f5340             Options.two_write_queues: 0
2022/02/11-15:32:42.043719 7fc4598f5340             Options.manual_wal_flush: 0
2022/02/11-15:32:42.043720 7fc4598f5340             Options.atomic_flush: 0
2022/02/11-15:32:42.043720 7fc4598f5340             Options.avoid_unnecessary_blocking_io: 0
2022/02/11-15:32:42.043721 7fc4598f5340                 Options.persist_stats_to_disk: 0
2022/02/11-15:32:42.043721 7fc4598f5340                 Options.write_dbid_to_manifest: 0
2022/02/11-15:32:42.043722 7fc4598f5340                 Options.log_readahead_size: 0
2022/02/11-15:32:42.043722 7fc4598f5340                 Options.file_checksum_gen_factory: Unknown
2022/02/11-15:32:42.043723 7fc4598f5340                 Options.best_efforts_recovery: 0
2022/02/11-15:32:42.043723 7fc4598f5340                Options.max_bgerror_resume_count: 2147483647
2022/02/11-15:32:42.043724 7fc4598f5340            Options.bgerror_resume_retry_interval: 1000000
2022/02/11-15:32:42.043724 7fc4598f5340             Options.allow_data_in_errors: 0
2022/02/11-15:32:42.043724 7fc4598f5340             Options.db_host_id: __hostname__
2022/02/11-15:32:42.043725 7fc4598f5340             Options.max_background_jobs: 2
2022/02/11-15:32:42.043725 7fc4598f5340             Options.max_background_compactions: -1
2022/02/11-15:32:42.043726 7fc4598f5340             Options.max_subcompactions: 1
2022/02/11-15:32:42.043727 7fc4598f5340             Options.avoid_flush_during_shutdown: 0
2022/02/11-15:32:42.043727 7fc4598f5340           Options.writable_file_max_buffer_size: 1048576
2022/02/11-15:32:42.043728 7fc4598f5340             Options.delayed_write_rate : 16777216
2022/02/11-15:32:42.043728 7fc4598f5340             Options.max_total_wal_size: 0
2022/02/11-15:32:42.043729 7fc4598f5340             Options.delete_obsolete_files_period_micros: 21600000000
2022/02/11-15:32:42.043729 7fc4598f5340                   Options.stats_dump_period_sec: 600
2022/02/11-15:32:42.043730 7fc4598f5340                 Options.stats_persist_period_sec: 600
2022/02/11-15:32:42.043730 7fc4598f5340                 Options.stats_history_buffer_size: 1048576
2022/02/11-15:32:42.043731 7fc4598f5340                          Options.max_open_files: -1
2022/02/11-15:32:42.043731 7fc4598f5340                          Options.bytes_per_sync: 0
2022/02/11-15:32:42.043732 7fc4598f5340                      Options.wal_bytes_per_sync: 0
2022/02/11-15:32:42.043732 7fc4598f5340                   Options.strict_bytes_per_sync: 0
2022/02/11-15:32:42.043735 7fc4598f5340       Options.compaction_readahead_size: 0
2022/02/11-15:32:42.043736 7fc4598f5340                  Options.max_background_flushes: -1
2022/02/11-15:32:42.043737 7fc4598f5340 Compression algorithms supported:
2022/02/11-15:32:42.043737 7fc4598f5340 	kZSTDNotFinalCompression supported: 1
2022/02/11-15:32:42.043738 7fc4598f5340 	kZSTD supported: 1
2022/02/11-15:32:42.043739 7fc4598f5340 	kXpressCompression supported: 0
2022/02/11-15:32:42.043740 7fc4598f5340 	kLZ4HCCompression supported: 1
2022/02/11-15:32:42.043740 7fc4598f5340 	kLZ4Compression supported: 1
2022/02/11-15:32:42.043741 7fc4598f5340 	kBZip2Compression supported: 1
2022/02/11-15:32:42.043741 7fc4598f5340 	kZlibCompression supported: 1
2022/02/11-15:32:42.043742 7fc4598f5340 	kSnappyCompression supported: 1
2022/02/11-15:32:42.043754 7fc4598f5340 Fast CRC32 supported: Not supported on x86
2022/02/11-15:32:42.043779 7fc4598f5340 [db/version_set.cc:4626] Recovering from manifest file: ./client_db/k#5edcb5935c8dc07ccc6d408233c584b2232b2ac5ed54ebe33990c1fc244df20b/MANIFEST-000106
2022/02/11-15:32:42.108037 7fc4598f5340 [db/column_family.cc:596] --------------- Options for column family [default]:
2022/02/11-15:32:42.108055 7fc4598f5340               Options.comparator: leveldb.BytewiseComparator
2022/02/11-15:32:42.108060 7fc4598f5340           Options.merge_operator: None
2022/02/11-15:32:42.108062 7fc4598f5340        Options.compaction_filter: None
2022/02/11-15:32:42.108065 7fc4598f5340        Options.compaction_filter_factory: None
2022/02/11-15:32:42.108068 7fc4598f5340  Options.sst_partitioner_factory: None
2022/02/11-15:32:42.108071 7fc4598f5340         Options.memtable_factory: SkipListFactory
2022/02/11-15:32:42.108074 7fc4598f5340            Options.table_factory: BlockBasedTable
2022/02/11-15:32:42.108137 7fc4598f5340            table_factory options:   flush_block_policy_factory: FlushBlockBySizePolicyFactory (0x55c74c9a3720)
  cache_index_and_filter_blocks: 0
  cache_index_and_filter_blocks_with_high_priority: 1
  pin_l0_filter_and_index_blocks_in_cache: 0
  pin_top_level_index_and_filter: 1
  index_type: 0
  data_block_index_type: 0
  index_shortening: 1
  data_block_hash_table_util_ratio: 0.750000
  hash_index_allow_collision: 1
  checksum: 1
  no_block_cache: 0
  block_cache: 0x55c74c8ba060
  block_cache_name: LRUCache
  block_cache_options:
    capacity : 8388608
    num_shard_bits : 4
    strict_capacity_limit : 0
    memory_allocator : None
    high_pri_pool_ratio: 0.000
  block_cache_compressed: (nil)
  persistent_cache: (nil)
  block_size: 4096
  block_size_deviation: 10
  block_restart_interval: 16
  index_block_restart_interval: 1
  metadata_block_size: 4096
  partition_filters: 0
  use_delta_encoding: 1
  filter_policy: nullptr
  whole_key_filtering: 1
  verify_compression: 0
  read_amp_bytes_per_bit: 0
  format_version: 5
  enable_index_compression: 1
  block_align: 0
2022/02/11-15:32:42.108141 7fc4598f5340        Options.write_buffer_size: 67108864
2022/02/11-15:32:42.108145 7fc4598f5340  Options.max_write_buffer_number: 2
2022/02/11-15:32:42.108148 7fc4598f5340          Options.compression: Snappy
2022/02/11-15:32:42.108150 7fc4598f5340                  Options.bottommost_compression: Disabled
2022/02/11-15:32:42.108153 7fc4598f5340       Options.prefix_extractor: nullptr
2022/02/11-15:32:42.108156 7fc4598f5340   Options.memtable_insert_with_hint_prefix_extractor: nullptr
2022/02/11-15:32:42.108159 7fc4598f5340             Options.num_levels: 7
2022/02/11-15:32:42.108161 7fc4598f5340        Options.min_write_buffer_number_to_merge: 1
2022/02/11-15:32:42.108164 7fc4598f5340     Options.max_write_buffer_number_to_maintain: 0
2022/02/11-15:32:42.108167 7fc4598f5340     Options.max_write_buffer_size_to_maintain: 0
2022/02/11-15:32:42.108169 7fc4598f5340            Options.bottommost_compression_opts.window_bits: -14
2022/02/11-15:32:42.108172 7fc4598f5340                  Options.bottommost_compression_opts.level: 32767
2022/02/11-15:32:42.108175 7fc4598f5340               Options.bottommost_compression_opts.strategy: 0
2022/02/11-15:32:42.108231 7fc4598f5340         Options.bottommost_compression_opts.max_dict_bytes: 0
2022/02/11-15:32:42.108234 7fc4598f5340         Options.bottommost_compression_opts.zstd_max_train_bytes: 0
2022/02/11-15:32:42.108237 7fc4598f5340         Options.bottommost_compression_opts.parallel_threads: 1
2022/02/11-15:32:42.108239 7fc4598f5340                  Options.bottommost_compression_opts.enabled: false
2022/02/11-15:32:42.108243 7fc4598f5340         Options.bottommost_compression_opts.max_dict_buffer_bytes: 0
2022/02/11-15:32:42.108245 7fc4598f5340            Options.compression_opts.window_bits: -14
2022/02/11-15:32:42.108248 7fc4598f5340                  Options.compression_opts.level: 32767
2022/02/11-15:32:42.108251 7fc4598f5340               Options.compression_opts.strategy: 0
2022/02/11-15:32:42.108253 7fc4598f5340         Options.compression_opts.max_dict_bytes: 0
2022/02/11-15:32:42.108256 7fc4598f5340         Options.compression_opts.zstd_max_train_bytes: 0
2022/02/11-15:32:42.108258 7fc4598f5340         Options.compression_opts.parallel_threads: 1
2022/02/11-15:32:42.108261 7fc4598f5340                  Options.compression_opts.enabled: false
2022/02/11-15:32:42.108263 7fc4598f5340         Options.compression_opts.max_dict_buffer_bytes: 0
2022/02/11-15:32:42.108266 7fc4598f5340      Options.level0_file_num_compaction_trigger: 4
2022/02/11-15:32:42.108268 7fc4598f5340          Options.level0_slowdown_writes_trigger: 20
2022/02/11-15:32:42.108271 7fc4598f5340              Options.level0_stop_writes_trigger: 36
2022/02/11-15:32:42.108273 7fc4598f5340                   Options.target_file_size_base: 67108864
2022/02/11-15:32:42.108276 7fc4598f5340             Options.target_file_size_multiplier: 1
2022/02/11-15:32:42.108279 7fc4598f5340                Options.max_bytes_for_level_base: 268435456
2022/02/11-15:32:42.108281 7fc4598f5340 Options.level_compaction_dynamic_level_bytes: 0
2022/02/11-15:32:42.108284 7fc4598f5340          Options.max_bytes_for_level_multiplier: 10.000000
2022/02/11-15:32:42.108290 7fc4598f5340 Options.max_bytes_for_level_multiplier_addtl[0]: 1
2022/02/11-15:32:42.108293 7fc4598f5340 Options.max_bytes_for_level_multiplier_addtl[1]: 1
2022/02/11-15:32:42.108296 7fc4598f5340 Options.max_bytes_for_level_multiplier_addtl[2]: 1
2022/02/11-15:32:42.108299 7fc4598f5340 Options.max_bytes_for_level_multiplier_addtl[3]: 1
2022/02/11-15:32:42.108301 7fc4598f5340 Options.max_bytes_for_level_multiplier_addtl[4]: 1
2022/02/11-15:32:42.108304 7fc4598f5340 Options.max_bytes_for_level_multiplier_addtl[5]: 1
2022/02/11-15:32:42.108306 7fc4598f5340 Options.max_bytes_for_level_multiplier_addtl[6]: 1
2022/02/11-15:32:42.108309 7fc4598f5340       Options.max_sequential_skip_in_iterations: 8
2022/02/11-15:32:42.108312 7fc4598f5340                    Options.max_compaction_bytes: 1677721600
2022/02/11-15:32:42.108314 7fc4598f5340                        Options.arena_block_size: 8388608
2022/02/11-15:32:42.108317 7fc4598f5340   Options.soft_pending_compaction_bytes_limit: 68719476736
2022/02/11-15:32:42.108320 7fc4598f5340   Options.hard_pending_compaction_bytes_limit: 274877906944
2022/02/11-15:32:42.108322 7fc4598f5340       Options.rate_limit_delay_max_milliseconds: 100
2022/02/11-15:32:42.108325 7fc4598f5340                Options.disable_auto_compactions: 0
2022/02/11-15:32:42.108330 7fc4598f5340                        Options.compaction_style: kCompactionStyleLevel
2022/02/11-15:32:42.108334 7fc4598f5340                          Options.compaction_pri: kMinOverlappingRatio
2022/02/11-15:32:42.108337 7fc4598f5340 Options.compaction_options_universal.size_ratio: 1
2022/02/11-15:32:42.108340 7fc4598f5340 Options.compaction_options_universal.min_merge_width: 2
2022/02/11-15:32:42.108343 7fc4598f5340 Options.compaction_options_universal.max_merge_width: 4294967295
2022/02/11-15:32:42.108345 7fc4598f5340 Options.compaction_options_universal.max_size_amplification_percent: 200
2022/02/11-15:32:42.108348 7fc4598f5340 Options.compaction_options_universal.compression_size_percent: -1
2022/02/11-15:32:42.108363 7fc4598f5340 Options.compaction_options_universal.stop_style: kCompactionStopStyleTotalSize
2022/02/11-15:32:42.108367 7fc4598f5340 Options.compaction_options_fifo.max_table_files_size: 1073741824
2022/02/11-15:32:42.108369 7fc4598f5340 Options.compaction_options_fifo.allow_compaction: 0
2022/02/11-15:32:42.108384 7fc4598f5340                   Options.table_properties_collectors: 
2022/02/11-15:32:42.108388 7fc4598f5340                   Options.inplace_update_support: 0
2022/02/11-15:32:42.108391 7fc4598f5340                 Options.inplace_update_num_locks: 10000
2022/02/11-15:32:42.108393 7fc4598f5340               Options.memtable_prefix_bloom_size_ratio: 0.000000
2022/02/11-15:32:42.108397 7fc4598f5340               Options.memtable_whole_key_filtering: 0
2022/02/11-15:32:42.108400 7fc4598f5340   Options.memtable_huge_page_size: 0
2022/02/11-15:32:42.108402 7fc4598f5340                           Options.bloom_locality: 0
2022/02/11-15:32:42.108405 7fc4598f5340                    Options.max_successive_merges: 0
2022/02/11-15:32:42.108407 7fc4598f5340                Options.optimize_filters_for_hits: 0
2022/02/11-15:32:42.108410 7fc4598f5340                Options.paranoid_file_checks: 0
2022/02/11-15:32:42.108412 7fc4598f5340                Options.force_consistency_checks: 1
2022/02/11-15:32:42.108415 7fc4598f5340                Options.report_bg_io_stats: 0
2022/02/11-15:32:42.108417 7fc4598f5340                               Options.ttl: 2592000
2022/02/11-15:32:42.108420 7fc4598f5340          Options.periodic_compaction_seconds: 0
2022/02/11-15:32:42.108423 7fc4598f5340                    Options.enable_blob_files: false
2022/02/11-15:32:42.108425 7fc4598f5340                        Options.min_blob_size: 0
2022/02/11-15:32:42.108427 7fc4598f5340                       Options.blob_file_size: 268435456
2022/02/11-15:32:42.108429 7fc4598f5340                Options.blob_compression_type: NoCompression
2022/02/11-15:32:42.108432 7fc4598f5340       Options.enable_blob_garbage_collection: false
2022/02/11-15:32:42.108434 7fc4598f5340   Options.blob_garbage_collection_age_cutoff: 0.250000
2022/02/11-15:32:42.108572 7fc4598f5340 [db/column_family.cc:596] --------------- Options for column family [pending_orders]:
2022/02/11-15:32:42.108577 7fc4598f5340               Options.comparator: leveldb.BytewiseComparator
2022/02/11-15:32:42.108579 7fc4598f5340           Options.merge_operator: None
2022/02/11-15:32:42.108581 7fc4598f5340        Options.compaction_filter: None
2022/02/11-15:32:42.108582 7fc4598f5340        Options.compaction_filter_factory: None
2022/02/11-15:32:42.108583 7fc4598f5340  Options.sst_partitioner_factory: None
2022/02/11-15:32:42.108585 7fc4598f5340         Options.memtable_factory: SkipListFactory
2022/02/11-15:32:42.108586 7fc4598f5340            Options.table_factory: BlockBasedTable
2022/02/11-15:32:42.108620 7fc4598f5340            table_factory options:   flush_block_policy_factory: FlushBlockBySizePolicyFactory (0x55c74c908830)
  cache_index_and_filter_blocks: 0
  cache_index_and_filter_blocks_with_high_priority: 1
  pin_l0_filter_and_index_blocks_in_cache: 0
  pin_top_level_index_and_filter: 1
  index_type: 0
  data_block_index_type: 0
  index_shortening: 1
  data_block_hash_table_util_ratio: 0.750000
  hash_index_allow_collision: 1
  checksum: 1
  no_block_cache: 0
  block_cache: 0x55c74c9a2d10
  block_cache_name: LRUCache
  block_cache_options:
    capacity : 8388608
    num_shard_bits : 4
    strict_capacity_limit : 0
    memory_allocator : None
    high_pri_pool_ratio: 0.000
  block_cache_compressed: (nil)
  persistent_cache: (nil)
  block_size: 4096
  block_size_deviation: 10
  block_restart_interval: 16
  index_block_restart_interval: 1
  metadata_block_size: 4096
  partition_filters: 0
  use_delta_encoding: 1
  filter_policy: nullptr
  whole_key_filtering: 1
  verify_compression: 0
  read_amp_bytes_per_bit: 0
  format_version: 5
  enable_index_compression: 1
  block_align: 0
2022/02/11-15:32:42.108622 7fc4598f5340        Options.write_buffer_size: 67108864
2022/02/11-15:32:42.108638 7fc4598f5340  Options.max_write_buffer_number: 2
2022/02/11-15:32:42.108640 7fc4598f5340          Options.compression: Snappy
2022/02/11-15:32:42.108641 7fc4598f5340                  Options.bottommost_compression: Disabled
2022/02/11-15:32:42.108643 7fc4598f5340       Options.prefix_extractor: nullptr
2022/02/11-15:32:42.108644 7fc4598f5340   Options.memtable_insert_with_hint_prefix_extractor: nullptr
2022/02/11-15:32:42.108646 7fc4598f5340             Options.num_levels: 7
2022/02/11-15:32:42.108647 7fc4598f5340        Options.min_write_buffer_number_to_merge: 1
2022/02/11-15:32:42.108648 7fc4598f5340     Options.max_write_buffer_number_to_maintain: 0
2022/02/11-15:32:42.108650 7fc4598f5340     Options.max_write_buffer_size_to_maintain: 0
2022/02/11-15:32:42.108651 7fc4598f5340            Options.bottommost_compression_opts.window_bits: -14
2022/02/11-15:32:42.108653 7fc4598f5340                  Options.bottommost_compression_opts.level: 32767
2022/02/11-15:32:42.108654 7fc4598f5340               Options.bottommost_compression_opts.strategy: 0
2022/02/11-15:32:42.108656 7fc4598f5340         Options.bottommost_compression_opts.max_dict_bytes: 0
2022/02/11-15:32:42.108657 7fc4598f5340         Options.bottommost_compression_opts.zstd_max_train_bytes: 0
2022/02/11-15:32:42.108658 7fc4598f5340         Options.bottommost_compression_opts.parallel_threads: 1
2022/02/11-15:32:42.108660 7fc4598f5340                  Options.bottommost_compression_opts.enabled: false
2022/02/11-15:32:42.108661 7fc4598f5340         Options.bottommost_compression_opts.max_dict_buffer_bytes: 0
2022/02/11-15:32:42.108663 7fc4598f5340            Options.compression_opts.window_bits: -14
2022/02/11-15:32:42.108664 7fc4598f5340                  Options.compression_opts.level: 32767
2022/02/11-15:32:42.108665 7fc4598f5340               Options.compression_opts.strategy: 0
2022/02/11-15:32:42.108667 7fc4598f5340         Options.compression_opts.max_dict_bytes: 0
2022/02/11-15:32:42.108668 7fc4598f5340         Options.compression_opts.zstd_max_train_bytes: 0
2022/02/11-15:32:42.108669 7fc4598f5340         Options.compression_opts.parallel_threads: 1
2022/02/11-15:32:42.108671 7fc4598f5340                  Options.compression_opts.enabled: false
2022/02/11-15:32:42.108672 7fc4598f5340         Options.compression_opts.max_dict_buffer_bytes: 0
2022/02/11-15:32:42.108674 7fc4598f5340      Options.level0_file_num_compaction_trigger: 4
2022/02/11-15:32:42.108675 7fc4598f5340          Options.level0_slowdown_writes_trigger: 20
2022/02/11-15:32:42.108676 7fc4598f5340              Options.level0_stop_writes_trigger: 36
2022/02/11-15:32:42.108678 7fc4598f5340                   Options.target_file_size_base: 67108864
2022/02/11-15:32:42.108679 7fc4598f5340             Options.target_file_size_multiplier: 1
2022/02/11-15:32:42.108680 7fc4598f5340                Options.max_bytes_for_level_base: 268435456
2022/02/11-15:32:42.108682 7fc4598f5340 Options.level_compaction_dynamic_level_bytes: 0
2022/02/11-15:32:42.108683 7fc4598f5340          Options.max_bytes_for_level_multiplier: 10.000000
2022/02/11-15:32:42.108686 7fc4598f5340 Options.max_bytes_for_level_multiplier_addtl[0]: 1
2022/02/11-15:32:42.108688 7fc4598f5340 Options.max_bytes_for_level_multiplier_addtl[1]: 1
2022/02/11-15:32:42.108689 7fc4598f5340 Options.max_bytes_for_level_multiplier_addtl[2]: 1
2022/02/11-15:32:42.108691 7fc4598f5340 Options.max_bytes_for_level_multiplier_addtl[3]: 1
2022/02/11-15:32:42.108692 7fc4598f5340 Options.max_bytes_for_level_multiplier_addtl[4]: 1
2022/02/11-15:32:42.108693 7fc4598f5340 Options.max_bytes_for_level_multiplier_addtl[5]: 1
2022/02/11-15:32:42.108695 7fc4598f5340 Options.max_bytes_for_level_multiplier_addtl[6]: 1
2022/02/11-15:32:42.108696 7fc4598f5340       Options.max_sequential_skip_in_iterations: 8
2022/02/11-15:32:42.108697 7fc4598f5340                    Options.max_compaction_bytes: 1677721600
2022/02/11-15:32:42.108699 7fc4598f5340                        Options.arena_block_size: 8388608
2022/02/11-15:32:42.108700 7fc4598f5340   Options.soft_pending_compaction_bytes_limit: 68719476736
2022/02/11-15:32:42.108711 7fc4598f5340   Options.hard_pending_compaction_bytes_limit: 274877906944
2022/02/11-15:32:42.108713 7fc4598f5340       Options.rate_limit_delay_max_milliseconds: 100
2022/02/11-15:32:42.108714 7fc4598f5340                Options.disable_auto_compactions: 0
2022/02/11-15:32:42.108716 7fc4598f5340                        Options.compaction_style: kCompactionStyleLevel
2022/02/11-15:32:42.108718 7fc4598f5340                          Options.compaction_pri: kMinOverlappingRatio
2022/02/11-15:32:42.108720 7fc4598f5340 Options.compaction_options_universal.size_ratio: 1
2022/02/11-15:32:42.108721 7fc4598f5340 Options.compaction_options_universal.min_merge_width: 2
2022/02/11-15:32:42.108722 7fc4598f5340 Options.compaction_options_universal.max_merge_width: 4294967295
2022/02/11-15:32:42.108724 7fc4598f5340 Options.compaction_options_universal.max_size_amplification_percent: 200
2022/02/11-15:32:42.108725 7fc4598f5340 Options.compaction_options_universal.compression_size_percent: -1
2022/02/11-15:32:42.108727 7fc4598f5340 Options.compaction_options_universal.stop_style: kCompactionStopStyleTotalSize
2022/02/11-15:32:42.108728 7fc4598f5340 Options.compaction_options_fifo.max_table_files_size: 1073741824
2022/02/11-15:32:42.108730 7fc4598f5340 Options.compaction_options_fifo.allow_compaction: 0
2022/02/11-15:32:42.108734 7fc4598f5340                   Options.table_properties_collectors: 
2022/02/11-15:32:42.108736 7fc4598f5340                   Options.inplace_update_support: 0
2022/02/11-15:32:42.108737 7fc4598f5340                 Options.inplace_update_num_locks: 10000
2022/02/11-15:32:42.108738 7fc4598f5340               Options.memtable_prefix_bloom_size_ratio: 0.000000
2022/02/11-15:32:42.108740 7fc4598f5340               Options.memtable_whole_key_filtering: 0
2022/02/11-15:32:42.108742 7fc4598f5340   Options.memtable_huge_page_size: 0
2022/02/11-15:32:42.108743 7fc4598f5340                           Options.bloom_locality: 0
2022/02/11-15:32:42.108744 7fc4598f5340                    Options.max_successive_merges: 0
2022/02/11-15:32:42.108746 7fc4598f5340                Options.optimize_filters_for_hits: 0
2022/02/11-15:32:42.108747 7fc4598f5340                Options.paranoid_file_checks: 0
2022/02/11-15:32:42.108748 7fc4598f5340                Options.force_consistency_checks: 1
2022/02/11-15:32:42.108750 7fc4598f5340                Options.report_bg_io_stats: 0
2022/02/11-15:32:42.108751 7fc4598f5340                               Options.ttl: 2592000
2022/02/11-15:32:42.108753 7fc4598f5340          Options.periodic_compaction_seconds: 0
2022/02/11-15:32:42.108754 7fc4598f5340                    Options.enable_blob_files: false
2022/02/11-15:32:42.108755 7fc4598f5340                        Options.min_blob_size: 0
2022/02/11-15:32:42.108757 7fc4598f5340                       Options.blob_file_size: 268435456
2022/02/11-15:32:42.108758 7fc4598f5340                Options.blob_compression_type: NoCompression
2022/02/11-15:32:42.108760 7fc4598f5340       Options.enable_blob_garbage_collection: false
2022/02/11-15:32:42.108761 7fc4598f5340   Options.blob_garbage_collection_age_cutoff: 0.250000
2022/02/11-15:32:42.108805 7fc4598f5340 [db/column_family.cc:596] --------------- Options for column family [certificates]:
2022/02/11-15:32:42.108808 7fc4598f5340               Options.comparator: leveldb.BytewiseComparator
2022/02/11-15:32:42.108809 7fc4598f5340           Options.merge_operator: None
2022/02/11-15:32:42.108811 7fc4598f5340        Options.compaction_filter: None
2022/02/11-15:32:42.108812 7fc4598f5340        Options.compaction_filter_factory: None
2022/02/11-15:32:42.108813 7fc4598f5340  Options.sst_partitioner_factory: None
2022/02/11-15:32:42.108815 7fc4598f5340         Options.memtable_factory: SkipListFactory
2022/02/11-15:32:42.108816 7fc4598f5340            Options.table_factory: BlockBasedTable
2022/02/11-15:32:42.108845 7fc4598f5340            table_factory options:   flush_block_policy_factory: FlushBlockBySizePolicyFactory (0x55c74c706bd0)
  cache_index_and_filter_blocks: 0
  cache_index_and_filter_blocks_with_high_priority: 1
  pin_l0_filter_and_index_blocks_in_cache: 0
  pin_top_level_index_and_filter: 1
  index_type: 0
  data_block_index_type: 0
  index_shortening: 1
  data_block_hash_table_util_ratio: 0.750000
  hash_index_allow_collision: 1
  checksum: 1
  no_block_cache: 0
  block_cache: 0x55c74c9a0df0
  block_cache_name: LRUCache
  block_cache_options:
    capacity : 8388608
    num_shard_bits : 4
    strict_capacity_limit : 0
    memory_allocator : None
    high_pri_pool_ratio: 0.000
  block_cache_compressed: (nil)
  persistent_cache: (nil)
  block_size: 4096
  block_size_deviation: 10
  block_restart_interval: 16
  index_block_restart_interval: 1
  metadata_block_size: 4096
  partition_filters: 0
  use_delta_encoding: 1
  filter_policy: nullptr
  whole_key_filtering: 1
  verify_compression: 0
  read_amp_bytes_per_bit: 0
  format_version: 5
  enable_index_compression: 1
  block_align: 0
2022/02/11-15:32:42.108859 7fc4598f5340        Options.write_buffer_size: 67108864
2022/02/11-15:32:42.108861 7fc4598f5340  Options.max_write_buffer_number: 2
2022/02/11-15:32:42.108862 7fc4598f5340          Options.compression: Snappy
2022/02/11-15:32:42.108863 7fc4598f5340                  Options.bottommost_compression: Disabled
2022/02/11-15:32:42.108865 7fc4598f5340       Options.prefix_extractor: nullptr
2022/02/11-15:32:42.108866 7fc4598f5340   Options.memtable_insert_with_hint_prefix_extractor: nullptr
2022/02/11-15:32:42.108868 7fc4598f5340             Options.num_levels: 7
2022/02/11-15:32:42.108869 7fc4598f5340        Options.min_write_buffer_number_to_merge: 1
2022/02/11-15:32:42.108870 7fc4598f5340     Options.max_write_buffer_number_to_maintain: 0
2022/02/11-15:32:42.108872 7fc4598f5340     Options.max_write_buffer_size_to_maintain: 0
2022/02/11-15:32:42.108873 7fc4598f5340            Options.bottommost_compression_opts.window_bits: -14
2022/02/11-15:32:42.108874 7fc4598f5340                  Options.bottommost_compression_opts.level: 32767
2022/02/11-15:32:42.108876 7fc4598f5340               Options.bottommost_compression_opts.strategy: 0
2022/02/11-15:32:42.108877 7fc4598f5340         Options.bottommost_compression_opts.max_dict_bytes: 0
2022/02/11-15:32:42.108878 7fc4598f5340         Options.bottommost_compression_opts.zstd_max_train_bytes: 0
2022/02/11-15:32:42.108880 7fc4598f5340         Options.bottommost_compression_opts.parallel_threads: 1
2022/02/11-15:32:42.108881 7fc4598f5340                  Options.bottommost_compression_opts.enabled: false
2022/02/11-15:32:42.108882 7fc4598f5340         Options.bottommost_compression_opts.max_dict_buffer_bytes: 0
2022/02/11-15:32:42.108884 7fc4598f5340            Options.compression_opts.window_bits: -14
2022/02/11-15:32:42.108885 7fc4598f5340                  Options.compression_opts.level: 32767
2022/02/11-15:32:42.108887 7fc4598f5340               Options.compression_opts.strategy: 0
2022/02/11-15:32:42.108888 7fc4598f5340         Options.compression_opts.max_dict_bytes: 0
2022/02/11-15:32:42.108889 7fc4598f5340         Options.compression_opts.zstd_max_train_bytes: 0
2022/02/11-15:32:42.108891 7fc4598f5340         Options.compression_opts.parallel_threads: 1
2022/02/11-15:32:42.108892 7fc4598f5340                  Options.compression_opts.enabled: false
2022/02/11-15:32:42.108893 7fc4598f5340         Options.compression_opts.max_dict_buffer_bytes: 0
2022/02/11-15:32:42.108895 7fc4598f5340      Options.level0_file_num_compaction_trigger: 4
2022/02/11-15:32:42.108896 7fc4598f5340          Options.level0_slowdown_writes_trigger: 20
2022/02/11-15:32:42.108897 7fc4598f5340              Options.level0_stop_writes_trigger: 36
2022/02/11-15:32:42.108899 7fc4598f5340                   Options.target_file_size_base: 67108864
2022/02/11-15:32:42.108900 7fc4598f5340             Options.target_file_size_multiplier: 1
2022/02/11-15:32:42.108902 7fc4598f5340                Options.max_bytes_for_level_base: 268435456
2022/02/11-15:32:42.108903 7fc4598f5340 Options.level_compaction_dynamic_level_bytes: 0
2022/02/11-15:32:42.108915 7fc4598f5340          Options.max_bytes_for_level_multiplier: 10.000000
2022/02/11-15:32:42.108918 7fc4598f5340 Options.max_bytes_for_level_multiplier_addtl[0]: 1
2022/02/11-15:32:42.108919 7fc4598f5340 Options.max_bytes_for_level_multiplier_addtl[1]: 1
2022/02/11-15:32:42.108921 7fc4598f5340 Options.max_bytes_for_level_multiplier_addtl[2]: 1
2022/02/11-15:32:42.108922 7fc4598f5340 Options.max_bytes_for_level_multiplier_addtl[3]: 1
2022/02/11-15:32:42.108923 7fc4598f5340 Options.max_bytes_for_level_multiplier_addtl[4]: 1
2022/02/11-15:32:42.108925 7fc4598f5340 Options.max_bytes_for_level_multiplier_addtl[5]: 1
2022/02/11-15:32:42.108926 7fc4598f5340 Options.max_bytes_for_level_multiplier_addtl[6]: 1
2022/02/11-15:32:42.108928 7fc4598f5340       Options.max_sequential_skip_in_iterations: 8
2022/02/11-15:32:42.108929 7fc4598f5340                    Options.max_compaction_bytes: 1677721600
2022/02/11-15:32:42.108930 7fc4598f5340                        Options.arena_block_size: 8388608
2022/02/11-15:32:42.108932 7fc4598f5340   Options.soft_pending_compaction_bytes_limit: 68719476736
2022/02/11-15:32:42.108933 7fc4598f5340   Options.hard_pending_compaction_bytes_limit: 274877906944
2022/02/11-15:32:42.108934 7fc4598f5340       Options.rate_limit_delay_max_milliseconds: 100
2022/02/11-15:32:42.108936 7fc4598f5340                Options.disable_auto_compactions: 0
2022/02/11-15:32:42.108938 7fc4598f5340                        Options.compaction_style: kCompactionStyleLevel
2022/02/11-15:32:42.108939 7fc4598f5340                          Options.compaction_pri: kMinOverlappingRatio
2022/02/11-15:32:42.108941 7fc4598f5340 Options.compaction_options_universal.size_ratio: 1
2022/02/11-15:32:42.108942 7fc4598f5340 Options.compaction_options_universal.min_merge_width: 2
2022/02/11-15:32:42.108943 7fc4598f5340 Options.compaction_options_universal.max_merge_width: 4294967295
2022/02/11-15:32:42.108945 7fc4598f5340 Options.compaction_options_universal.max_size_amplification_percent: 200
2022/02/11-15:32:42.108946 7fc4598f5340 Options.compaction_options_universal.compression_size_percent: -1
2022/02/11-15:32:42.108948 7fc4598f5340 Options.compaction_options_universal.stop_style: kCompactionStopStyleTotalSize
2022/02/11-15:32:42.108950 7fc4598f5340 Options.compaction_options_fifo.max_table_files_size: 1073741824
2022/02/11-15:32:42.108951 7fc4598f5340 Options.compaction_options_fifo.allow_compaction: 0
2022/02/11-15:32:42.108954 7fc4598f5340                   Options.table_properties_collectors: 
2022/02/11-15:32:42.108956 7fc4598f5340                   Options.inplace_update_support: 0
2022/02/11-15:32:42.108957 7fc4598f5340                 Options.inplace_update_num_locks: 10000
2022/02/11-15:32:42.108958 7fc4598f5340               Options.memtable_prefix_bloom_size_ratio: 0.000000
2022/02/11-15:32:42.108960 7fc4598f5340               Options.memtable_whole_key_filtering: 0
2022/02/11-15:32:42.108962 7fc4598f5340   Options.memtable_huge_page_size: 0
2022/02/11-15:32:42.108963 7fc4598f5340                           Options.bloom_locality: 0
2022/02/11-15:32:42.108964 7fc4598f5340                    Options.max_successive_merges: 0
2022/02/11-15:32:42.108966 7fc4598f5340                Options.optimize_filters_for_hits: 0
2022/02/11-15:32:42.108967 7fc4598f5340                Options.paranoid_file_checks: 0
2022/02/11-15:32:42.108968 7fc4598f5340                Options.force_consistency_checks: 1
2022/02/11-15:32:42.108970 7fc4598f5340                Options.report_bg_io_stats: 0
2022/02/11-15:32:42.108971 7fc4598f5340                               Options.ttl: 2592000
2022/02/11-15:32:42.108972 7fc4598f5340          Options.periodic_compaction_seconds: 0
2022/02/11-15:32:42.108974 7fc4598f5340                    Options.enable_blob_files: false
2022/02/11-15:32:42.108975 7fc4598f5340                        Options.min_blob_size: 0
2022/02/11-15:32:42.108977 7fc4598f5340                       Options.blob_file_size: 268435456
2022/02/11-15:32:42.108978 7fc4598f5340                Options.blob_compression_type: NoCompression
2022/02/11-15:32:42.108987 7fc4598f5340       Options.enable_blob_garbage_collection: false
2022/02/11-15:32:42.108989 7fc4598f5340   Options.blob_garbage_collection_age_cutoff: 0.250000
2022/02/11-15:32:42.109026 7fc4598f5340 [db/column_family.cc:596] --------------- Options for column family [object_certs]:
2022/02/11-15:32:42.109028 7fc4598f5340               Options.comparator: leveldb.BytewiseComparator
2022/02/11-15:32:42.109030 7fc4598f5340           Options.merge_operator: None
2022/02/11-15:32:42.109031 7fc4598f5340        Options.compaction_filter: None
2022/02/11-15:32:42.109033 7fc4598f5340        Options.compaction_filter_factory: None
2022/02/11-15:32:42.109034 7fc4598f5340  Options.sst_partitioner_factory: None
2022/02/11-15:32:42.109035 7fc4598f5340         Options.memtable_factory: SkipListFactory
2022/02/11-15:32:42.109037 7fc4598f5340            Options.table_factory: BlockBasedTable
2022/02/11-15:32:42.109061 7fc4598f5340            table_factory options:   flush_block_policy_factory: FlushBlockBySizePolicyFactory (0x55c74c9a2770)
  cache_index_and_filter_blocks: 0
  cache_index_and_filter_blocks_with_high_priority: 1
  pin_l0_filter_and_index_blocks_in_cache: 0
  pin_top_level_index_and_filter: 1
  index_type: 0
  data_block_index_type: 0
  index_shortening: 1
  data_block_hash_table_util_ratio: 0.750000
  hash_index_allow_collision: 1
  checksum: 1
  no_block_cache: 0
  block_cache: 0x55c74c8124f0
  block_cache_name: LRUCache
  block_cache_options:
    capacity : 8388608
    num_shard_bits : 4
    strict_capacity_limit : 0
    memory_allocator : None
    high_pri_pool_ratio: 0.000
  block_cache_compressed: (nil)
  persistent_cache: (nil)
  block_size: 4096
  block_size_deviation: 10
  block_restart_interval: 16
  index_block_restart_interval: 1
  metadata_block_size: 4096
  partition_filters: 0
  use_delta_encoding: 1
  filter_policy: nullptr
  whole_key_filtering: 1
  verify_compression: 0
  read_amp_bytes_per_bit: 0
  format_version: 5
  enable_index_compression: 1
  block_align: 0
2022/02/11-15:32:42.109064 7fc4598f5340        Options.write_buffer_size: 67108864
2022/02/11-15:32:42.109065 7fc4598f5340  Options.max_write_buffer_number: 2
2022/02/11-15:32:42.109067 7fc4598f5340          Options.compression: Snappy
2022/02/11-15:32:42.109068 7fc4598f5340                  Options.bottommost_compression: Disabled
2022/02/11-15:32:42.109069 7fc4598f5340       Options.prefix_extractor: nullptr
2022/02/11-15:32:42.109071 7fc4598f5340   Options.memtable_insert_with_hint_prefix_extractor: nullptr
2022/02/11-15:32:42.109072 7fc4598f5340             Options.num_levels: 7
2022/02/11-15:32:42.109073 7fc4598f5340        Options.min_write_buffer_number_to_merge: 1
2022/02/11-15:32:42.109075 7fc4598f5340     Options.max_write_buffer_number_to_maintain: 0
2022/02/11-15:32:42.109076 7fc4598f5340     Options.max_write_buffer_size_to_maintain: 0
2022/02/11-15:32:42.109077 7fc4598f5340            Options.bottommost_compression_opts.window_bits: -14
