2022/02/11-15:32:39.518615 7fd8dabf0340 RocksDB version: 6.20.3
2022/02/11-15:32:39.518626 7fd8dabf0340 Git sha 8608d75d85f8e1b3b64b73a4fb6d19baec61ba5c
2022/02/11-15:32:39.518627 7fd8dabf0340 Compile date 2021-05-05 20:35:30
2022/02/11-15:32:39.518649 7fd8dabf0340 DB SUMMARY
2022/02/11-15:32:39.518650 7fd8dabf0340 DB Session ID:  4RXLQOCJAZ3W112I4WQO
2022/02/11-15:32:39.518660 7fd8dabf0340 CURRENT file:  CURRENT
2022/02/11-15:32:39.518661 7fd8dabf0340 IDENTITY file:  IDENTITY
2022/02/11-15:32:39.518663 7fd8dabf0340 MANIFEST file:  MANIFEST-000061 size: 907 Bytes
2022/02/11-15:32:39.518664 7fd8dabf0340 SST files in ./client_db/k#5edcb5935c8dc07ccc6d408233c584b2232b2ac5ed54ebe33990c1fc244df20b dir, Total Num: 0, files: 
2022/02/11-15:32:39.518665 7fd8dabf0340 Write Ahead Log file in ./client_db/k#5edcb5935c8dc07ccc6d408233c584b2232b2ac5ed54ebe33990c1fc244df20b: 000062.log size: 810 ; 
2022/02/11-15:32:39.518665 7fd8dabf0340                         Options.error_if_exists: 0
2022/02/11-15:32:39.518666 7fd8dabf0340                       Options.create_if_missing: 1
2022/02/11-15:32:39.518667 7fd8dabf0340                         Options.paranoid_checks: 1
2022/02/11-15:32:39.518667 7fd8dabf0340                               Options.track_and_verify_wals_in_manifest: 0
2022/02/11-15:32:39.518668 7fd8dabf0340                                     Options.env: 0x55b88c43a420
2022/02/11-15:32:39.518669 7fd8dabf0340                                      Options.fs: Posix File System
2022/02/11-15:32:39.518669 7fd8dabf0340                                Options.info_log: 0x55b88cf35210
2022/02/11-15:32:39.518670 7fd8dabf0340                Options.max_file_opening_threads: 16
2022/02/11-15:32:39.518670 7fd8dabf0340                              Options.statistics: (nil)
2022/02/11-15:32:39.518671 7fd8dabf0340                               Options.use_fsync: 0
2022/02/11-15:32:39.518671 7fd8dabf0340                       Options.max_log_file_size: 0
2022/02/11-15:32:39.518672 7fd8dabf0340                  Options.max_manifest_file_size: 1073741824
2022/02/11-15:32:39.518672 7fd8dabf0340                   Options.log_file_time_to_roll: 0
2022/02/11-15:32:39.518673 7fd8dabf0340                       Options.keep_log_file_num: 1000
2022/02/11-15:32:39.518673 7fd8dabf0340                    Options.recycle_log_file_num: 0
2022/02/11-15:32:39.518674 7fd8dabf0340                         Options.allow_fallocate: 1
2022/02/11-15:32:39.518674 7fd8dabf0340                        Options.allow_mmap_reads: 0
2022/02/11-15:32:39.518675 7fd8dabf0340                       Options.allow_mmap_writes: 0
2022/02/11-15:32:39.518675 7fd8dabf0340                        Options.use_direct_reads: 0
2022/02/11-15:32:39.518676 7fd8dabf0340                        Options.use_direct_io_for_flush_and_compaction: 0
2022/02/11-15:32:39.518676 7fd8dabf0340          Options.create_missing_column_families: 1
2022/02/11-15:32:39.518677 7fd8dabf0340                              Options.db_log_dir: 
2022/02/11-15:32:39.518677 7fd8dabf0340                                 Options.wal_dir: ./client_db/k#5edcb5935c8dc07ccc6d408233c584b2232b2ac5ed54ebe33990c1fc244df20b
2022/02/11-15:32:39.518677 7fd8dabf0340                Options.table_cache_numshardbits: 6
2022/02/11-15:32:39.518678 7fd8dabf0340                         Options.WAL_ttl_seconds: 0
2022/02/11-15:32:39.518678 7fd8dabf0340                       Options.WAL_size_limit_MB: 0
2022/02/11-15:32:39.518679 7fd8dabf0340                        Options.max_write_batch_group_size_bytes: 1048576
2022/02/11-15:32:39.518679 7fd8dabf0340             Options.manifest_preallocation_size: 4194304
2022/02/11-15:32:39.518680 7fd8dabf0340                     Options.is_fd_close_on_exec: 1
2022/02/11-15:32:39.518680 7fd8dabf0340                   Options.advise_random_on_open: 1
2022/02/11-15:32:39.518681 7fd8dabf0340                    Options.db_write_buffer_size: 0
2022/02/11-15:32:39.518681 7fd8dabf0340                    Options.write_buffer_manager: 0x55b88cee5f10
2022/02/11-15:32:39.518682 7fd8dabf0340         Options.access_hint_on_compaction_start: 1
2022/02/11-15:32:39.518682 7fd8dabf0340  Options.new_table_reader_for_compaction_inputs: 0
2022/02/11-15:32:39.518687 7fd8dabf0340           Options.random_access_max_buffer_size: 1048576
2022/02/11-15:32:39.518687 7fd8dabf0340                      Options.use_adaptive_mutex: 0
2022/02/11-15:32:39.518688 7fd8dabf0340                            Options.rate_limiter: (nil)
2022/02/11-15:32:39.518688 7fd8dabf0340     Options.sst_file_manager.rate_bytes_per_sec: 0
2022/02/11-15:32:39.518689 7fd8dabf0340                       Options.wal_recovery_mode: 2
2022/02/11-15:32:39.518689 7fd8dabf0340                  Options.enable_thread_tracking: 0
2022/02/11-15:32:39.518690 7fd8dabf0340                  Options.enable_pipelined_write: 0
2022/02/11-15:32:39.518690 7fd8dabf0340                  Options.unordered_write: 0
2022/02/11-15:32:39.518691 7fd8dabf0340         Options.allow_concurrent_memtable_write: 1
2022/02/11-15:32:39.518691 7fd8dabf0340      Options.enable_write_thread_adaptive_yield: 1
2022/02/11-15:32:39.518691 7fd8dabf0340             Options.write_thread_max_yield_usec: 100
2022/02/11-15:32:39.518692 7fd8dabf0340            Options.write_thread_slow_yield_usec: 3
2022/02/11-15:32:39.518692 7fd8dabf0340                               Options.row_cache: None
2022/02/11-15:32:39.518693 7fd8dabf0340                              Options.wal_filter: None
2022/02/11-15:32:39.518693 7fd8dabf0340             Options.avoid_flush_during_recovery: 0
2022/02/11-15:32:39.518694 7fd8dabf0340             Options.allow_ingest_behind: 0
2022/02/11-15:32:39.518694 7fd8dabf0340             Options.preserve_deletes: 0
2022/02/11-15:32:39.518695 7fd8dabf0340             Options.two_write_queues: 0
2022/02/11-15:32:39.518695 7fd8dabf0340             Options.manual_wal_flush: 0
2022/02/11-15:32:39.518696 7fd8dabf0340             Options.atomic_flush: 0
2022/02/11-15:32:39.518696 7fd8dabf0340             Options.avoid_unnecessary_blocking_io: 0
2022/02/11-15:32:39.518696 7fd8dabf0340                 Options.persist_stats_to_disk: 0
2022/02/11-15:32:39.518697 7fd8dabf0340                 Options.write_dbid_to_manifest: 0
2022/02/11-15:32:39.518697 7fd8dabf0340                 Options.log_readahead_size: 0
2022/02/11-15:32:39.518698 7fd8dabf0340                 Options.file_checksum_gen_factory: Unknown
2022/02/11-15:32:39.518698 7fd8dabf0340                 Options.best_efforts_recovery: 0
2022/02/11-15:32:39.518699 7fd8dabf0340                Options.max_bgerror_resume_count: 2147483647
2022/02/11-15:32:39.518699 7fd8dabf0340            Options.bgerror_resume_retry_interval: 1000000
2022/02/11-15:32:39.518700 7fd8dabf0340             Options.allow_data_in_errors: 0
2022/02/11-15:32:39.518700 7fd8dabf0340             Options.db_host_id: __hostname__
2022/02/11-15:32:39.518700 7fd8dabf0340             Options.max_background_jobs: 2
2022/02/11-15:32:39.518701 7fd8dabf0340             Options.max_background_compactions: -1
2022/02/11-15:32:39.518701 7fd8dabf0340             Options.max_subcompactions: 1
2022/02/11-15:32:39.518702 7fd8dabf0340             Options.avoid_flush_during_shutdown: 0
2022/02/11-15:32:39.518702 7fd8dabf0340           Options.writable_file_max_buffer_size: 1048576
2022/02/11-15:32:39.518703 7fd8dabf0340             Options.delayed_write_rate : 16777216
2022/02/11-15:32:39.518703 7fd8dabf0340             Options.max_total_wal_size: 0
2022/02/11-15:32:39.518704 7fd8dabf0340             Options.delete_obsolete_files_period_micros: 21600000000
2022/02/11-15:32:39.518704 7fd8dabf0340                   Options.stats_dump_period_sec: 600
2022/02/11-15:32:39.518705 7fd8dabf0340                 Options.stats_persist_period_sec: 600
2022/02/11-15:32:39.518706 7fd8dabf0340                 Options.stats_history_buffer_size: 1048576
2022/02/11-15:32:39.518706 7fd8dabf0340                          Options.max_open_files: -1
2022/02/11-15:32:39.518706 7fd8dabf0340                          Options.bytes_per_sync: 0
2022/02/11-15:32:39.518707 7fd8dabf0340                      Options.wal_bytes_per_sync: 0
2022/02/11-15:32:39.518707 7fd8dabf0340                   Options.strict_bytes_per_sync: 0
2022/02/11-15:32:39.518711 7fd8dabf0340       Options.compaction_readahead_size: 0
2022/02/11-15:32:39.518711 7fd8dabf0340                  Options.max_background_flushes: -1
2022/02/11-15:32:39.518712 7fd8dabf0340 Compression algorithms supported:
2022/02/11-15:32:39.518712 7fd8dabf0340 	kZSTDNotFinalCompression supported: 1
2022/02/11-15:32:39.518713 7fd8dabf0340 	kZSTD supported: 1
2022/02/11-15:32:39.518714 7fd8dabf0340 	kXpressCompression supported: 0
2022/02/11-15:32:39.518714 7fd8dabf0340 	kLZ4HCCompression supported: 1
2022/02/11-15:32:39.518715 7fd8dabf0340 	kLZ4Compression supported: 1
2022/02/11-15:32:39.518715 7fd8dabf0340 	kBZip2Compression supported: 1
2022/02/11-15:32:39.518716 7fd8dabf0340 	kZlibCompression supported: 1
2022/02/11-15:32:39.518716 7fd8dabf0340 	kSnappyCompression supported: 1
2022/02/11-15:32:39.518717 7fd8dabf0340 Fast CRC32 supported: Not supported on x86
2022/02/11-15:32:39.518737 7fd8dabf0340 [db/version_set.cc:4626] Recovering from manifest file: ./client_db/k#5edcb5935c8dc07ccc6d408233c584b2232b2ac5ed54ebe33990c1fc244df20b/MANIFEST-000061
2022/02/11-15:32:39.518800 7fd8dabf0340 [db/column_family.cc:596] --------------- Options for column family [default]:
2022/02/11-15:32:39.518801 7fd8dabf0340               Options.comparator: leveldb.BytewiseComparator
2022/02/11-15:32:39.518802 7fd8dabf0340           Options.merge_operator: None
2022/02/11-15:32:39.518802 7fd8dabf0340        Options.compaction_filter: None
2022/02/11-15:32:39.518803 7fd8dabf0340        Options.compaction_filter_factory: None
2022/02/11-15:32:39.518803 7fd8dabf0340  Options.sst_partitioner_factory: None
2022/02/11-15:32:39.518804 7fd8dabf0340         Options.memtable_factory: SkipListFactory
2022/02/11-15:32:39.518804 7fd8dabf0340            Options.table_factory: BlockBasedTable
2022/02/11-15:32:39.518818 7fd8dabf0340            table_factory options:   flush_block_policy_factory: FlushBlockBySizePolicyFactory (0x55b88cd1a670)
  cache_index_and_filter_blocks: 0
  cache_index_and_filter_blocks_with_high_priority: 1
  pin_l0_filter_and_index_blocks_in_cache: 0
  pin_top_level_index_and_filter: 1
  index_type: 0
  data_block_index_type: 0
  index_shortening: 1
  data_block_hash_table_util_ratio: 0.750000
  hash_index_allow_collision: 1
  checksum: 1
  no_block_cache: 0
  block_cache: 0x55b88cd37c90
  block_cache_name: LRUCache
  block_cache_options:
    capacity : 8388608
    num_shard_bits : 4
    strict_capacity_limit : 0
    memory_allocator : None
    high_pri_pool_ratio: 0.000
  block_cache_compressed: (nil)
  persistent_cache: (nil)
  block_size: 4096
  block_size_deviation: 10
  block_restart_interval: 16
  index_block_restart_interval: 1
  metadata_block_size: 4096
  partition_filters: 0
  use_delta_encoding: 1
  filter_policy: nullptr
  whole_key_filtering: 1
  verify_compression: 0
  read_amp_bytes_per_bit: 0
  format_version: 5
  enable_index_compression: 1
  block_align: 0
2022/02/11-15:32:39.518819 7fd8dabf0340        Options.write_buffer_size: 67108864
2022/02/11-15:32:39.518819 7fd8dabf0340  Options.max_write_buffer_number: 2
2022/02/11-15:32:39.518820 7fd8dabf0340          Options.compression: Snappy
2022/02/11-15:32:39.518820 7fd8dabf0340                  Options.bottommost_compression: Disabled
2022/02/11-15:32:39.518821 7fd8dabf0340       Options.prefix_extractor: nullptr
2022/02/11-15:32:39.518821 7fd8dabf0340   Options.memtable_insert_with_hint_prefix_extractor: nullptr
2022/02/11-15:32:39.518822 7fd8dabf0340             Options.num_levels: 7
2022/02/11-15:32:39.518822 7fd8dabf0340        Options.min_write_buffer_number_to_merge: 1
2022/02/11-15:32:39.518822 7fd8dabf0340     Options.max_write_buffer_number_to_maintain: 0
2022/02/11-15:32:39.518823 7fd8dabf0340     Options.max_write_buffer_size_to_maintain: 0
2022/02/11-15:32:39.518823 7fd8dabf0340            Options.bottommost_compression_opts.window_bits: -14
2022/02/11-15:32:39.518824 7fd8dabf0340                  Options.bottommost_compression_opts.level: 32767
2022/02/11-15:32:39.518824 7fd8dabf0340               Options.bottommost_compression_opts.strategy: 0
2022/02/11-15:32:39.518829 7fd8dabf0340         Options.bottommost_compression_opts.max_dict_bytes: 0
2022/02/11-15:32:39.518830 7fd8dabf0340         Options.bottommost_compression_opts.zstd_max_train_bytes: 0
2022/02/11-15:32:39.518830 7fd8dabf0340         Options.bottommost_compression_opts.parallel_threads: 1
2022/02/11-15:32:39.518831 7fd8dabf0340                  Options.bottommost_compression_opts.enabled: false
2022/02/11-15:32:39.518831 7fd8dabf0340         Options.bottommost_compression_opts.max_dict_buffer_bytes: 0
2022/02/11-15:32:39.518832 7fd8dabf0340            Options.compression_opts.window_bits: -14
2022/02/11-15:32:39.518832 7fd8dabf0340                  Options.compression_opts.level: 32767
2022/02/11-15:32:39.518833 7fd8dabf0340               Options.compression_opts.strategy: 0
2022/02/11-15:32:39.518833 7fd8dabf0340         Options.compression_opts.max_dict_bytes: 0
2022/02/11-15:32:39.518833 7fd8dabf0340         Options.compression_opts.zstd_max_train_bytes: 0
2022/02/11-15:32:39.518834 7fd8dabf0340         Options.compression_opts.parallel_threads: 1
2022/02/11-15:32:39.518834 7fd8dabf0340                  Options.compression_opts.enabled: false
2022/02/11-15:32:39.518835 7fd8dabf0340         Options.compression_opts.max_dict_buffer_bytes: 0
2022/02/11-15:32:39.518835 7fd8dabf0340      Options.level0_file_num_compaction_trigger: 4
2022/02/11-15:32:39.518836 7fd8dabf0340          Options.level0_slowdown_writes_trigger: 20
2022/02/11-15:32:39.518836 7fd8dabf0340              Options.level0_stop_writes_trigger: 36
2022/02/11-15:32:39.518837 7fd8dabf0340                   Options.target_file_size_base: 67108864
2022/02/11-15:32:39.518837 7fd8dabf0340             Options.target_file_size_multiplier: 1
2022/02/11-15:32:39.518837 7fd8dabf0340                Options.max_bytes_for_level_base: 268435456
2022/02/11-15:32:39.518838 7fd8dabf0340 Options.level_compaction_dynamic_level_bytes: 0
2022/02/11-15:32:39.518838 7fd8dabf0340          Options.max_bytes_for_level_multiplier: 10.000000
2022/02/11-15:32:39.518839 7fd8dabf0340 Options.max_bytes_for_level_multiplier_addtl[0]: 1
2022/02/11-15:32:39.518840 7fd8dabf0340 Options.max_bytes_for_level_multiplier_addtl[1]: 1
2022/02/11-15:32:39.518840 7fd8dabf0340 Options.max_bytes_for_level_multiplier_addtl[2]: 1
2022/02/11-15:32:39.518841 7fd8dabf0340 Options.max_bytes_for_level_multiplier_addtl[3]: 1
2022/02/11-15:32:39.518841 7fd8dabf0340 Options.max_bytes_for_level_multiplier_addtl[4]: 1
2022/02/11-15:32:39.518842 7fd8dabf0340 Options.max_bytes_for_level_multiplier_addtl[5]: 1
2022/02/11-15:32:39.518842 7fd8dabf0340 Options.max_bytes_for_level_multiplier_addtl[6]: 1
2022/02/11-15:32:39.518843 7fd8dabf0340       Options.max_sequential_skip_in_iterations: 8
2022/02/11-15:32:39.518843 7fd8dabf0340                    Options.max_compaction_bytes: 1677721600
2022/02/11-15:32:39.518844 7fd8dabf0340                        Options.arena_block_size: 8388608
2022/02/11-15:32:39.518844 7fd8dabf0340   Options.soft_pending_compaction_bytes_limit: 68719476736
2022/02/11-15:32:39.518845 7fd8dabf0340   Options.hard_pending_compaction_bytes_limit: 274877906944
2022/02/11-15:32:39.518845 7fd8dabf0340       Options.rate_limit_delay_max_milliseconds: 100
2022/02/11-15:32:39.518845 7fd8dabf0340                Options.disable_auto_compactions: 0
2022/02/11-15:32:39.518846 7fd8dabf0340                        Options.compaction_style: kCompactionStyleLevel
2022/02/11-15:32:39.518847 7fd8dabf0340                          Options.compaction_pri: kMinOverlappingRatio
2022/02/11-15:32:39.518848 7fd8dabf0340 Options.compaction_options_universal.size_ratio: 1
2022/02/11-15:32:39.518848 7fd8dabf0340 Options.compaction_options_universal.min_merge_width: 2
2022/02/11-15:32:39.518849 7fd8dabf0340 Options.compaction_options_universal.max_merge_width: 4294967295
2022/02/11-15:32:39.518849 7fd8dabf0340 Options.compaction_options_universal.max_size_amplification_percent: 200
2022/02/11-15:32:39.518850 7fd8dabf0340 Options.compaction_options_universal.compression_size_percent: -1
2022/02/11-15:32:39.518853 7fd8dabf0340 Options.compaction_options_universal.stop_style: kCompactionStopStyleTotalSize
2022/02/11-15:32:39.518853 7fd8dabf0340 Options.compaction_options_fifo.max_table_files_size: 1073741824
2022/02/11-15:32:39.518854 7fd8dabf0340 Options.compaction_options_fifo.allow_compaction: 0
2022/02/11-15:32:39.518858 7fd8dabf0340                   Options.table_properties_collectors: 
2022/02/11-15:32:39.518859 7fd8dabf0340                   Options.inplace_update_support: 0
2022/02/11-15:32:39.518859 7fd8dabf0340                 Options.inplace_update_num_locks: 10000
2022/02/11-15:32:39.518860 7fd8dabf0340               Options.memtable_prefix_bloom_size_ratio: 0.000000
2022/02/11-15:32:39.518860 7fd8dabf0340               Options.memtable_whole_key_filtering: 0
2022/02/11-15:32:39.518861 7fd8dabf0340   Options.memtable_huge_page_size: 0
2022/02/11-15:32:39.518861 7fd8dabf0340                           Options.bloom_locality: 0
2022/02/11-15:32:39.518862 7fd8dabf0340                    Options.max_successive_merges: 0
2022/02/11-15:32:39.518862 7fd8dabf0340                Options.optimize_filters_for_hits: 0
2022/02/11-15:32:39.518863 7fd8dabf0340                Options.paranoid_file_checks: 0
2022/02/11-15:32:39.518863 7fd8dabf0340                Options.force_consistency_checks: 1
2022/02/11-15:32:39.518863 7fd8dabf0340                Options.report_bg_io_stats: 0
2022/02/11-15:32:39.518864 7fd8dabf0340                               Options.ttl: 2592000
2022/02/11-15:32:39.518864 7fd8dabf0340          Options.periodic_compaction_seconds: 0
2022/02/11-15:32:39.518865 7fd8dabf0340                    Options.enable_blob_files: false
2022/02/11-15:32:39.518865 7fd8dabf0340                        Options.min_blob_size: 0
2022/02/11-15:32:39.518866 7fd8dabf0340                       Options.blob_file_size: 268435456
2022/02/11-15:32:39.518866 7fd8dabf0340                Options.blob_compression_type: NoCompression
2022/02/11-15:32:39.518867 7fd8dabf0340       Options.enable_blob_garbage_collection: false
2022/02/11-15:32:39.518867 7fd8dabf0340   Options.blob_garbage_collection_age_cutoff: 0.250000
2022/02/11-15:32:39.518890 7fd8dabf0340 [db/column_family.cc:596] --------------- Options for column family [pending_orders]:
2022/02/11-15:32:39.518891 7fd8dabf0340               Options.comparator: leveldb.BytewiseComparator
2022/02/11-15:32:39.518891 7fd8dabf0340           Options.merge_operator: None
2022/02/11-15:32:39.518892 7fd8dabf0340        Options.compaction_filter: None
2022/02/11-15:32:39.518892 7fd8dabf0340        Options.compaction_filter_factory: None
2022/02/11-15:32:39.518892 7fd8dabf0340  Options.sst_partitioner_factory: None
2022/02/11-15:32:39.518893 7fd8dabf0340         Options.memtable_factory: SkipListFactory
2022/02/11-15:32:39.518893 7fd8dabf0340            Options.table_factory: BlockBasedTable
2022/02/11-15:32:39.518903 7fd8dabf0340            table_factory options:   flush_block_policy_factory: FlushBlockBySizePolicyFactory (0x55b88cedfc10)
  cache_index_and_filter_blocks: 0
  cache_index_and_filter_blocks_with_high_priority: 1
  pin_l0_filter_and_index_blocks_in_cache: 0
  pin_top_level_index_and_filter: 1
  index_type: 0
  data_block_index_type: 0
  index_shortening: 1
  data_block_hash_table_util_ratio: 0.750000
  hash_index_allow_collision: 1
  checksum: 1
  no_block_cache: 0
  block_cache: 0x55b88ce55d20
  block_cache_name: LRUCache
  block_cache_options:
    capacity : 8388608
    num_shard_bits : 4
    strict_capacity_limit : 0
    memory_allocator : None
    high_pri_pool_ratio: 0.000
  block_cache_compressed: (nil)
  persistent_cache: (nil)
  block_size: 4096
  block_size_deviation: 10
  block_restart_interval: 16
  index_block_restart_interval: 1
  metadata_block_size: 4096
  partition_filters: 0
  use_delta_encoding: 1
  filter_policy: nullptr
  whole_key_filtering: 1
  verify_compression: 0
  read_amp_bytes_per_bit: 0
  format_version: 5
  enable_index_compression: 1
  block_align: 0
2022/02/11-15:32:39.518905 7fd8dabf0340        Options.write_buffer_size: 67108864
2022/02/11-15:32:39.518908 7fd8dabf0340  Options.max_write_buffer_number: 2
2022/02/11-15:32:39.518909 7fd8dabf0340          Options.compression: Snappy
2022/02/11-15:32:39.518909 7fd8dabf0340                  Options.bottommost_compression: Disabled
2022/02/11-15:32:39.518910 7fd8dabf0340       Options.prefix_extractor: nullptr
2022/02/11-15:32:39.518910 7fd8dabf0340   Options.memtable_insert_with_hint_prefix_extractor: nullptr
2022/02/11-15:32:39.518910 7fd8dabf0340             Options.num_levels: 7
2022/02/11-15:32:39.518911 7fd8dabf0340        Options.min_write_buffer_number_to_merge: 1
2022/02/11-15:32:39.518911 7fd8dabf0340     Options.max_write_buffer_number_to_maintain: 0
2022/02/11-15:32:39.518912 7fd8dabf0340     Options.max_write_buffer_size_to_maintain: 0
2022/02/11-15:32:39.518912 7fd8dabf0340            Options.bottommost_compression_opts.window_bits: -14
2022/02/11-15:32:39.518913 7fd8dabf0340                  Options.bottommost_compression_opts.level: 32767
2022/02/11-15:32:39.518913 7fd8dabf0340               Options.bottommost_compression_opts.strategy: 0
2022/02/11-15:32:39.518914 7fd8dabf0340         Options.bottommost_compression_opts.max_dict_bytes: 0
2022/02/11-15:32:39.518914 7fd8dabf0340         Options.bottommost_compression_opts.zstd_max_train_bytes: 0
2022/02/11-15:32:39.518915 7fd8dabf0340         Options.bottommost_compression_opts.parallel_threads: 1
2022/02/11-15:32:39.518915 7fd8dabf0340                  Options.bottommost_compression_opts.enabled: false
2022/02/11-15:32:39.518915 7fd8dabf0340         Options.bottommost_compression_opts.max_dict_buffer_bytes: 0
2022/02/11-15:32:39.518916 7fd8dabf0340            Options.compression_opts.window_bits: -14
2022/02/11-15:32:39.518916 7fd8dabf0340                  Options.compression_opts.level: 32767
2022/02/11-15:32:39.518917 7fd8dabf0340               Options.compression_opts.strategy: 0
2022/02/11-15:32:39.518917 7fd8dabf0340         Options.compression_opts.max_dict_bytes: 0
2022/02/11-15:32:39.518918 7fd8dabf0340         Options.compression_opts.zstd_max_train_bytes: 0
2022/02/11-15:32:39.518918 7fd8dabf0340         Options.compression_opts.parallel_threads: 1
2022/02/11-15:32:39.518919 7fd8dabf0340                  Options.compression_opts.enabled: false
2022/02/11-15:32:39.518919 7fd8dabf0340         Options.compression_opts.max_dict_buffer_bytes: 0
2022/02/11-15:32:39.518919 7fd8dabf0340      Options.level0_file_num_compaction_trigger: 4
2022/02/11-15:32:39.518920 7fd8dabf0340          Options.level0_slowdown_writes_trigger: 20
2022/02/11-15:32:39.518920 7fd8dabf0340              Options.level0_stop_writes_trigger: 36
2022/02/11-15:32:39.518921 7fd8dabf0340                   Options.target_file_size_base: 67108864
2022/02/11-15:32:39.518921 7fd8dabf0340             Options.target_file_size_multiplier: 1
2022/02/11-15:32:39.518922 7fd8dabf0340                Options.max_bytes_for_level_base: 268435456
2022/02/11-15:32:39.518922 7fd8dabf0340 Options.level_compaction_dynamic_level_bytes: 0
2022/02/11-15:32:39.518923 7fd8dabf0340          Options.max_bytes_for_level_multiplier: 10.000000
2022/02/11-15:32:39.518923 7fd8dabf0340 Options.max_bytes_for_level_multiplier_addtl[0]: 1
2022/02/11-15:32:39.518924 7fd8dabf0340 Options.max_bytes_for_level_multiplier_addtl[1]: 1
2022/02/11-15:32:39.518924 7fd8dabf0340 Options.max_bytes_for_level_multiplier_addtl[2]: 1
2022/02/11-15:32:39.518925 7fd8dabf0340 Options.max_bytes_for_level_multiplier_addtl[3]: 1
2022/02/11-15:32:39.518925 7fd8dabf0340 Options.max_bytes_for_level_multiplier_addtl[4]: 1
2022/02/11-15:32:39.518926 7fd8dabf0340 Options.max_bytes_for_level_multiplier_addtl[5]: 1
2022/02/11-15:32:39.518926 7fd8dabf0340 Options.max_bytes_for_level_multiplier_addtl[6]: 1
2022/02/11-15:32:39.518926 7fd8dabf0340       Options.max_sequential_skip_in_iterations: 8
2022/02/11-15:32:39.518927 7fd8dabf0340                    Options.max_compaction_bytes: 1677721600
2022/02/11-15:32:39.518927 7fd8dabf0340                        Options.arena_block_size: 8388608
2022/02/11-15:32:39.518928 7fd8dabf0340   Options.soft_pending_compaction_bytes_limit: 68719476736
2022/02/11-15:32:39.518931 7fd8dabf0340   Options.hard_pending_compaction_bytes_limit: 274877906944
2022/02/11-15:32:39.518932 7fd8dabf0340       Options.rate_limit_delay_max_milliseconds: 100
2022/02/11-15:32:39.518932 7fd8dabf0340                Options.disable_auto_compactions: 0
2022/02/11-15:32:39.518933 7fd8dabf0340                        Options.compaction_style: kCompactionStyleLevel
2022/02/11-15:32:39.518933 7fd8dabf0340                          Options.compaction_pri: kMinOverlappingRatio
2022/02/11-15:32:39.518934 7fd8dabf0340 Options.compaction_options_universal.size_ratio: 1
2022/02/11-15:32:39.518934 7fd8dabf0340 Options.compaction_options_universal.min_merge_width: 2
2022/02/11-15:32:39.518935 7fd8dabf0340 Options.compaction_options_universal.max_merge_width: 4294967295
2022/02/11-15:32:39.518935 7fd8dabf0340 Options.compaction_options_universal.max_size_amplification_percent: 200
2022/02/11-15:32:39.518936 7fd8dabf0340 Options.compaction_options_universal.compression_size_percent: -1
2022/02/11-15:32:39.518936 7fd8dabf0340 Options.compaction_options_universal.stop_style: kCompactionStopStyleTotalSize
2022/02/11-15:32:39.518937 7fd8dabf0340 Options.compaction_options_fifo.max_table_files_size: 1073741824
2022/02/11-15:32:39.518937 7fd8dabf0340 Options.compaction_options_fifo.allow_compaction: 0
2022/02/11-15:32:39.518938 7fd8dabf0340                   Options.table_properties_collectors: 
2022/02/11-15:32:39.518939 7fd8dabf0340                   Options.inplace_update_support: 0
2022/02/11-15:32:39.518939 7fd8dabf0340                 Options.inplace_update_num_locks: 10000
2022/02/11-15:32:39.518939 7fd8dabf0340               Options.memtable_prefix_bloom_size_ratio: 0.000000
2022/02/11-15:32:39.518940 7fd8dabf0340               Options.memtable_whole_key_filtering: 0
2022/02/11-15:32:39.518941 7fd8dabf0340   Options.memtable_huge_page_size: 0
2022/02/11-15:32:39.518941 7fd8dabf0340                           Options.bloom_locality: 0
2022/02/11-15:32:39.518941 7fd8dabf0340                    Options.max_successive_merges: 0
2022/02/11-15:32:39.518942 7fd8dabf0340                Options.optimize_filters_for_hits: 0
2022/02/11-15:32:39.518942 7fd8dabf0340                Options.paranoid_file_checks: 0
2022/02/11-15:32:39.518943 7fd8dabf0340                Options.force_consistency_checks: 1
2022/02/11-15:32:39.518943 7fd8dabf0340                Options.report_bg_io_stats: 0
2022/02/11-15:32:39.518944 7fd8dabf0340                               Options.ttl: 2592000
2022/02/11-15:32:39.518944 7fd8dabf0340          Options.periodic_compaction_seconds: 0
2022/02/11-15:32:39.518944 7fd8dabf0340                    Options.enable_blob_files: false
2022/02/11-15:32:39.518945 7fd8dabf0340                        Options.min_blob_size: 0
2022/02/11-15:32:39.518945 7fd8dabf0340                       Options.blob_file_size: 268435456
2022/02/11-15:32:39.518946 7fd8dabf0340                Options.blob_compression_type: NoCompression
2022/02/11-15:32:39.518946 7fd8dabf0340       Options.enable_blob_garbage_collection: false
2022/02/11-15:32:39.518947 7fd8dabf0340   Options.blob_garbage_collection_age_cutoff: 0.250000
2022/02/11-15:32:39.518960 7fd8dabf0340 [db/column_family.cc:596] --------------- Options for column family [certificates]:
2022/02/11-15:32:39.518961 7fd8dabf0340               Options.comparator: leveldb.BytewiseComparator
2022/02/11-15:32:39.518961 7fd8dabf0340           Options.merge_operator: None
2022/02/11-15:32:39.518962 7fd8dabf0340        Options.compaction_filter: None
2022/02/11-15:32:39.518962 7fd8dabf0340        Options.compaction_filter_factory: None
2022/02/11-15:32:39.518963 7fd8dabf0340  Options.sst_partitioner_factory: None
2022/02/11-15:32:39.518963 7fd8dabf0340         Options.memtable_factory: SkipListFactory
2022/02/11-15:32:39.518964 7fd8dabf0340            Options.table_factory: BlockBasedTable
2022/02/11-15:32:39.518973 7fd8dabf0340            table_factory options:   flush_block_policy_factory: FlushBlockBySizePolicyFactory (0x55b88ce77ab0)
  cache_index_and_filter_blocks: 0
  cache_index_and_filter_blocks_with_high_priority: 1
  pin_l0_filter_and_index_blocks_in_cache: 0
  pin_top_level_index_and_filter: 1
  index_type: 0
  data_block_index_type: 0
  index_shortening: 1
  data_block_hash_table_util_ratio: 0.750000
  hash_index_allow_collision: 1
  checksum: 1
  no_block_cache: 0
  block_cache: 0x55b88cd8a350
  block_cache_name: LRUCache
  block_cache_options:
    capacity : 8388608
    num_shard_bits : 4
    strict_capacity_limit : 0
    memory_allocator : None
    high_pri_pool_ratio: 0.000
  block_cache_compressed: (nil)
  persistent_cache: (nil)
  block_size: 4096
  block_size_deviation: 10
  block_restart_interval: 16
  index_block_restart_interval: 1
  metadata_block_size: 4096
  partition_filters: 0
  use_delta_encoding: 1
  filter_policy: nullptr
  whole_key_filtering: 1
  verify_compression: 0
  read_amp_bytes_per_bit: 0
  format_version: 5
  enable_index_compression: 1
  block_align: 0
2022/02/11-15:32:39.518977 7fd8dabf0340        Options.write_buffer_size: 67108864
2022/02/11-15:32:39.518978 7fd8dabf0340  Options.max_write_buffer_number: 2
2022/02/11-15:32:39.518979 7fd8dabf0340          Options.compression: Snappy
2022/02/11-15:32:39.518979 7fd8dabf0340                  Options.bottommost_compression: Disabled
2022/02/11-15:32:39.518979 7fd8dabf0340       Options.prefix_extractor: nullptr
2022/02/11-15:32:39.518980 7fd8dabf0340   Options.memtable_insert_with_hint_prefix_extractor: nullptr
2022/02/11-15:32:39.518980 7fd8dabf0340             Options.num_levels: 7
2022/02/11-15:32:39.518981 7fd8dabf0340        Options.min_write_buffer_number_to_merge: 1
2022/02/11-15:32:39.518981 7fd8dabf0340     Options.max_write_buffer_number_to_maintain: 0
2022/02/11-15:32:39.518982 7fd8dabf0340     Options.max_write_buffer_size_to_maintain: 0
2022/02/11-15:32:39.518982 7fd8dabf0340            Options.bottommost_compression_opts.window_bits: -14
2022/02/11-15:32:39.518982 7fd8dabf0340                  Options.bottommost_compression_opts.level: 32767
2022/02/11-15:32:39.518983 7fd8dabf0340               Options.bottommost_compression_opts.strategy: 0
2022/02/11-15:32:39.518983 7fd8dabf0340         Options.bottommost_compression_opts.max_dict_bytes: 0
2022/02/11-15:32:39.518984 7fd8dabf0340         Options.bottommost_compression_opts.zstd_max_train_bytes: 0
2022/02/11-15:32:39.518984 7fd8dabf0340         Options.bottommost_compression_opts.parallel_threads: 1
2022/02/11-15:32:39.518985 7fd8dabf0340                  Options.bottommost_compression_opts.enabled: false
2022/02/11-15:32:39.518985 7fd8dabf0340         Options.bottommost_compression_opts.max_dict_buffer_bytes: 0
2022/02/11-15:32:39.518986 7fd8dabf0340            Options.compression_opts.window_bits: -14
2022/02/11-15:32:39.518986 7fd8dabf0340                  Options.compression_opts.level: 32767
2022/02/11-15:32:39.518986 7fd8dabf0340               Options.compression_opts.strategy: 0
2022/02/11-15:32:39.518987 7fd8dabf0340         Options.compression_opts.max_dict_bytes: 0
2022/02/11-15:32:39.518987 7fd8dabf0340         Options.compression_opts.zstd_max_train_bytes: 0
2022/02/11-15:32:39.518988 7fd8dabf0340         Options.compression_opts.parallel_threads: 1
2022/02/11-15:32:39.518988 7fd8dabf0340                  Options.compression_opts.enabled: false
2022/02/11-15:32:39.518989 7fd8dabf0340         Options.compression_opts.max_dict_buffer_bytes: 0
2022/02/11-15:32:39.518989 7fd8dabf0340      Options.level0_file_num_compaction_trigger: 4
2022/02/11-15:32:39.518989 7fd8dabf0340          Options.level0_slowdown_writes_trigger: 20
2022/02/11-15:32:39.518990 7fd8dabf0340              Options.level0_stop_writes_trigger: 36
2022/02/11-15:32:39.518990 7fd8dabf0340                   Options.target_file_size_base: 67108864
2022/02/11-15:32:39.518991 7fd8dabf0340             Options.target_file_size_multiplier: 1
2022/02/11-15:32:39.518991 7fd8dabf0340                Options.max_bytes_for_level_base: 268435456
2022/02/11-15:32:39.518992 7fd8dabf0340 Options.level_compaction_dynamic_level_bytes: 0
2022/02/11-15:32:39.518994 7fd8dabf0340          Options.max_bytes_for_level_multiplier: 10.000000
2022/02/11-15:32:39.518995 7fd8dabf0340 Options.max_bytes_for_level_multiplier_addtl[0]: 1
2022/02/11-15:32:39.518996 7fd8dabf0340 Options.max_bytes_for_level_multiplier_addtl[1]: 1
2022/02/11-15:32:39.518996 7fd8dabf0340 Options.max_bytes_for_level_multiplier_addtl[2]: 1
2022/02/11-15:32:39.518997 7fd8dabf0340 Options.max_bytes_for_level_multiplier_addtl[3]: 1
2022/02/11-15:32:39.518997 7fd8dabf0340 Options.max_bytes_for_level_multiplier_addtl[4]: 1
2022/02/11-15:32:39.518997 7fd8dabf0340 Options.max_bytes_for_level_multiplier_addtl[5]: 1
2022/02/11-15:32:39.518998 7fd8dabf0340 Options.max_bytes_for_level_multiplier_addtl[6]: 1
2022/02/11-15:32:39.518998 7fd8dabf0340       Options.max_sequential_skip_in_iterations: 8
2022/02/11-15:32:39.518999 7fd8dabf0340                    Options.max_compaction_bytes: 1677721600
2022/02/11-15:32:39.518999 7fd8dabf0340                        Options.arena_block_size: 8388608
2022/02/11-15:32:39.519000 7fd8dabf0340   Options.soft_pending_compaction_bytes_limit: 68719476736
2022/02/11-15:32:39.519000 7fd8dabf0340   Options.hard_pending_compaction_bytes_limit: 274877906944
2022/02/11-15:32:39.519001 7fd8dabf0340       Options.rate_limit_delay_max_milliseconds: 100
2022/02/11-15:32:39.519001 7fd8dabf0340                Options.disable_auto_compactions: 0
2022/02/11-15:32:39.519002 7fd8dabf0340                        Options.compaction_style: kCompactionStyleLevel
2022/02/11-15:32:39.519002 7fd8dabf0340                          Options.compaction_pri: kMinOverlappingRatio
2022/02/11-15:32:39.519003 7fd8dabf0340 Options.compaction_options_universal.size_ratio: 1
2022/02/11-15:32:39.519003 7fd8dabf0340 Options.compaction_options_universal.min_merge_width: 2
2022/02/11-15:32:39.519003 7fd8dabf0340 Options.compaction_options_universal.max_merge_width: 4294967295
2022/02/11-15:32:39.519004 7fd8dabf0340 Options.compaction_options_universal.max_size_amplification_percent: 200
2022/02/11-15:32:39.519004 7fd8dabf0340 Options.compaction_options_universal.compression_size_percent: -1
2022/02/11-15:32:39.519005 7fd8dabf0340 Options.compaction_options_universal.stop_style: kCompactionStopStyleTotalSize
2022/02/11-15:32:39.519005 7fd8dabf0340 Options.compaction_options_fifo.max_table_files_size: 1073741824
2022/02/11-15:32:39.519006 7fd8dabf0340 Options.compaction_options_fifo.allow_compaction: 0
2022/02/11-15:32:39.519007 7fd8dabf0340                   Options.table_properties_collectors: 
2022/02/11-15:32:39.519007 7fd8dabf0340                   Options.inplace_update_support: 0
2022/02/11-15:32:39.519008 7fd8dabf0340                 Options.inplace_update_num_locks: 10000
2022/02/11-15:32:39.519008 7fd8dabf0340               Options.memtable_prefix_bloom_size_ratio: 0.000000
2022/02/11-15:32:39.519009 7fd8dabf0340               Options.memtable_whole_key_filtering: 0
2022/02/11-15:32:39.519009 7fd8dabf0340   Options.memtable_huge_page_size: 0
2022/02/11-15:32:39.519010 7fd8dabf0340                           Options.bloom_locality: 0
2022/02/11-15:32:39.519010 7fd8dabf0340                    Options.max_successive_merges: 0
2022/02/11-15:32:39.519010 7fd8dabf0340                Options.optimize_filters_for_hits: 0
2022/02/11-15:32:39.519011 7fd8dabf0340                Options.paranoid_file_checks: 0
2022/02/11-15:32:39.519011 7fd8dabf0340                Options.force_consistency_checks: 1
2022/02/11-15:32:39.519012 7fd8dabf0340                Options.report_bg_io_stats: 0
2022/02/11-15:32:39.519012 7fd8dabf0340                               Options.ttl: 2592000
2022/02/11-15:32:39.519013 7fd8dabf0340          Options.periodic_compaction_seconds: 0
2022/02/11-15:32:39.519013 7fd8dabf0340                    Options.enable_blob_files: false
2022/02/11-15:32:39.519013 7fd8dabf0340                        Options.min_blob_size: 0
2022/02/11-15:32:39.519014 7fd8dabf0340                       Options.blob_file_size: 268435456
2022/02/11-15:32:39.519014 7fd8dabf0340                Options.blob_compression_type: NoCompression
2022/02/11-15:32:39.519017 7fd8dabf0340       Options.enable_blob_garbage_collection: false
2022/02/11-15:32:39.519018 7fd8dabf0340   Options.blob_garbage_collection_age_cutoff: 0.250000
2022/02/11-15:32:39.519032 7fd8dabf0340 [db/column_family.cc:596] --------------- Options for column family [object_certs]:
2022/02/11-15:32:39.519033 7fd8dabf0340               Options.comparator: leveldb.BytewiseComparator
2022/02/11-15:32:39.519033 7fd8dabf0340           Options.merge_operator: None
2022/02/11-15:32:39.519034 7fd8dabf0340        Options.compaction_filter: None
2022/02/11-15:32:39.519034 7fd8dabf0340        Options.compaction_filter_factory: None
2022/02/11-15:32:39.519034 7fd8dabf0340  Options.sst_partitioner_factory: None
2022/02/11-15:32:39.519035 7fd8dabf0340         Options.memtable_factory: SkipListFactory
2022/02/11-15:32:39.519035 7fd8dabf0340            Options.table_factory: BlockBasedTable
2022/02/11-15:32:39.519043 7fd8dabf0340            table_factory options:   flush_block_policy_factory: FlushBlockBySizePolicyFactory (0x55b88cd9e2a0)
  cache_index_and_filter_blocks: 0
  cache_index_and_filter_blocks_with_high_priority: 1
  pin_l0_filter_and_index_blocks_in_cache: 0
  pin_top_level_index_and_filter: 1
  index_type: 0
  data_block_index_type: 0
  index_shortening: 1
  data_block_hash_table_util_ratio: 0.750000
  hash_index_allow_collision: 1
  checksum: 1
  no_block_cache: 0
  block_cache: 0x55b88cd8fe50
  block_cache_name: LRUCache
  block_cache_options:
    capacity : 8388608
    num_shard_bits : 4
    strict_capacity_limit : 0
    memory_allocator : None
    high_pri_pool_ratio: 0.000
  block_cache_compressed: (nil)
  persistent_cache: (nil)
  block_size: 4096
  block_size_deviation: 10
  block_restart_interval: 16
  index_block_restart_interval: 1
  metadata_block_size: 4096
  partition_filters: 0
  use_delta_encoding: 1
  filter_policy: nullptr
  whole_key_filtering: 1
  verify_compression: 0
  read_amp_bytes_per_bit: 0
  format_version: 5
  enable_index_compression: 1
  block_align: 0
2022/02/11-15:32:39.519044 7fd8dabf0340        Options.write_buffer_size: 67108864
2022/02/11-15:32:39.519045 7fd8dabf0340  Options.max_write_buffer_number: 2
2022/02/11-15:32:39.519045 7fd8dabf0340          Options.compression: Snappy
2022/02/11-15:32:39.519046 7fd8dabf0340                  Options.bottommost_compression: Disabled
2022/02/11-15:32:39.519046 7fd8dabf0340       Options.prefix_extractor: nullptr
2022/02/11-15:32:39.519046 7fd8dabf0340   Options.memtable_insert_with_hint_prefix_extractor: nullptr
2022/02/11-15:32:39.519047 7fd8dabf0340             Options.num_levels: 7
2022/02/11-15:32:39.519047 7fd8dabf0340        Options.min_write_buffer_number_to_merge: 1
2022/02/11-15:32:39.519048 7fd8dabf0340     Options.max_write_buffer_number_to_maintain: 0
2022/02/11-15:32:39.519048 7fd8dabf0340     Options.max_write_buffer_size_to_maintain: 0
2022/02/11-15:32:39.519049 7fd8dabf0340            Options.bottommost_compression_opts.window_bits: -14
