2022/02/11-15:32:42.411234 7fbcf6989340 RocksDB version: 6.20.3
2022/02/11-15:32:42.411269 7fbcf6989340 Git sha 8608d75d85f8e1b3b64b73a4fb6d19baec61ba5c
2022/02/11-15:32:42.411270 7fbcf6989340 Compile date 2021-05-05 20:35:30
2022/02/11-15:32:42.411293 7fbcf6989340 DB SUMMARY
2022/02/11-15:32:42.411294 7fbcf6989340 DB Session ID:  MIFZK95KD1P7MC0SF9HE
2022/02/11-15:32:42.411316 7fbcf6989340 CURRENT file:  CURRENT
2022/02/11-15:32:42.411317 7fbcf6989340 IDENTITY file:  IDENTITY
2022/02/11-15:32:42.411319 7fbcf6989340 MANIFEST file:  MANIFEST-000155 size: 2536 Bytes
2022/02/11-15:32:42.411320 7fbcf6989340 SST files in ./client_db/k#84ed1352d9c5e0335252cbc8fb2dccc29d0601ad3c4f8fb07eca02be1472b4af dir, Total Num: 13, files: 000037.sst 000038.sst 000039.sst 000040.sst 000056.sst 000057.sst 000058.sst 000059.sst 000075.sst 
2022/02/11-15:32:42.411321 7fbcf6989340 Write Ahead Log file in ./client_db/k#84ed1352d9c5e0335252cbc8fb2dccc29d0601ad3c4f8fb07eca02be1472b4af: 000156.log size: 1154 ; 
2022/02/11-15:32:42.411322 7fbcf6989340                         Options.error_if_exists: 0
2022/02/11-15:32:42.411323 7fbcf6989340                       Options.create_if_missing: 1
2022/02/11-15:32:42.411323 7fbcf6989340                         Options.paranoid_checks: 1
2022/02/11-15:32:42.411324 7fbcf6989340                               Options.track_and_verify_wals_in_manifest: 0
2022/02/11-15:32:42.411324 7fbcf6989340                                     Options.env: 0x56382aac9420
2022/02/11-15:32:42.411325 7fbcf6989340                                      Options.fs: Posix File System
2022/02/11-15:32:42.411326 7fbcf6989340                                Options.info_log: 0x56382bb200e0
2022/02/11-15:32:42.411326 7fbcf6989340                Options.max_file_opening_threads: 16
2022/02/11-15:32:42.411327 7fbcf6989340                              Options.statistics: (nil)
2022/02/11-15:32:42.411328 7fbcf6989340                               Options.use_fsync: 0
2022/02/11-15:32:42.411328 7fbcf6989340                       Options.max_log_file_size: 0
2022/02/11-15:32:42.411329 7fbcf6989340                  Options.max_manifest_file_size: 1073741824
2022/02/11-15:32:42.411329 7fbcf6989340                   Options.log_file_time_to_roll: 0
2022/02/11-15:32:42.411330 7fbcf6989340                       Options.keep_log_file_num: 1000
2022/02/11-15:32:42.411330 7fbcf6989340                    Options.recycle_log_file_num: 0
2022/02/11-15:32:42.411331 7fbcf6989340                         Options.allow_fallocate: 1
2022/02/11-15:32:42.411331 7fbcf6989340                        Options.allow_mmap_reads: 0
2022/02/11-15:32:42.411331 7fbcf6989340                       Options.allow_mmap_writes: 0
2022/02/11-15:32:42.411332 7fbcf6989340                        Options.use_direct_reads: 0
2022/02/11-15:32:42.411332 7fbcf6989340                        Options.use_direct_io_for_flush_and_compaction: 0
2022/02/11-15:32:42.411333 7fbcf6989340          Options.create_missing_column_families: 1
2022/02/11-15:32:42.411333 7fbcf6989340                              Options.db_log_dir: 
2022/02/11-15:32:42.411334 7fbcf6989340                                 Options.wal_dir: ./client_db/k#84ed1352d9c5e0335252cbc8fb2dccc29d0601ad3c4f8fb07eca02be1472b4af
2022/02/11-15:32:42.411334 7fbcf6989340                Options.table_cache_numshardbits: 6
2022/02/11-15:32:42.411335 7fbcf6989340                         Options.WAL_ttl_seconds: 0
2022/02/11-15:32:42.411335 7fbcf6989340                       Options.WAL_size_limit_MB: 0
2022/02/11-15:32:42.411336 7fbcf6989340                        Options.max_write_batch_group_size_bytes: 1048576
2022/02/11-15:32:42.411336 7fbcf6989340             Options.manifest_preallocation_size: 4194304
2022/02/11-15:32:42.411337 7fbcf6989340                     Options.is_fd_close_on_exec: 1
2022/02/11-15:32:42.411337 7fbcf6989340                   Options.advise_random_on_open: 1
2022/02/11-15:32:42.411337 7fbcf6989340                    Options.db_write_buffer_size: 0
2022/02/11-15:32:42.411338 7fbcf6989340                    Options.write_buffer_manager: 0x56382bb9b4d0
2022/02/11-15:32:42.411338 7fbcf6989340         Options.access_hint_on_compaction_start: 1
2022/02/11-15:32:42.411343 7fbcf6989340  Options.new_table_reader_for_compaction_inputs: 0
2022/02/11-15:32:42.411344 7fbcf6989340           Options.random_access_max_buffer_size: 1048576
2022/02/11-15:32:42.411345 7fbcf6989340                      Options.use_adaptive_mutex: 0
2022/02/11-15:32:42.411345 7fbcf6989340                            Options.rate_limiter: (nil)
2022/02/11-15:32:42.411346 7fbcf6989340     Options.sst_file_manager.rate_bytes_per_sec: 0
2022/02/11-15:32:42.411346 7fbcf6989340                       Options.wal_recovery_mode: 2
2022/02/11-15:32:42.411347 7fbcf6989340                  Options.enable_thread_tracking: 0
2022/02/11-15:32:42.411347 7fbcf6989340                  Options.enable_pipelined_write: 0
2022/02/11-15:32:42.411348 7fbcf6989340                  Options.unordered_write: 0
2022/02/11-15:32:42.411348 7fbcf6989340         Options.allow_concurrent_memtable_write: 1
2022/02/11-15:32:42.411348 7fbcf6989340      Options.enable_write_thread_adaptive_yield: 1
2022/02/11-15:32:42.411349 7fbcf6989340             Options.write_thread_max_yield_usec: 100
2022/02/11-15:32:42.411349 7fbcf6989340            Options.write_thread_slow_yield_usec: 3
2022/02/11-15:32:42.411350 7fbcf6989340                               Options.row_cache: None
2022/02/11-15:32:42.411350 7fbcf6989340                              Options.wal_filter: None
2022/02/11-15:32:42.411351 7fbcf6989340             Options.avoid_flush_during_recovery: 0
2022/02/11-15:32:42.411351 7fbcf6989340             Options.allow_ingest_behind: 0
2022/02/11-15:32:42.411352 7fbcf6989340             Options.preserve_deletes: 0
2022/02/11-15:32:42.411352 7fbcf6989340             Options.two_write_queues: 0
2022/02/11-15:32:42.411353 7fbcf6989340             Options.manual_wal_flush: 0
2022/02/11-15:32:42.411353 7fbcf6989340             Options.atomic_flush: 0
2022/02/11-15:32:42.411354 7fbcf6989340             Options.avoid_unnecessary_blocking_io: 0
2022/02/11-15:32:42.411354 7fbcf6989340                 Options.persist_stats_to_disk: 0
2022/02/11-15:32:42.411354 7fbcf6989340                 Options.write_dbid_to_manifest: 0
2022/02/11-15:32:42.411355 7fbcf6989340                 Options.log_readahead_size: 0
2022/02/11-15:32:42.411355 7fbcf6989340                 Options.file_checksum_gen_factory: Unknown
2022/02/11-15:32:42.411356 7fbcf6989340                 Options.best_efforts_recovery: 0
2022/02/11-15:32:42.411356 7fbcf6989340                Options.max_bgerror_resume_count: 2147483647
2022/02/11-15:32:42.411357 7fbcf6989340            Options.bgerror_resume_retry_interval: 1000000
2022/02/11-15:32:42.411357 7fbcf6989340             Options.allow_data_in_errors: 0
2022/02/11-15:32:42.411358 7fbcf6989340             Options.db_host_id: __hostname__
2022/02/11-15:32:42.411358 7fbcf6989340             Options.max_background_jobs: 2
2022/02/11-15:32:42.411359 7fbcf6989340             Options.max_background_compactions: -1
2022/02/11-15:32:42.411359 7fbcf6989340             Options.max_subcompactions: 1
2022/02/11-15:32:42.411360 7fbcf6989340             Options.avoid_flush_during_shutdown: 0
2022/02/11-15:32:42.411360 7fbcf6989340           Options.writable_file_max_buffer_size: 1048576
2022/02/11-15:32:42.411361 7fbcf6989340             Options.delayed_write_rate : 16777216
2022/02/11-15:32:42.411361 7fbcf6989340             Options.max_total_wal_size: 0
2022/02/11-15:32:42.411362 7fbcf6989340             Options.delete_obsolete_files_period_micros: 21600000000
2022/02/11-15:32:42.411362 7fbcf6989340                   Options.stats_dump_period_sec: 600
2022/02/11-15:32:42.411363 7fbcf6989340                 Options.stats_persist_period_sec: 600
2022/02/11-15:32:42.411364 7fbcf6989340                 Options.stats_history_buffer_size: 1048576
2022/02/11-15:32:42.411364 7fbcf6989340                          Options.max_open_files: -1
2022/02/11-15:32:42.411364 7fbcf6989340                          Options.bytes_per_sync: 0
2022/02/11-15:32:42.411365 7fbcf6989340                      Options.wal_bytes_per_sync: 0
2022/02/11-15:32:42.411368 7fbcf6989340                   Options.strict_bytes_per_sync: 0
2022/02/11-15:32:42.411369 7fbcf6989340       Options.compaction_readahead_size: 0
2022/02/11-15:32:42.411369 7fbcf6989340                  Options.max_background_flushes: -1
2022/02/11-15:32:42.411370 7fbcf6989340 Compression algorithms supported:
2022/02/11-15:32:42.411370 7fbcf6989340 	kZSTDNotFinalCompression supported: 1
2022/02/11-15:32:42.411371 7fbcf6989340 	kZSTD supported: 1
2022/02/11-15:32:42.411372 7fbcf6989340 	kXpressCompression supported: 0
2022/02/11-15:32:42.411372 7fbcf6989340 	kLZ4HCCompression supported: 1
2022/02/11-15:32:42.411373 7fbcf6989340 	kLZ4Compression supported: 1
2022/02/11-15:32:42.411373 7fbcf6989340 	kBZip2Compression supported: 1
2022/02/11-15:32:42.411374 7fbcf6989340 	kZlibCompression supported: 1
2022/02/11-15:32:42.411374 7fbcf6989340 	kSnappyCompression supported: 1
2022/02/11-15:32:42.411375 7fbcf6989340 Fast CRC32 supported: Not supported on x86
2022/02/11-15:32:42.411398 7fbcf6989340 [db/version_set.cc:4626] Recovering from manifest file: ./client_db/k#84ed1352d9c5e0335252cbc8fb2dccc29d0601ad3c4f8fb07eca02be1472b4af/MANIFEST-000155
2022/02/11-15:32:42.411466 7fbcf6989340 [db/column_family.cc:596] --------------- Options for column family [default]:
2022/02/11-15:32:42.411467 7fbcf6989340               Options.comparator: leveldb.BytewiseComparator
2022/02/11-15:32:42.411468 7fbcf6989340           Options.merge_operator: None
2022/02/11-15:32:42.411468 7fbcf6989340        Options.compaction_filter: None
2022/02/11-15:32:42.411468 7fbcf6989340        Options.compaction_filter_factory: None
2022/02/11-15:32:42.411469 7fbcf6989340  Options.sst_partitioner_factory: None
2022/02/11-15:32:42.411469 7fbcf6989340         Options.memtable_factory: SkipListFactory
2022/02/11-15:32:42.411470 7fbcf6989340            Options.table_factory: BlockBasedTable
2022/02/11-15:32:42.411488 7fbcf6989340            table_factory options:   flush_block_policy_factory: FlushBlockBySizePolicyFactory (0x56382bb1e630)
  cache_index_and_filter_blocks: 0
  cache_index_and_filter_blocks_with_high_priority: 1
  pin_l0_filter_and_index_blocks_in_cache: 0
  pin_top_level_index_and_filter: 1
  index_type: 0
  data_block_index_type: 0
  index_shortening: 1
  data_block_hash_table_util_ratio: 0.750000
  hash_index_allow_collision: 1
  checksum: 1
  no_block_cache: 0
  block_cache: 0x56382bb1c660
  block_cache_name: LRUCache
  block_cache_options:
    capacity : 8388608
    num_shard_bits : 4
    strict_capacity_limit : 0
    memory_allocator : None
    high_pri_pool_ratio: 0.000
  block_cache_compressed: (nil)
  persistent_cache: (nil)
  block_size: 4096
  block_size_deviation: 10
  block_restart_interval: 16
  index_block_restart_interval: 1
  metadata_block_size: 4096
  partition_filters: 0
  use_delta_encoding: 1
  filter_policy: nullptr
  whole_key_filtering: 1
  verify_compression: 0
  read_amp_bytes_per_bit: 0
  format_version: 5
  enable_index_compression: 1
  block_align: 0
2022/02/11-15:32:42.411489 7fbcf6989340        Options.write_buffer_size: 67108864
2022/02/11-15:32:42.411490 7fbcf6989340  Options.max_write_buffer_number: 2
2022/02/11-15:32:42.411491 7fbcf6989340          Options.compression: Snappy
2022/02/11-15:32:42.411491 7fbcf6989340                  Options.bottommost_compression: Disabled
2022/02/11-15:32:42.411492 7fbcf6989340       Options.prefix_extractor: nullptr
2022/02/11-15:32:42.411492 7fbcf6989340   Options.memtable_insert_with_hint_prefix_extractor: nullptr
2022/02/11-15:32:42.411492 7fbcf6989340             Options.num_levels: 7
2022/02/11-15:32:42.411493 7fbcf6989340        Options.min_write_buffer_number_to_merge: 1
2022/02/11-15:32:42.411493 7fbcf6989340     Options.max_write_buffer_number_to_maintain: 0
2022/02/11-15:32:42.411494 7fbcf6989340     Options.max_write_buffer_size_to_maintain: 0
2022/02/11-15:32:42.411494 7fbcf6989340            Options.bottommost_compression_opts.window_bits: -14
2022/02/11-15:32:42.411495 7fbcf6989340                  Options.bottommost_compression_opts.level: 32767
2022/02/11-15:32:42.411499 7fbcf6989340               Options.bottommost_compression_opts.strategy: 0
2022/02/11-15:32:42.411500 7fbcf6989340         Options.bottommost_compression_opts.max_dict_bytes: 0
2022/02/11-15:32:42.411500 7fbcf6989340         Options.bottommost_compression_opts.zstd_max_train_bytes: 0
2022/02/11-15:32:42.411501 7fbcf6989340         Options.bottommost_compression_opts.parallel_threads: 1
2022/02/11-15:32:42.411501 7fbcf6989340                  Options.bottommost_compression_opts.enabled: false
2022/02/11-15:32:42.411502 7fbcf6989340         Options.bottommost_compression_opts.max_dict_buffer_bytes: 0
2022/02/11-15:32:42.411502 7fbcf6989340            Options.compression_opts.window_bits: -14
2022/02/11-15:32:42.411503 7fbcf6989340                  Options.compression_opts.level: 32767
2022/02/11-15:32:42.411503 7fbcf6989340               Options.compression_opts.strategy: 0
2022/02/11-15:32:42.411504 7fbcf6989340         Options.compression_opts.max_dict_bytes: 0
2022/02/11-15:32:42.411504 7fbcf6989340         Options.compression_opts.zstd_max_train_bytes: 0
2022/02/11-15:32:42.411505 7fbcf6989340         Options.compression_opts.parallel_threads: 1
2022/02/11-15:32:42.411505 7fbcf6989340                  Options.compression_opts.enabled: false
2022/02/11-15:32:42.411506 7fbcf6989340         Options.compression_opts.max_dict_buffer_bytes: 0
2022/02/11-15:32:42.411506 7fbcf6989340      Options.level0_file_num_compaction_trigger: 4
2022/02/11-15:32:42.411506 7fbcf6989340          Options.level0_slowdown_writes_trigger: 20
2022/02/11-15:32:42.411507 7fbcf6989340              Options.level0_stop_writes_trigger: 36
2022/02/11-15:32:42.411507 7fbcf6989340                   Options.target_file_size_base: 67108864
2022/02/11-15:32:42.411508 7fbcf6989340             Options.target_file_size_multiplier: 1
2022/02/11-15:32:42.411508 7fbcf6989340                Options.max_bytes_for_level_base: 268435456
2022/02/11-15:32:42.411509 7fbcf6989340 Options.level_compaction_dynamic_level_bytes: 0
2022/02/11-15:32:42.411509 7fbcf6989340          Options.max_bytes_for_level_multiplier: 10.000000
2022/02/11-15:32:42.411511 7fbcf6989340 Options.max_bytes_for_level_multiplier_addtl[0]: 1
2022/02/11-15:32:42.411511 7fbcf6989340 Options.max_bytes_for_level_multiplier_addtl[1]: 1
2022/02/11-15:32:42.411512 7fbcf6989340 Options.max_bytes_for_level_multiplier_addtl[2]: 1
2022/02/11-15:32:42.411512 7fbcf6989340 Options.max_bytes_for_level_multiplier_addtl[3]: 1
2022/02/11-15:32:42.411513 7fbcf6989340 Options.max_bytes_for_level_multiplier_addtl[4]: 1
2022/02/11-15:32:42.411513 7fbcf6989340 Options.max_bytes_for_level_multiplier_addtl[5]: 1
2022/02/11-15:32:42.411514 7fbcf6989340 Options.max_bytes_for_level_multiplier_addtl[6]: 1
2022/02/11-15:32:42.411514 7fbcf6989340       Options.max_sequential_skip_in_iterations: 8
2022/02/11-15:32:42.411515 7fbcf6989340                    Options.max_compaction_bytes: 1677721600
2022/02/11-15:32:42.411515 7fbcf6989340                        Options.arena_block_size: 8388608
2022/02/11-15:32:42.411516 7fbcf6989340   Options.soft_pending_compaction_bytes_limit: 68719476736
2022/02/11-15:32:42.411516 7fbcf6989340   Options.hard_pending_compaction_bytes_limit: 274877906944
2022/02/11-15:32:42.411517 7fbcf6989340       Options.rate_limit_delay_max_milliseconds: 100
2022/02/11-15:32:42.411517 7fbcf6989340                Options.disable_auto_compactions: 0
2022/02/11-15:32:42.411518 7fbcf6989340                        Options.compaction_style: kCompactionStyleLevel
2022/02/11-15:32:42.411518 7fbcf6989340                          Options.compaction_pri: kMinOverlappingRatio
2022/02/11-15:32:42.411519 7fbcf6989340 Options.compaction_options_universal.size_ratio: 1
2022/02/11-15:32:42.411519 7fbcf6989340 Options.compaction_options_universal.min_merge_width: 2
2022/02/11-15:32:42.411520 7fbcf6989340 Options.compaction_options_universal.max_merge_width: 4294967295
2022/02/11-15:32:42.411520 7fbcf6989340 Options.compaction_options_universal.max_size_amplification_percent: 200
2022/02/11-15:32:42.411523 7fbcf6989340 Options.compaction_options_universal.compression_size_percent: -1
2022/02/11-15:32:42.411524 7fbcf6989340 Options.compaction_options_universal.stop_style: kCompactionStopStyleTotalSize
2022/02/11-15:32:42.411525 7fbcf6989340 Options.compaction_options_fifo.max_table_files_size: 1073741824
2022/02/11-15:32:42.411525 7fbcf6989340 Options.compaction_options_fifo.allow_compaction: 0
2022/02/11-15:32:42.411536 7fbcf6989340                   Options.table_properties_collectors: 
2022/02/11-15:32:42.411538 7fbcf6989340                   Options.inplace_update_support: 0
2022/02/11-15:32:42.411538 7fbcf6989340                 Options.inplace_update_num_locks: 10000
2022/02/11-15:32:42.411539 7fbcf6989340               Options.memtable_prefix_bloom_size_ratio: 0.000000
2022/02/11-15:32:42.411540 7fbcf6989340               Options.memtable_whole_key_filtering: 0
2022/02/11-15:32:42.411540 7fbcf6989340   Options.memtable_huge_page_size: 0
2022/02/11-15:32:42.411541 7fbcf6989340                           Options.bloom_locality: 0
2022/02/11-15:32:42.411541 7fbcf6989340                    Options.max_successive_merges: 0
2022/02/11-15:32:42.411542 7fbcf6989340                Options.optimize_filters_for_hits: 0
2022/02/11-15:32:42.411542 7fbcf6989340                Options.paranoid_file_checks: 0
2022/02/11-15:32:42.411543 7fbcf6989340                Options.force_consistency_checks: 1
2022/02/11-15:32:42.411543 7fbcf6989340                Options.report_bg_io_stats: 0
2022/02/11-15:32:42.411544 7fbcf6989340                               Options.ttl: 2592000
2022/02/11-15:32:42.411544 7fbcf6989340          Options.periodic_compaction_seconds: 0
2022/02/11-15:32:42.411545 7fbcf6989340                    Options.enable_blob_files: false
2022/02/11-15:32:42.411545 7fbcf6989340                        Options.min_blob_size: 0
2022/02/11-15:32:42.411545 7fbcf6989340                       Options.blob_file_size: 268435456
2022/02/11-15:32:42.411546 7fbcf6989340                Options.blob_compression_type: NoCompression
2022/02/11-15:32:42.411547 7fbcf6989340       Options.enable_blob_garbage_collection: false
2022/02/11-15:32:42.411547 7fbcf6989340   Options.blob_garbage_collection_age_cutoff: 0.250000
2022/02/11-15:32:42.411577 7fbcf6989340 [db/column_family.cc:596] --------------- Options for column family [pending_orders]:
2022/02/11-15:32:42.411577 7fbcf6989340               Options.comparator: leveldb.BytewiseComparator
2022/02/11-15:32:42.411578 7fbcf6989340           Options.merge_operator: None
2022/02/11-15:32:42.411578 7fbcf6989340        Options.compaction_filter: None
2022/02/11-15:32:42.411579 7fbcf6989340        Options.compaction_filter_factory: None
2022/02/11-15:32:42.411579 7fbcf6989340  Options.sst_partitioner_factory: None
2022/02/11-15:32:42.411580 7fbcf6989340         Options.memtable_factory: SkipListFactory
2022/02/11-15:32:42.411580 7fbcf6989340            Options.table_factory: BlockBasedTable
2022/02/11-15:32:42.411596 7fbcf6989340            table_factory options:   flush_block_policy_factory: FlushBlockBySizePolicyFactory (0x56382bb1c9e0)
  cache_index_and_filter_blocks: 0
  cache_index_and_filter_blocks_with_high_priority: 1
  pin_l0_filter_and_index_blocks_in_cache: 0
  pin_top_level_index_and_filter: 1
  index_type: 0
  data_block_index_type: 0
  index_shortening: 1
  data_block_hash_table_util_ratio: 0.750000
  hash_index_allow_collision: 1
  checksum: 1
  no_block_cache: 0
  block_cache: 0x56382bb21d40
  block_cache_name: LRUCache
  block_cache_options:
    capacity : 8388608
    num_shard_bits : 4
    strict_capacity_limit : 0
    memory_allocator : None
    high_pri_pool_ratio: 0.000
  block_cache_compressed: (nil)
  persistent_cache: (nil)
  block_size: 4096
  block_size_deviation: 10
  block_restart_interval: 16
  index_block_restart_interval: 1
  metadata_block_size: 4096
  partition_filters: 0
  use_delta_encoding: 1
  filter_policy: nullptr
  whole_key_filtering: 1
  verify_compression: 0
  read_amp_bytes_per_bit: 0
  format_version: 5
  enable_index_compression: 1
  block_align: 0
2022/02/11-15:32:42.411602 7fbcf6989340        Options.write_buffer_size: 67108864
2022/02/11-15:32:42.411602 7fbcf6989340  Options.max_write_buffer_number: 2
2022/02/11-15:32:42.411603 7fbcf6989340          Options.compression: Snappy
2022/02/11-15:32:42.411603 7fbcf6989340                  Options.bottommost_compression: Disabled
2022/02/11-15:32:42.411604 7fbcf6989340       Options.prefix_extractor: nullptr
2022/02/11-15:32:42.411604 7fbcf6989340   Options.memtable_insert_with_hint_prefix_extractor: nullptr
2022/02/11-15:32:42.411604 7fbcf6989340             Options.num_levels: 7
2022/02/11-15:32:42.411605 7fbcf6989340        Options.min_write_buffer_number_to_merge: 1
2022/02/11-15:32:42.411605 7fbcf6989340     Options.max_write_buffer_number_to_maintain: 0
2022/02/11-15:32:42.411606 7fbcf6989340     Options.max_write_buffer_size_to_maintain: 0
2022/02/11-15:32:42.411606 7fbcf6989340            Options.bottommost_compression_opts.window_bits: -14
2022/02/11-15:32:42.411607 7fbcf6989340                  Options.bottommost_compression_opts.level: 32767
2022/02/11-15:32:42.411607 7fbcf6989340               Options.bottommost_compression_opts.strategy: 0
2022/02/11-15:32:42.411608 7fbcf6989340         Options.bottommost_compression_opts.max_dict_bytes: 0
2022/02/11-15:32:42.411608 7fbcf6989340         Options.bottommost_compression_opts.zstd_max_train_bytes: 0
2022/02/11-15:32:42.411609 7fbcf6989340         Options.bottommost_compression_opts.parallel_threads: 1
2022/02/11-15:32:42.411609 7fbcf6989340                  Options.bottommost_compression_opts.enabled: false
2022/02/11-15:32:42.411610 7fbcf6989340         Options.bottommost_compression_opts.max_dict_buffer_bytes: 0
2022/02/11-15:32:42.411610 7fbcf6989340            Options.compression_opts.window_bits: -14
2022/02/11-15:32:42.411611 7fbcf6989340                  Options.compression_opts.level: 32767
2022/02/11-15:32:42.411611 7fbcf6989340               Options.compression_opts.strategy: 0
2022/02/11-15:32:42.411611 7fbcf6989340         Options.compression_opts.max_dict_bytes: 0
2022/02/11-15:32:42.411612 7fbcf6989340         Options.compression_opts.zstd_max_train_bytes: 0
2022/02/11-15:32:42.411612 7fbcf6989340         Options.compression_opts.parallel_threads: 1
2022/02/11-15:32:42.411613 7fbcf6989340                  Options.compression_opts.enabled: false
2022/02/11-15:32:42.411613 7fbcf6989340         Options.compression_opts.max_dict_buffer_bytes: 0
2022/02/11-15:32:42.411614 7fbcf6989340      Options.level0_file_num_compaction_trigger: 4
2022/02/11-15:32:42.411614 7fbcf6989340          Options.level0_slowdown_writes_trigger: 20
2022/02/11-15:32:42.411615 7fbcf6989340              Options.level0_stop_writes_trigger: 36
2022/02/11-15:32:42.411615 7fbcf6989340                   Options.target_file_size_base: 67108864
2022/02/11-15:32:42.411616 7fbcf6989340             Options.target_file_size_multiplier: 1
2022/02/11-15:32:42.411616 7fbcf6989340                Options.max_bytes_for_level_base: 268435456
2022/02/11-15:32:42.411616 7fbcf6989340 Options.level_compaction_dynamic_level_bytes: 0
2022/02/11-15:32:42.411617 7fbcf6989340          Options.max_bytes_for_level_multiplier: 10.000000
2022/02/11-15:32:42.411618 7fbcf6989340 Options.max_bytes_for_level_multiplier_addtl[0]: 1
2022/02/11-15:32:42.411618 7fbcf6989340 Options.max_bytes_for_level_multiplier_addtl[1]: 1
2022/02/11-15:32:42.411619 7fbcf6989340 Options.max_bytes_for_level_multiplier_addtl[2]: 1
2022/02/11-15:32:42.411619 7fbcf6989340 Options.max_bytes_for_level_multiplier_addtl[3]: 1
2022/02/11-15:32:42.411620 7fbcf6989340 Options.max_bytes_for_level_multiplier_addtl[4]: 1
2022/02/11-15:32:42.411620 7fbcf6989340 Options.max_bytes_for_level_multiplier_addtl[5]: 1
2022/02/11-15:32:42.411621 7fbcf6989340 Options.max_bytes_for_level_multiplier_addtl[6]: 1
2022/02/11-15:32:42.411621 7fbcf6989340       Options.max_sequential_skip_in_iterations: 8
2022/02/11-15:32:42.411622 7fbcf6989340                    Options.max_compaction_bytes: 1677721600
2022/02/11-15:32:42.411622 7fbcf6989340                        Options.arena_block_size: 8388608
2022/02/11-15:32:42.411625 7fbcf6989340   Options.soft_pending_compaction_bytes_limit: 68719476736
2022/02/11-15:32:42.411626 7fbcf6989340   Options.hard_pending_compaction_bytes_limit: 274877906944
2022/02/11-15:32:42.411626 7fbcf6989340       Options.rate_limit_delay_max_milliseconds: 100
2022/02/11-15:32:42.411627 7fbcf6989340                Options.disable_auto_compactions: 0
2022/02/11-15:32:42.411627 7fbcf6989340                        Options.compaction_style: kCompactionStyleLevel
2022/02/11-15:32:42.411628 7fbcf6989340                          Options.compaction_pri: kMinOverlappingRatio
2022/02/11-15:32:42.411628 7fbcf6989340 Options.compaction_options_universal.size_ratio: 1
2022/02/11-15:32:42.411629 7fbcf6989340 Options.compaction_options_universal.min_merge_width: 2
2022/02/11-15:32:42.411629 7fbcf6989340 Options.compaction_options_universal.max_merge_width: 4294967295
2022/02/11-15:32:42.411630 7fbcf6989340 Options.compaction_options_universal.max_size_amplification_percent: 200
2022/02/11-15:32:42.411630 7fbcf6989340 Options.compaction_options_universal.compression_size_percent: -1
2022/02/11-15:32:42.411631 7fbcf6989340 Options.compaction_options_universal.stop_style: kCompactionStopStyleTotalSize
2022/02/11-15:32:42.411631 7fbcf6989340 Options.compaction_options_fifo.max_table_files_size: 1073741824
2022/02/11-15:32:42.411632 7fbcf6989340 Options.compaction_options_fifo.allow_compaction: 0
2022/02/11-15:32:42.411633 7fbcf6989340                   Options.table_properties_collectors: 
2022/02/11-15:32:42.411633 7fbcf6989340                   Options.inplace_update_support: 0
2022/02/11-15:32:42.411634 7fbcf6989340                 Options.inplace_update_num_locks: 10000
2022/02/11-15:32:42.411634 7fbcf6989340               Options.memtable_prefix_bloom_size_ratio: 0.000000
2022/02/11-15:32:42.411635 7fbcf6989340               Options.memtable_whole_key_filtering: 0
2022/02/11-15:32:42.411635 7fbcf6989340   Options.memtable_huge_page_size: 0
2022/02/11-15:32:42.411636 7fbcf6989340                           Options.bloom_locality: 0
2022/02/11-15:32:42.411636 7fbcf6989340                    Options.max_successive_merges: 0
2022/02/11-15:32:42.411637 7fbcf6989340                Options.optimize_filters_for_hits: 0
2022/02/11-15:32:42.411637 7fbcf6989340                Options.paranoid_file_checks: 0
2022/02/11-15:32:42.411638 7fbcf6989340                Options.force_consistency_checks: 1
2022/02/11-15:32:42.411638 7fbcf6989340                Options.report_bg_io_stats: 0
2022/02/11-15:32:42.411638 7fbcf6989340                               Options.ttl: 2592000
2022/02/11-15:32:42.411639 7fbcf6989340          Options.periodic_compaction_seconds: 0
2022/02/11-15:32:42.411639 7fbcf6989340                    Options.enable_blob_files: false
2022/02/11-15:32:42.411640 7fbcf6989340                        Options.min_blob_size: 0
2022/02/11-15:32:42.411640 7fbcf6989340                       Options.blob_file_size: 268435456
2022/02/11-15:32:42.411641 7fbcf6989340                Options.blob_compression_type: NoCompression
2022/02/11-15:32:42.411641 7fbcf6989340       Options.enable_blob_garbage_collection: false
2022/02/11-15:32:42.411642 7fbcf6989340   Options.blob_garbage_collection_age_cutoff: 0.250000
2022/02/11-15:32:42.411661 7fbcf6989340 [db/column_family.cc:596] --------------- Options for column family [certificates]:
2022/02/11-15:32:42.411662 7fbcf6989340               Options.comparator: leveldb.BytewiseComparator
2022/02/11-15:32:42.411662 7fbcf6989340           Options.merge_operator: None
2022/02/11-15:32:42.411663 7fbcf6989340        Options.compaction_filter: None
2022/02/11-15:32:42.411663 7fbcf6989340        Options.compaction_filter_factory: None
2022/02/11-15:32:42.411664 7fbcf6989340  Options.sst_partitioner_factory: None
2022/02/11-15:32:42.411664 7fbcf6989340         Options.memtable_factory: SkipListFactory
2022/02/11-15:32:42.411665 7fbcf6989340            Options.table_factory: BlockBasedTable
2022/02/11-15:32:42.411673 7fbcf6989340            table_factory options:   flush_block_policy_factory: FlushBlockBySizePolicyFactory (0x56382bb23f00)
  cache_index_and_filter_blocks: 0
  cache_index_and_filter_blocks_with_high_priority: 1
  pin_l0_filter_and_index_blocks_in_cache: 0
  pin_top_level_index_and_filter: 1
  index_type: 0
  data_block_index_type: 0
  index_shortening: 1
  data_block_hash_table_util_ratio: 0.750000
  hash_index_allow_collision: 1
  checksum: 1
  no_block_cache: 0
  block_cache: 0x56382bb23f50
  block_cache_name: LRUCache
  block_cache_options:
    capacity : 8388608
    num_shard_bits : 4
    strict_capacity_limit : 0
    memory_allocator : None
    high_pri_pool_ratio: 0.000
  block_cache_compressed: (nil)
  persistent_cache: (nil)
  block_size: 4096
  block_size_deviation: 10
  block_restart_interval: 16
  index_block_restart_interval: 1
  metadata_block_size: 4096
  partition_filters: 0
  use_delta_encoding: 1
  filter_policy: nullptr
  whole_key_filtering: 1
  verify_compression: 0
  read_amp_bytes_per_bit: 0
  format_version: 5
  enable_index_compression: 1
  block_align: 0
2022/02/11-15:32:42.411677 7fbcf6989340        Options.write_buffer_size: 67108864
2022/02/11-15:32:42.411678 7fbcf6989340  Options.max_write_buffer_number: 2
2022/02/11-15:32:42.411678 7fbcf6989340          Options.compression: Snappy
2022/02/11-15:32:42.411679 7fbcf6989340                  Options.bottommost_compression: Disabled
2022/02/11-15:32:42.411679 7fbcf6989340       Options.prefix_extractor: nullptr
2022/02/11-15:32:42.411680 7fbcf6989340   Options.memtable_insert_with_hint_prefix_extractor: nullptr
2022/02/11-15:32:42.411680 7fbcf6989340             Options.num_levels: 7
2022/02/11-15:32:42.411681 7fbcf6989340        Options.min_write_buffer_number_to_merge: 1
2022/02/11-15:32:42.411681 7fbcf6989340     Options.max_write_buffer_number_to_maintain: 0
2022/02/11-15:32:42.411682 7fbcf6989340     Options.max_write_buffer_size_to_maintain: 0
2022/02/11-15:32:42.411682 7fbcf6989340            Options.bottommost_compression_opts.window_bits: -14
2022/02/11-15:32:42.411682 7fbcf6989340                  Options.bottommost_compression_opts.level: 32767
2022/02/11-15:32:42.411683 7fbcf6989340               Options.bottommost_compression_opts.strategy: 0
2022/02/11-15:32:42.411683 7fbcf6989340         Options.bottommost_compression_opts.max_dict_bytes: 0
2022/02/11-15:32:42.411684 7fbcf6989340         Options.bottommost_compression_opts.zstd_max_train_bytes: 0
2022/02/11-15:32:42.411684 7fbcf6989340         Options.bottommost_compression_opts.parallel_threads: 1
2022/02/11-15:32:42.411685 7fbcf6989340                  Options.bottommost_compression_opts.enabled: false
2022/02/11-15:32:42.411685 7fbcf6989340         Options.bottommost_compression_opts.max_dict_buffer_bytes: 0
2022/02/11-15:32:42.411686 7fbcf6989340            Options.compression_opts.window_bits: -14
2022/02/11-15:32:42.411686 7fbcf6989340                  Options.compression_opts.level: 32767
2022/02/11-15:32:42.411687 7fbcf6989340               Options.compression_opts.strategy: 0
2022/02/11-15:32:42.411687 7fbcf6989340         Options.compression_opts.max_dict_bytes: 0
2022/02/11-15:32:42.411688 7fbcf6989340         Options.compression_opts.zstd_max_train_bytes: 0
2022/02/11-15:32:42.411688 7fbcf6989340         Options.compression_opts.parallel_threads: 1
2022/02/11-15:32:42.411689 7fbcf6989340                  Options.compression_opts.enabled: false
2022/02/11-15:32:42.411689 7fbcf6989340         Options.compression_opts.max_dict_buffer_bytes: 0
2022/02/11-15:32:42.411690 7fbcf6989340      Options.level0_file_num_compaction_trigger: 4
2022/02/11-15:32:42.411690 7fbcf6989340          Options.level0_slowdown_writes_trigger: 20
2022/02/11-15:32:42.411691 7fbcf6989340              Options.level0_stop_writes_trigger: 36
2022/02/11-15:32:42.411691 7fbcf6989340                   Options.target_file_size_base: 67108864
2022/02/11-15:32:42.411692 7fbcf6989340             Options.target_file_size_multiplier: 1
2022/02/11-15:32:42.411692 7fbcf6989340                Options.max_bytes_for_level_base: 268435456
2022/02/11-15:32:42.411695 7fbcf6989340 Options.level_compaction_dynamic_level_bytes: 0
2022/02/11-15:32:42.411695 7fbcf6989340          Options.max_bytes_for_level_multiplier: 10.000000
2022/02/11-15:32:42.411696 7fbcf6989340 Options.max_bytes_for_level_multiplier_addtl[0]: 1
2022/02/11-15:32:42.411697 7fbcf6989340 Options.max_bytes_for_level_multiplier_addtl[1]: 1
2022/02/11-15:32:42.411697 7fbcf6989340 Options.max_bytes_for_level_multiplier_addtl[2]: 1
2022/02/11-15:32:42.411698 7fbcf6989340 Options.max_bytes_for_level_multiplier_addtl[3]: 1
2022/02/11-15:32:42.411698 7fbcf6989340 Options.max_bytes_for_level_multiplier_addtl[4]: 1
2022/02/11-15:32:42.411699 7fbcf6989340 Options.max_bytes_for_level_multiplier_addtl[5]: 1
2022/02/11-15:32:42.411699 7fbcf6989340 Options.max_bytes_for_level_multiplier_addtl[6]: 1
2022/02/11-15:32:42.411700 7fbcf6989340       Options.max_sequential_skip_in_iterations: 8
2022/02/11-15:32:42.411700 7fbcf6989340                    Options.max_compaction_bytes: 1677721600
2022/02/11-15:32:42.411701 7fbcf6989340                        Options.arena_block_size: 8388608
2022/02/11-15:32:42.411701 7fbcf6989340   Options.soft_pending_compaction_bytes_limit: 68719476736
2022/02/11-15:32:42.411702 7fbcf6989340   Options.hard_pending_compaction_bytes_limit: 274877906944
2022/02/11-15:32:42.411702 7fbcf6989340       Options.rate_limit_delay_max_milliseconds: 100
2022/02/11-15:32:42.411703 7fbcf6989340                Options.disable_auto_compactions: 0
2022/02/11-15:32:42.411703 7fbcf6989340                        Options.compaction_style: kCompactionStyleLevel
2022/02/11-15:32:42.411704 7fbcf6989340                          Options.compaction_pri: kMinOverlappingRatio
2022/02/11-15:32:42.411704 7fbcf6989340 Options.compaction_options_universal.size_ratio: 1
2022/02/11-15:32:42.411705 7fbcf6989340 Options.compaction_options_universal.min_merge_width: 2
2022/02/11-15:32:42.411705 7fbcf6989340 Options.compaction_options_universal.max_merge_width: 4294967295
2022/02/11-15:32:42.411706 7fbcf6989340 Options.compaction_options_universal.max_size_amplification_percent: 200
2022/02/11-15:32:42.411706 7fbcf6989340 Options.compaction_options_universal.compression_size_percent: -1
2022/02/11-15:32:42.411707 7fbcf6989340 Options.compaction_options_universal.stop_style: kCompactionStopStyleTotalSize
2022/02/11-15:32:42.411707 7fbcf6989340 Options.compaction_options_fifo.max_table_files_size: 1073741824
2022/02/11-15:32:42.411708 7fbcf6989340 Options.compaction_options_fifo.allow_compaction: 0
2022/02/11-15:32:42.411709 7fbcf6989340                   Options.table_properties_collectors: 
2022/02/11-15:32:42.411710 7fbcf6989340                   Options.inplace_update_support: 0
2022/02/11-15:32:42.411710 7fbcf6989340                 Options.inplace_update_num_locks: 10000
2022/02/11-15:32:42.411711 7fbcf6989340               Options.memtable_prefix_bloom_size_ratio: 0.000000
2022/02/11-15:32:42.411711 7fbcf6989340               Options.memtable_whole_key_filtering: 0
2022/02/11-15:32:42.411712 7fbcf6989340   Options.memtable_huge_page_size: 0
2022/02/11-15:32:42.411712 7fbcf6989340                           Options.bloom_locality: 0
2022/02/11-15:32:42.411713 7fbcf6989340                    Options.max_successive_merges: 0
2022/02/11-15:32:42.411713 7fbcf6989340                Options.optimize_filters_for_hits: 0
2022/02/11-15:32:42.411714 7fbcf6989340                Options.paranoid_file_checks: 0
2022/02/11-15:32:42.411714 7fbcf6989340                Options.force_consistency_checks: 1
2022/02/11-15:32:42.411714 7fbcf6989340                Options.report_bg_io_stats: 0
2022/02/11-15:32:42.411715 7fbcf6989340                               Options.ttl: 2592000
2022/02/11-15:32:42.411715 7fbcf6989340          Options.periodic_compaction_seconds: 0
2022/02/11-15:32:42.411716 7fbcf6989340                    Options.enable_blob_files: false
2022/02/11-15:32:42.411716 7fbcf6989340                        Options.min_blob_size: 0
2022/02/11-15:32:42.411717 7fbcf6989340                       Options.blob_file_size: 268435456
2022/02/11-15:32:42.411720 7fbcf6989340                Options.blob_compression_type: NoCompression
2022/02/11-15:32:42.411721 7fbcf6989340       Options.enable_blob_garbage_collection: false
2022/02/11-15:32:42.411721 7fbcf6989340   Options.blob_garbage_collection_age_cutoff: 0.250000
2022/02/11-15:32:42.411743 7fbcf6989340 [db/column_family.cc:596] --------------- Options for column family [object_certs]:
2022/02/11-15:32:42.411744 7fbcf6989340               Options.comparator: leveldb.BytewiseComparator
2022/02/11-15:32:42.411745 7fbcf6989340           Options.merge_operator: None
2022/02/11-15:32:42.411745 7fbcf6989340        Options.compaction_filter: None
2022/02/11-15:32:42.411745 7fbcf6989340        Options.compaction_filter_factory: None
2022/02/11-15:32:42.411746 7fbcf6989340  Options.sst_partitioner_factory: None
2022/02/11-15:32:42.411746 7fbcf6989340         Options.memtable_factory: SkipListFactory
2022/02/11-15:32:42.411747 7fbcf6989340            Options.table_factory: BlockBasedTable
2022/02/11-15:32:42.411756 7fbcf6989340            table_factory options:   flush_block_policy_factory: FlushBlockBySizePolicyFactory (0x56382bb25bd0)
  cache_index_and_filter_blocks: 0
  cache_index_and_filter_blocks_with_high_priority: 1
  pin_l0_filter_and_index_blocks_in_cache: 0
  pin_top_level_index_and_filter: 1
  index_type: 0
  data_block_index_type: 0
  index_shortening: 1
  data_block_hash_table_util_ratio: 0.750000
  hash_index_allow_collision: 1
  checksum: 1
  no_block_cache: 0
  block_cache: 0x56382bb25c20
  block_cache_name: LRUCache
  block_cache_options:
    capacity : 8388608
    num_shard_bits : 4
    strict_capacity_limit : 0
    memory_allocator : None
    high_pri_pool_ratio: 0.000
  block_cache_compressed: (nil)
  persistent_cache: (nil)
  block_size: 4096
  block_size_deviation: 10
  block_restart_interval: 16
  index_block_restart_interval: 1
  metadata_block_size: 4096
  partition_filters: 0
  use_delta_encoding: 1
  filter_policy: nullptr
  whole_key_filtering: 1
  verify_compression: 0
  read_amp_bytes_per_bit: 0
  format_version: 5
  enable_index_compression: 1
  block_align: 0
2022/02/11-15:32:42.411757 7fbcf6989340        Options.write_buffer_size: 67108864
2022/02/11-15:32:42.411757 7fbcf6989340  Options.max_write_buffer_number: 2
2022/02/11-15:32:42.411758 7fbcf6989340          Options.compression: Snappy
2022/02/11-15:32:42.411758 7fbcf6989340                  Options.bottommost_compression: Disabled
2022/02/11-15:32:42.411759 7fbcf6989340       Options.prefix_extractor: nullptr
2022/02/11-15:32:42.411759 7fbcf6989340   Options.memtable_insert_with_hint_prefix_extractor: nullptr
2022/02/11-15:32:42.411760 7fbcf6989340             Options.num_levels: 7
2022/02/11-15:32:42.411760 7fbcf6989340        Options.min_write_buffer_number_to_merge: 1
2022/02/11-15:32:42.411761 7fbcf6989340     Options.max_write_buffer_number_to_maintain: 0
2022/02/11-15:32:42.411761 7fbcf6989340     Options.max_write_buffer_size_to_maintain: 0
