2022/02/11-15:32:39.778302 7feacc4dd340 RocksDB version: 6.20.3
2022/02/11-15:32:39.778376 7feacc4dd340 Git sha 8608d75d85f8e1b3b64b73a4fb6d19baec61ba5c
2022/02/11-15:32:39.778380 7feacc4dd340 Compile date 2021-05-05 20:35:30
2022/02/11-15:32:39.778438 7feacc4dd340 DB SUMMARY
2022/02/11-15:32:39.778440 7feacc4dd340 DB Session ID:  KBCVX933TL174LH78Q67
2022/02/11-15:32:39.778502 7feacc4dd340 CURRENT file:  CURRENT
2022/02/11-15:32:39.778505 7feacc4dd340 IDENTITY file:  IDENTITY
2022/02/11-15:32:39.778512 7feacc4dd340 MANIFEST file:  MANIFEST-000107 size: 2665 Bytes
2022/02/11-15:32:39.778517 7feacc4dd340 SST files in ./client_db/k#84ed1352d9c5e0335252cbc8fb2dccc29d0601ad3c4f8fb07eca02be1472b4af dir, Total Num: 10, files: 000037.sst 000038.sst 000039.sst 000040.sst 000056.sst 000057.sst 000058.sst 000059.sst 000075.sst 
2022/02/11-15:32:39.778522 7feacc4dd340 Write Ahead Log file in ./client_db/k#84ed1352d9c5e0335252cbc8fb2dccc29d0601ad3c4f8fb07eca02be1472b4af: 000108.log size: 1154 ; 
2022/02/11-15:32:39.778526 7feacc4dd340                         Options.error_if_exists: 0
2022/02/11-15:32:39.778529 7feacc4dd340                       Options.create_if_missing: 1
2022/02/11-15:32:39.778530 7feacc4dd340                         Options.paranoid_checks: 1
2022/02/11-15:32:39.778532 7feacc4dd340                               Options.track_and_verify_wals_in_manifest: 0
2022/02/11-15:32:39.778533 7feacc4dd340                                     Options.env: 0x5639e2dfa420
2022/02/11-15:32:39.778535 7feacc4dd340                                      Options.fs: Posix File System
2022/02/11-15:32:39.778537 7feacc4dd340                                Options.info_log: 0x5639e36cc6a0
2022/02/11-15:32:39.778538 7feacc4dd340                Options.max_file_opening_threads: 16
2022/02/11-15:32:39.778539 7feacc4dd340                              Options.statistics: (nil)
2022/02/11-15:32:39.778542 7feacc4dd340                               Options.use_fsync: 0
2022/02/11-15:32:39.778543 7feacc4dd340                       Options.max_log_file_size: 0
2022/02/11-15:32:39.778545 7feacc4dd340                  Options.max_manifest_file_size: 1073741824
2022/02/11-15:32:39.778546 7feacc4dd340                   Options.log_file_time_to_roll: 0
2022/02/11-15:32:39.778547 7feacc4dd340                       Options.keep_log_file_num: 1000
2022/02/11-15:32:39.778549 7feacc4dd340                    Options.recycle_log_file_num: 0
2022/02/11-15:32:39.778550 7feacc4dd340                         Options.allow_fallocate: 1
2022/02/11-15:32:39.778552 7feacc4dd340                        Options.allow_mmap_reads: 0
2022/02/11-15:32:39.778554 7feacc4dd340                       Options.allow_mmap_writes: 0
2022/02/11-15:32:39.778555 7feacc4dd340                        Options.use_direct_reads: 0
2022/02/11-15:32:39.778555 7feacc4dd340                        Options.use_direct_io_for_flush_and_compaction: 0
2022/02/11-15:32:39.778556 7feacc4dd340          Options.create_missing_column_families: 1
2022/02/11-15:32:39.778556 7feacc4dd340                              Options.db_log_dir: 
2022/02/11-15:32:39.778557 7feacc4dd340                                 Options.wal_dir: ./client_db/k#84ed1352d9c5e0335252cbc8fb2dccc29d0601ad3c4f8fb07eca02be1472b4af
2022/02/11-15:32:39.778557 7feacc4dd340                Options.table_cache_numshardbits: 6
2022/02/11-15:32:39.778558 7feacc4dd340                         Options.WAL_ttl_seconds: 0
2022/02/11-15:32:39.778558 7feacc4dd340                       Options.WAL_size_limit_MB: 0
2022/02/11-15:32:39.778559 7feacc4dd340                        Options.max_write_batch_group_size_bytes: 1048576
2022/02/11-15:32:39.778559 7feacc4dd340             Options.manifest_preallocation_size: 4194304
2022/02/11-15:32:39.778560 7feacc4dd340                     Options.is_fd_close_on_exec: 1
2022/02/11-15:32:39.778560 7feacc4dd340                   Options.advise_random_on_open: 1
2022/02/11-15:32:39.778561 7feacc4dd340                    Options.db_write_buffer_size: 0
2022/02/11-15:32:39.778561 7feacc4dd340                    Options.write_buffer_manager: 0x5639e374b010
2022/02/11-15:32:39.778562 7feacc4dd340         Options.access_hint_on_compaction_start: 1
2022/02/11-15:32:39.778568 7feacc4dd340  Options.new_table_reader_for_compaction_inputs: 0
2022/02/11-15:32:39.778568 7feacc4dd340           Options.random_access_max_buffer_size: 1048576
2022/02/11-15:32:39.778569 7feacc4dd340                      Options.use_adaptive_mutex: 0
2022/02/11-15:32:39.778569 7feacc4dd340                            Options.rate_limiter: (nil)
2022/02/11-15:32:39.778570 7feacc4dd340     Options.sst_file_manager.rate_bytes_per_sec: 0
2022/02/11-15:32:39.778571 7feacc4dd340                       Options.wal_recovery_mode: 2
2022/02/11-15:32:39.778571 7feacc4dd340                  Options.enable_thread_tracking: 0
2022/02/11-15:32:39.778572 7feacc4dd340                  Options.enable_pipelined_write: 0
2022/02/11-15:32:39.778572 7feacc4dd340                  Options.unordered_write: 0
2022/02/11-15:32:39.778573 7feacc4dd340         Options.allow_concurrent_memtable_write: 1
2022/02/11-15:32:39.778573 7feacc4dd340      Options.enable_write_thread_adaptive_yield: 1
2022/02/11-15:32:39.778574 7feacc4dd340             Options.write_thread_max_yield_usec: 100
2022/02/11-15:32:39.778574 7feacc4dd340            Options.write_thread_slow_yield_usec: 3
2022/02/11-15:32:39.778575 7feacc4dd340                               Options.row_cache: None
2022/02/11-15:32:39.778575 7feacc4dd340                              Options.wal_filter: None
2022/02/11-15:32:39.778576 7feacc4dd340             Options.avoid_flush_during_recovery: 0
2022/02/11-15:32:39.778576 7feacc4dd340             Options.allow_ingest_behind: 0
2022/02/11-15:32:39.778577 7feacc4dd340             Options.preserve_deletes: 0
2022/02/11-15:32:39.778577 7feacc4dd340             Options.two_write_queues: 0
2022/02/11-15:32:39.778578 7feacc4dd340             Options.manual_wal_flush: 0
2022/02/11-15:32:39.778578 7feacc4dd340             Options.atomic_flush: 0
2022/02/11-15:32:39.778579 7feacc4dd340             Options.avoid_unnecessary_blocking_io: 0
2022/02/11-15:32:39.778579 7feacc4dd340                 Options.persist_stats_to_disk: 0
2022/02/11-15:32:39.778580 7feacc4dd340                 Options.write_dbid_to_manifest: 0
2022/02/11-15:32:39.778580 7feacc4dd340                 Options.log_readahead_size: 0
2022/02/11-15:32:39.778581 7feacc4dd340                 Options.file_checksum_gen_factory: Unknown
2022/02/11-15:32:39.778582 7feacc4dd340                 Options.best_efforts_recovery: 0
2022/02/11-15:32:39.778582 7feacc4dd340                Options.max_bgerror_resume_count: 2147483647
2022/02/11-15:32:39.778583 7feacc4dd340            Options.bgerror_resume_retry_interval: 1000000
2022/02/11-15:32:39.778583 7feacc4dd340             Options.allow_data_in_errors: 0
2022/02/11-15:32:39.778584 7feacc4dd340             Options.db_host_id: __hostname__
2022/02/11-15:32:39.778584 7feacc4dd340             Options.max_background_jobs: 2
2022/02/11-15:32:39.778585 7feacc4dd340             Options.max_background_compactions: -1
2022/02/11-15:32:39.778585 7feacc4dd340             Options.max_subcompactions: 1
2022/02/11-15:32:39.778586 7feacc4dd340             Options.avoid_flush_during_shutdown: 0
2022/02/11-15:32:39.778586 7feacc4dd340           Options.writable_file_max_buffer_size: 1048576
2022/02/11-15:32:39.778587 7feacc4dd340             Options.delayed_write_rate : 16777216
2022/02/11-15:32:39.778587 7feacc4dd340             Options.max_total_wal_size: 0
2022/02/11-15:32:39.778588 7feacc4dd340             Options.delete_obsolete_files_period_micros: 21600000000
2022/02/11-15:32:39.778589 7feacc4dd340                   Options.stats_dump_period_sec: 600
2022/02/11-15:32:39.778589 7feacc4dd340                 Options.stats_persist_period_sec: 600
2022/02/11-15:32:39.778590 7feacc4dd340                 Options.stats_history_buffer_size: 1048576
2022/02/11-15:32:39.778590 7feacc4dd340                          Options.max_open_files: -1
2022/02/11-15:32:39.778591 7feacc4dd340                          Options.bytes_per_sync: 0
2022/02/11-15:32:39.778591 7feacc4dd340                      Options.wal_bytes_per_sync: 0
2022/02/11-15:32:39.778595 7feacc4dd340                   Options.strict_bytes_per_sync: 0
2022/02/11-15:32:39.778595 7feacc4dd340       Options.compaction_readahead_size: 0
2022/02/11-15:32:39.778596 7feacc4dd340                  Options.max_background_flushes: -1
2022/02/11-15:32:39.778596 7feacc4dd340 Compression algorithms supported:
2022/02/11-15:32:39.778597 7feacc4dd340 	kZSTDNotFinalCompression supported: 1
2022/02/11-15:32:39.778598 7feacc4dd340 	kZSTD supported: 1
2022/02/11-15:32:39.778599 7feacc4dd340 	kXpressCompression supported: 0
2022/02/11-15:32:39.778599 7feacc4dd340 	kLZ4HCCompression supported: 1
2022/02/11-15:32:39.778600 7feacc4dd340 	kLZ4Compression supported: 1
2022/02/11-15:32:39.778601 7feacc4dd340 	kBZip2Compression supported: 1
2022/02/11-15:32:39.778601 7feacc4dd340 	kZlibCompression supported: 1
2022/02/11-15:32:39.778602 7feacc4dd340 	kSnappyCompression supported: 1
2022/02/11-15:32:39.778603 7feacc4dd340 Fast CRC32 supported: Not supported on x86
2022/02/11-15:32:39.778632 7feacc4dd340 [db/version_set.cc:4626] Recovering from manifest file: ./client_db/k#84ed1352d9c5e0335252cbc8fb2dccc29d0601ad3c4f8fb07eca02be1472b4af/MANIFEST-000107
2022/02/11-15:32:39.778739 7feacc4dd340 [db/column_family.cc:596] --------------- Options for column family [default]:
2022/02/11-15:32:39.778741 7feacc4dd340               Options.comparator: leveldb.BytewiseComparator
2022/02/11-15:32:39.778742 7feacc4dd340           Options.merge_operator: None
2022/02/11-15:32:39.778743 7feacc4dd340        Options.compaction_filter: None
2022/02/11-15:32:39.778743 7feacc4dd340        Options.compaction_filter_factory: None
2022/02/11-15:32:39.778744 7feacc4dd340  Options.sst_partitioner_factory: None
2022/02/11-15:32:39.778744 7feacc4dd340         Options.memtable_factory: SkipListFactory
2022/02/11-15:32:39.778746 7feacc4dd340            Options.table_factory: BlockBasedTable
2022/02/11-15:32:39.778781 7feacc4dd340            table_factory options:   flush_block_policy_factory: FlushBlockBySizePolicyFactory (0x5639e36ce150)
  cache_index_and_filter_blocks: 0
  cache_index_and_filter_blocks_with_high_priority: 1
  pin_l0_filter_and_index_blocks_in_cache: 0
  pin_top_level_index_and_filter: 1
  index_type: 0
  data_block_index_type: 0
  index_shortening: 1
  data_block_hash_table_util_ratio: 0.750000
  hash_index_allow_collision: 1
  checksum: 1
  no_block_cache: 0
  block_cache: 0x5639e36cc220
  block_cache_name: LRUCache
  block_cache_options:
    capacity : 8388608
    num_shard_bits : 4
    strict_capacity_limit : 0
    memory_allocator : None
    high_pri_pool_ratio: 0.000
  block_cache_compressed: (nil)
  persistent_cache: (nil)
  block_size: 4096
  block_size_deviation: 10
  block_restart_interval: 16
  index_block_restart_interval: 1
  metadata_block_size: 4096
  partition_filters: 0
  use_delta_encoding: 1
  filter_policy: nullptr
  whole_key_filtering: 1
  verify_compression: 0
  read_amp_bytes_per_bit: 0
  format_version: 5
  enable_index_compression: 1
  block_align: 0
2022/02/11-15:32:39.778782 7feacc4dd340        Options.write_buffer_size: 67108864
2022/02/11-15:32:39.778783 7feacc4dd340  Options.max_write_buffer_number: 2
2022/02/11-15:32:39.778783 7feacc4dd340          Options.compression: Snappy
2022/02/11-15:32:39.778784 7feacc4dd340                  Options.bottommost_compression: Disabled
2022/02/11-15:32:39.778784 7feacc4dd340       Options.prefix_extractor: nullptr
2022/02/11-15:32:39.778785 7feacc4dd340   Options.memtable_insert_with_hint_prefix_extractor: nullptr
2022/02/11-15:32:39.778785 7feacc4dd340             Options.num_levels: 7
2022/02/11-15:32:39.778786 7feacc4dd340        Options.min_write_buffer_number_to_merge: 1
2022/02/11-15:32:39.778786 7feacc4dd340     Options.max_write_buffer_number_to_maintain: 0
2022/02/11-15:32:39.778787 7feacc4dd340     Options.max_write_buffer_size_to_maintain: 0
2022/02/11-15:32:39.778788 7feacc4dd340            Options.bottommost_compression_opts.window_bits: -14
2022/02/11-15:32:39.778788 7feacc4dd340                  Options.bottommost_compression_opts.level: 32767
2022/02/11-15:32:39.778794 7feacc4dd340               Options.bottommost_compression_opts.strategy: 0
2022/02/11-15:32:39.778794 7feacc4dd340         Options.bottommost_compression_opts.max_dict_bytes: 0
2022/02/11-15:32:39.778795 7feacc4dd340         Options.bottommost_compression_opts.zstd_max_train_bytes: 0
2022/02/11-15:32:39.778796 7feacc4dd340         Options.bottommost_compression_opts.parallel_threads: 1
2022/02/11-15:32:39.778796 7feacc4dd340                  Options.bottommost_compression_opts.enabled: false
2022/02/11-15:32:39.778799 7feacc4dd340         Options.bottommost_compression_opts.max_dict_buffer_bytes: 0
2022/02/11-15:32:39.778800 7feacc4dd340            Options.compression_opts.window_bits: -14
2022/02/11-15:32:39.778800 7feacc4dd340                  Options.compression_opts.level: 32767
2022/02/11-15:32:39.778801 7feacc4dd340               Options.compression_opts.strategy: 0
2022/02/11-15:32:39.778801 7feacc4dd340         Options.compression_opts.max_dict_bytes: 0
2022/02/11-15:32:39.778802 7feacc4dd340         Options.compression_opts.zstd_max_train_bytes: 0
2022/02/11-15:32:39.778802 7feacc4dd340         Options.compression_opts.parallel_threads: 1
2022/02/11-15:32:39.778803 7feacc4dd340                  Options.compression_opts.enabled: false
2022/02/11-15:32:39.778803 7feacc4dd340         Options.compression_opts.max_dict_buffer_bytes: 0
2022/02/11-15:32:39.778804 7feacc4dd340      Options.level0_file_num_compaction_trigger: 4
2022/02/11-15:32:39.778804 7feacc4dd340          Options.level0_slowdown_writes_trigger: 20
2022/02/11-15:32:39.778805 7feacc4dd340              Options.level0_stop_writes_trigger: 36
2022/02/11-15:32:39.778805 7feacc4dd340                   Options.target_file_size_base: 67108864
2022/02/11-15:32:39.778806 7feacc4dd340             Options.target_file_size_multiplier: 1
2022/02/11-15:32:39.778806 7feacc4dd340                Options.max_bytes_for_level_base: 268435456
2022/02/11-15:32:39.778807 7feacc4dd340 Options.level_compaction_dynamic_level_bytes: 0
2022/02/11-15:32:39.778808 7feacc4dd340          Options.max_bytes_for_level_multiplier: 10.000000
2022/02/11-15:32:39.778809 7feacc4dd340 Options.max_bytes_for_level_multiplier_addtl[0]: 1
2022/02/11-15:32:39.778810 7feacc4dd340 Options.max_bytes_for_level_multiplier_addtl[1]: 1
2022/02/11-15:32:39.778810 7feacc4dd340 Options.max_bytes_for_level_multiplier_addtl[2]: 1
2022/02/11-15:32:39.778811 7feacc4dd340 Options.max_bytes_for_level_multiplier_addtl[3]: 1
2022/02/11-15:32:39.778811 7feacc4dd340 Options.max_bytes_for_level_multiplier_addtl[4]: 1
2022/02/11-15:32:39.778812 7feacc4dd340 Options.max_bytes_for_level_multiplier_addtl[5]: 1
2022/02/11-15:32:39.778812 7feacc4dd340 Options.max_bytes_for_level_multiplier_addtl[6]: 1
2022/02/11-15:32:39.778813 7feacc4dd340       Options.max_sequential_skip_in_iterations: 8
2022/02/11-15:32:39.778813 7feacc4dd340                    Options.max_compaction_bytes: 1677721600
2022/02/11-15:32:39.778814 7feacc4dd340                        Options.arena_block_size: 8388608
2022/02/11-15:32:39.778814 7feacc4dd340   Options.soft_pending_compaction_bytes_limit: 68719476736
2022/02/11-15:32:39.778815 7feacc4dd340   Options.hard_pending_compaction_bytes_limit: 274877906944
2022/02/11-15:32:39.778815 7feacc4dd340       Options.rate_limit_delay_max_milliseconds: 100
2022/02/11-15:32:39.778816 7feacc4dd340                Options.disable_auto_compactions: 0
2022/02/11-15:32:39.778817 7feacc4dd340                        Options.compaction_style: kCompactionStyleLevel
2022/02/11-15:32:39.778818 7feacc4dd340                          Options.compaction_pri: kMinOverlappingRatio
2022/02/11-15:32:39.778818 7feacc4dd340 Options.compaction_options_universal.size_ratio: 1
2022/02/11-15:32:39.778819 7feacc4dd340 Options.compaction_options_universal.min_merge_width: 2
2022/02/11-15:32:39.778819 7feacc4dd340 Options.compaction_options_universal.max_merge_width: 4294967295
2022/02/11-15:32:39.778820 7feacc4dd340 Options.compaction_options_universal.max_size_amplification_percent: 200
2022/02/11-15:32:39.778823 7feacc4dd340 Options.compaction_options_universal.compression_size_percent: -1
2022/02/11-15:32:39.778824 7feacc4dd340 Options.compaction_options_universal.stop_style: kCompactionStopStyleTotalSize
2022/02/11-15:32:39.778825 7feacc4dd340 Options.compaction_options_fifo.max_table_files_size: 1073741824
2022/02/11-15:32:39.778826 7feacc4dd340 Options.compaction_options_fifo.allow_compaction: 0
2022/02/11-15:32:39.778828 7feacc4dd340                   Options.table_properties_collectors: 
2022/02/11-15:32:39.778829 7feacc4dd340                   Options.inplace_update_support: 0
2022/02/11-15:32:39.778829 7feacc4dd340                 Options.inplace_update_num_locks: 10000
2022/02/11-15:32:39.778830 7feacc4dd340               Options.memtable_prefix_bloom_size_ratio: 0.000000
2022/02/11-15:32:39.778831 7feacc4dd340               Options.memtable_whole_key_filtering: 0
2022/02/11-15:32:39.778831 7feacc4dd340   Options.memtable_huge_page_size: 0
2022/02/11-15:32:39.778832 7feacc4dd340                           Options.bloom_locality: 0
2022/02/11-15:32:39.778832 7feacc4dd340                    Options.max_successive_merges: 0
2022/02/11-15:32:39.778833 7feacc4dd340                Options.optimize_filters_for_hits: 0
2022/02/11-15:32:39.778833 7feacc4dd340                Options.paranoid_file_checks: 0
2022/02/11-15:32:39.778834 7feacc4dd340                Options.force_consistency_checks: 1
2022/02/11-15:32:39.778834 7feacc4dd340                Options.report_bg_io_stats: 0
2022/02/11-15:32:39.778835 7feacc4dd340                               Options.ttl: 2592000
2022/02/11-15:32:39.778836 7feacc4dd340          Options.periodic_compaction_seconds: 0
2022/02/11-15:32:39.778836 7feacc4dd340                    Options.enable_blob_files: false
2022/02/11-15:32:39.778837 7feacc4dd340                        Options.min_blob_size: 0
2022/02/11-15:32:39.778837 7feacc4dd340                       Options.blob_file_size: 268435456
2022/02/11-15:32:39.778838 7feacc4dd340                Options.blob_compression_type: NoCompression
2022/02/11-15:32:39.778838 7feacc4dd340       Options.enable_blob_garbage_collection: false
2022/02/11-15:32:39.778839 7feacc4dd340   Options.blob_garbage_collection_age_cutoff: 0.250000
2022/02/11-15:32:39.778873 7feacc4dd340 [db/column_family.cc:596] --------------- Options for column family [pending_orders]:
2022/02/11-15:32:39.778874 7feacc4dd340               Options.comparator: leveldb.BytewiseComparator
2022/02/11-15:32:39.778874 7feacc4dd340           Options.merge_operator: None
2022/02/11-15:32:39.778875 7feacc4dd340        Options.compaction_filter: None
2022/02/11-15:32:39.778875 7feacc4dd340        Options.compaction_filter_factory: None
2022/02/11-15:32:39.778876 7feacc4dd340  Options.sst_partitioner_factory: None
2022/02/11-15:32:39.778876 7feacc4dd340         Options.memtable_factory: SkipListFactory
2022/02/11-15:32:39.778877 7feacc4dd340            Options.table_factory: BlockBasedTable
2022/02/11-15:32:39.778891 7feacc4dd340            table_factory options:   flush_block_policy_factory: FlushBlockBySizePolicyFactory (0x5639e36cfaf0)
  cache_index_and_filter_blocks: 0
  cache_index_and_filter_blocks_with_high_priority: 1
  pin_l0_filter_and_index_blocks_in_cache: 0
  pin_top_level_index_and_filter: 1
  index_type: 0
  data_block_index_type: 0
  index_shortening: 1
  data_block_hash_table_util_ratio: 0.750000
  hash_index_allow_collision: 1
  checksum: 1
  no_block_cache: 0
  block_cache: 0x5639e36cfb40
  block_cache_name: LRUCache
  block_cache_options:
    capacity : 8388608
    num_shard_bits : 4
    strict_capacity_limit : 0
    memory_allocator : None
    high_pri_pool_ratio: 0.000
  block_cache_compressed: (nil)
  persistent_cache: (nil)
  block_size: 4096
  block_size_deviation: 10
  block_restart_interval: 16
  index_block_restart_interval: 1
  metadata_block_size: 4096
  partition_filters: 0
  use_delta_encoding: 1
  filter_policy: nullptr
  whole_key_filtering: 1
  verify_compression: 0
  read_amp_bytes_per_bit: 0
  format_version: 5
  enable_index_compression: 1
  block_align: 0
2022/02/11-15:32:39.778895 7feacc4dd340        Options.write_buffer_size: 67108864
2022/02/11-15:32:39.778895 7feacc4dd340  Options.max_write_buffer_number: 2
2022/02/11-15:32:39.778896 7feacc4dd340          Options.compression: Snappy
2022/02/11-15:32:39.778896 7feacc4dd340                  Options.bottommost_compression: Disabled
2022/02/11-15:32:39.778897 7feacc4dd340       Options.prefix_extractor: nullptr
2022/02/11-15:32:39.778897 7feacc4dd340   Options.memtable_insert_with_hint_prefix_extractor: nullptr
2022/02/11-15:32:39.778898 7feacc4dd340             Options.num_levels: 7
2022/02/11-15:32:39.778898 7feacc4dd340        Options.min_write_buffer_number_to_merge: 1
2022/02/11-15:32:39.778899 7feacc4dd340     Options.max_write_buffer_number_to_maintain: 0
2022/02/11-15:32:39.778899 7feacc4dd340     Options.max_write_buffer_size_to_maintain: 0
2022/02/11-15:32:39.778900 7feacc4dd340            Options.bottommost_compression_opts.window_bits: -14
2022/02/11-15:32:39.778900 7feacc4dd340                  Options.bottommost_compression_opts.level: 32767
2022/02/11-15:32:39.778901 7feacc4dd340               Options.bottommost_compression_opts.strategy: 0
2022/02/11-15:32:39.778901 7feacc4dd340         Options.bottommost_compression_opts.max_dict_bytes: 0
2022/02/11-15:32:39.778902 7feacc4dd340         Options.bottommost_compression_opts.zstd_max_train_bytes: 0
2022/02/11-15:32:39.778902 7feacc4dd340         Options.bottommost_compression_opts.parallel_threads: 1
2022/02/11-15:32:39.778903 7feacc4dd340                  Options.bottommost_compression_opts.enabled: false
2022/02/11-15:32:39.778903 7feacc4dd340         Options.bottommost_compression_opts.max_dict_buffer_bytes: 0
2022/02/11-15:32:39.778904 7feacc4dd340            Options.compression_opts.window_bits: -14
2022/02/11-15:32:39.778904 7feacc4dd340                  Options.compression_opts.level: 32767
2022/02/11-15:32:39.778905 7feacc4dd340               Options.compression_opts.strategy: 0
2022/02/11-15:32:39.778905 7feacc4dd340         Options.compression_opts.max_dict_bytes: 0
2022/02/11-15:32:39.778906 7feacc4dd340         Options.compression_opts.zstd_max_train_bytes: 0
2022/02/11-15:32:39.778906 7feacc4dd340         Options.compression_opts.parallel_threads: 1
2022/02/11-15:32:39.778906 7feacc4dd340                  Options.compression_opts.enabled: false
2022/02/11-15:32:39.778907 7feacc4dd340         Options.compression_opts.max_dict_buffer_bytes: 0
2022/02/11-15:32:39.778907 7feacc4dd340      Options.level0_file_num_compaction_trigger: 4
2022/02/11-15:32:39.778908 7feacc4dd340          Options.level0_slowdown_writes_trigger: 20
2022/02/11-15:32:39.778908 7feacc4dd340              Options.level0_stop_writes_trigger: 36
2022/02/11-15:32:39.778909 7feacc4dd340                   Options.target_file_size_base: 67108864
2022/02/11-15:32:39.778909 7feacc4dd340             Options.target_file_size_multiplier: 1
2022/02/11-15:32:39.778910 7feacc4dd340                Options.max_bytes_for_level_base: 268435456
2022/02/11-15:32:39.778910 7feacc4dd340 Options.level_compaction_dynamic_level_bytes: 0
2022/02/11-15:32:39.778911 7feacc4dd340          Options.max_bytes_for_level_multiplier: 10.000000
2022/02/11-15:32:39.778912 7feacc4dd340 Options.max_bytes_for_level_multiplier_addtl[0]: 1
2022/02/11-15:32:39.778912 7feacc4dd340 Options.max_bytes_for_level_multiplier_addtl[1]: 1
2022/02/11-15:32:39.778913 7feacc4dd340 Options.max_bytes_for_level_multiplier_addtl[2]: 1
2022/02/11-15:32:39.778913 7feacc4dd340 Options.max_bytes_for_level_multiplier_addtl[3]: 1
2022/02/11-15:32:39.778914 7feacc4dd340 Options.max_bytes_for_level_multiplier_addtl[4]: 1
2022/02/11-15:32:39.778914 7feacc4dd340 Options.max_bytes_for_level_multiplier_addtl[5]: 1
2022/02/11-15:32:39.778915 7feacc4dd340 Options.max_bytes_for_level_multiplier_addtl[6]: 1
2022/02/11-15:32:39.778915 7feacc4dd340       Options.max_sequential_skip_in_iterations: 8
2022/02/11-15:32:39.778916 7feacc4dd340                    Options.max_compaction_bytes: 1677721600
2022/02/11-15:32:39.778916 7feacc4dd340                        Options.arena_block_size: 8388608
2022/02/11-15:32:39.778919 7feacc4dd340   Options.soft_pending_compaction_bytes_limit: 68719476736
2022/02/11-15:32:39.778920 7feacc4dd340   Options.hard_pending_compaction_bytes_limit: 274877906944
2022/02/11-15:32:39.778920 7feacc4dd340       Options.rate_limit_delay_max_milliseconds: 100
2022/02/11-15:32:39.778921 7feacc4dd340                Options.disable_auto_compactions: 0
2022/02/11-15:32:39.778921 7feacc4dd340                        Options.compaction_style: kCompactionStyleLevel
2022/02/11-15:32:39.778922 7feacc4dd340                          Options.compaction_pri: kMinOverlappingRatio
2022/02/11-15:32:39.778922 7feacc4dd340 Options.compaction_options_universal.size_ratio: 1
2022/02/11-15:32:39.778923 7feacc4dd340 Options.compaction_options_universal.min_merge_width: 2
2022/02/11-15:32:39.778923 7feacc4dd340 Options.compaction_options_universal.max_merge_width: 4294967295
2022/02/11-15:32:39.778924 7feacc4dd340 Options.compaction_options_universal.max_size_amplification_percent: 200
2022/02/11-15:32:39.778924 7feacc4dd340 Options.compaction_options_universal.compression_size_percent: -1
2022/02/11-15:32:39.778925 7feacc4dd340 Options.compaction_options_universal.stop_style: kCompactionStopStyleTotalSize
2022/02/11-15:32:39.778925 7feacc4dd340 Options.compaction_options_fifo.max_table_files_size: 1073741824
2022/02/11-15:32:39.778926 7feacc4dd340 Options.compaction_options_fifo.allow_compaction: 0
2022/02/11-15:32:39.778926 7feacc4dd340                   Options.table_properties_collectors: 
2022/02/11-15:32:39.778927 7feacc4dd340                   Options.inplace_update_support: 0
2022/02/11-15:32:39.778928 7feacc4dd340                 Options.inplace_update_num_locks: 10000
2022/02/11-15:32:39.778928 7feacc4dd340               Options.memtable_prefix_bloom_size_ratio: 0.000000
2022/02/11-15:32:39.778929 7feacc4dd340               Options.memtable_whole_key_filtering: 0
2022/02/11-15:32:39.778929 7feacc4dd340   Options.memtable_huge_page_size: 0
2022/02/11-15:32:39.778930 7feacc4dd340                           Options.bloom_locality: 0
2022/02/11-15:32:39.778930 7feacc4dd340                    Options.max_successive_merges: 0
2022/02/11-15:32:39.778931 7feacc4dd340                Options.optimize_filters_for_hits: 0
2022/02/11-15:32:39.778931 7feacc4dd340                Options.paranoid_file_checks: 0
2022/02/11-15:32:39.778932 7feacc4dd340                Options.force_consistency_checks: 1
2022/02/11-15:32:39.778932 7feacc4dd340                Options.report_bg_io_stats: 0
2022/02/11-15:32:39.778932 7feacc4dd340                               Options.ttl: 2592000
2022/02/11-15:32:39.778933 7feacc4dd340          Options.periodic_compaction_seconds: 0
2022/02/11-15:32:39.778933 7feacc4dd340                    Options.enable_blob_files: false
2022/02/11-15:32:39.778934 7feacc4dd340                        Options.min_blob_size: 0
2022/02/11-15:32:39.778934 7feacc4dd340                       Options.blob_file_size: 268435456
2022/02/11-15:32:39.778935 7feacc4dd340                Options.blob_compression_type: NoCompression
2022/02/11-15:32:39.778935 7feacc4dd340       Options.enable_blob_garbage_collection: false
2022/02/11-15:32:39.778936 7feacc4dd340   Options.blob_garbage_collection_age_cutoff: 0.250000
2022/02/11-15:32:39.778956 7feacc4dd340 [db/column_family.cc:596] --------------- Options for column family [certificates]:
2022/02/11-15:32:39.778957 7feacc4dd340               Options.comparator: leveldb.BytewiseComparator
2022/02/11-15:32:39.778958 7feacc4dd340           Options.merge_operator: None
2022/02/11-15:32:39.778958 7feacc4dd340        Options.compaction_filter: None
2022/02/11-15:32:39.778959 7feacc4dd340        Options.compaction_filter_factory: None
2022/02/11-15:32:39.778959 7feacc4dd340  Options.sst_partitioner_factory: None
2022/02/11-15:32:39.778960 7feacc4dd340         Options.memtable_factory: SkipListFactory
2022/02/11-15:32:39.778960 7feacc4dd340            Options.table_factory: BlockBasedTable
2022/02/11-15:32:39.778970 7feacc4dd340            table_factory options:   flush_block_policy_factory: FlushBlockBySizePolicyFactory (0x5639e36cfbe0)
  cache_index_and_filter_blocks: 0
  cache_index_and_filter_blocks_with_high_priority: 1
  pin_l0_filter_and_index_blocks_in_cache: 0
  pin_top_level_index_and_filter: 1
  index_type: 0
  data_block_index_type: 0
  index_shortening: 1
  data_block_hash_table_util_ratio: 0.750000
  hash_index_allow_collision: 1
  checksum: 1
  no_block_cache: 0
  block_cache: 0x5639e36d3a40
  block_cache_name: LRUCache
  block_cache_options:
    capacity : 8388608
    num_shard_bits : 4
    strict_capacity_limit : 0
    memory_allocator : None
    high_pri_pool_ratio: 0.000
  block_cache_compressed: (nil)
  persistent_cache: (nil)
  block_size: 4096
  block_size_deviation: 10
  block_restart_interval: 16
  index_block_restart_interval: 1
  metadata_block_size: 4096
  partition_filters: 0
  use_delta_encoding: 1
  filter_policy: nullptr
  whole_key_filtering: 1
  verify_compression: 0
  read_amp_bytes_per_bit: 0
  format_version: 5
  enable_index_compression: 1
  block_align: 0
2022/02/11-15:32:39.778974 7feacc4dd340        Options.write_buffer_size: 67108864
2022/02/11-15:32:39.778975 7feacc4dd340  Options.max_write_buffer_number: 2
2022/02/11-15:32:39.778975 7feacc4dd340          Options.compression: Snappy
2022/02/11-15:32:39.778976 7feacc4dd340                  Options.bottommost_compression: Disabled
2022/02/11-15:32:39.778976 7feacc4dd340       Options.prefix_extractor: nullptr
2022/02/11-15:32:39.778977 7feacc4dd340   Options.memtable_insert_with_hint_prefix_extractor: nullptr
2022/02/11-15:32:39.778977 7feacc4dd340             Options.num_levels: 7
2022/02/11-15:32:39.778978 7feacc4dd340        Options.min_write_buffer_number_to_merge: 1
2022/02/11-15:32:39.778978 7feacc4dd340     Options.max_write_buffer_number_to_maintain: 0
2022/02/11-15:32:39.778978 7feacc4dd340     Options.max_write_buffer_size_to_maintain: 0
2022/02/11-15:32:39.778979 7feacc4dd340            Options.bottommost_compression_opts.window_bits: -14
2022/02/11-15:32:39.778979 7feacc4dd340                  Options.bottommost_compression_opts.level: 32767
2022/02/11-15:32:39.778980 7feacc4dd340               Options.bottommost_compression_opts.strategy: 0
2022/02/11-15:32:39.778980 7feacc4dd340         Options.bottommost_compression_opts.max_dict_bytes: 0
2022/02/11-15:32:39.778981 7feacc4dd340         Options.bottommost_compression_opts.zstd_max_train_bytes: 0
2022/02/11-15:32:39.778981 7feacc4dd340         Options.bottommost_compression_opts.parallel_threads: 1
2022/02/11-15:32:39.778982 7feacc4dd340                  Options.bottommost_compression_opts.enabled: false
2022/02/11-15:32:39.778982 7feacc4dd340         Options.bottommost_compression_opts.max_dict_buffer_bytes: 0
2022/02/11-15:32:39.778983 7feacc4dd340            Options.compression_opts.window_bits: -14
2022/02/11-15:32:39.778983 7feacc4dd340                  Options.compression_opts.level: 32767
2022/02/11-15:32:39.778984 7feacc4dd340               Options.compression_opts.strategy: 0
2022/02/11-15:32:39.778984 7feacc4dd340         Options.compression_opts.max_dict_bytes: 0
2022/02/11-15:32:39.778985 7feacc4dd340         Options.compression_opts.zstd_max_train_bytes: 0
2022/02/11-15:32:39.778985 7feacc4dd340         Options.compression_opts.parallel_threads: 1
2022/02/11-15:32:39.778986 7feacc4dd340                  Options.compression_opts.enabled: false
2022/02/11-15:32:39.778986 7feacc4dd340         Options.compression_opts.max_dict_buffer_bytes: 0
2022/02/11-15:32:39.778987 7feacc4dd340      Options.level0_file_num_compaction_trigger: 4
2022/02/11-15:32:39.778987 7feacc4dd340          Options.level0_slowdown_writes_trigger: 20
2022/02/11-15:32:39.778988 7feacc4dd340              Options.level0_stop_writes_trigger: 36
2022/02/11-15:32:39.778988 7feacc4dd340                   Options.target_file_size_base: 67108864
2022/02/11-15:32:39.778988 7feacc4dd340             Options.target_file_size_multiplier: 1
2022/02/11-15:32:39.778989 7feacc4dd340                Options.max_bytes_for_level_base: 268435456
2022/02/11-15:32:39.778992 7feacc4dd340 Options.level_compaction_dynamic_level_bytes: 0
2022/02/11-15:32:39.778993 7feacc4dd340          Options.max_bytes_for_level_multiplier: 10.000000
2022/02/11-15:32:39.778993 7feacc4dd340 Options.max_bytes_for_level_multiplier_addtl[0]: 1
2022/02/11-15:32:39.778994 7feacc4dd340 Options.max_bytes_for_level_multiplier_addtl[1]: 1
2022/02/11-15:32:39.778994 7feacc4dd340 Options.max_bytes_for_level_multiplier_addtl[2]: 1
2022/02/11-15:32:39.778995 7feacc4dd340 Options.max_bytes_for_level_multiplier_addtl[3]: 1
2022/02/11-15:32:39.778995 7feacc4dd340 Options.max_bytes_for_level_multiplier_addtl[4]: 1
2022/02/11-15:32:39.778996 7feacc4dd340 Options.max_bytes_for_level_multiplier_addtl[5]: 1
2022/02/11-15:32:39.778996 7feacc4dd340 Options.max_bytes_for_level_multiplier_addtl[6]: 1
2022/02/11-15:32:39.778997 7feacc4dd340       Options.max_sequential_skip_in_iterations: 8
2022/02/11-15:32:39.778997 7feacc4dd340                    Options.max_compaction_bytes: 1677721600
2022/02/11-15:32:39.778998 7feacc4dd340                        Options.arena_block_size: 8388608
2022/02/11-15:32:39.778998 7feacc4dd340   Options.soft_pending_compaction_bytes_limit: 68719476736
2022/02/11-15:32:39.778999 7feacc4dd340   Options.hard_pending_compaction_bytes_limit: 274877906944
2022/02/11-15:32:39.778999 7feacc4dd340       Options.rate_limit_delay_max_milliseconds: 100
2022/02/11-15:32:39.779000 7feacc4dd340                Options.disable_auto_compactions: 0
2022/02/11-15:32:39.779000 7feacc4dd340                        Options.compaction_style: kCompactionStyleLevel
2022/02/11-15:32:39.779001 7feacc4dd340                          Options.compaction_pri: kMinOverlappingRatio
2022/02/11-15:32:39.779001 7feacc4dd340 Options.compaction_options_universal.size_ratio: 1
2022/02/11-15:32:39.779002 7feacc4dd340 Options.compaction_options_universal.min_merge_width: 2
2022/02/11-15:32:39.779002 7feacc4dd340 Options.compaction_options_universal.max_merge_width: 4294967295
2022/02/11-15:32:39.779003 7feacc4dd340 Options.compaction_options_universal.max_size_amplification_percent: 200
2022/02/11-15:32:39.779003 7feacc4dd340 Options.compaction_options_universal.compression_size_percent: -1
2022/02/11-15:32:39.779004 7feacc4dd340 Options.compaction_options_universal.stop_style: kCompactionStopStyleTotalSize
2022/02/11-15:32:39.779004 7feacc4dd340 Options.compaction_options_fifo.max_table_files_size: 1073741824
2022/02/11-15:32:39.779005 7feacc4dd340 Options.compaction_options_fifo.allow_compaction: 0
2022/02/11-15:32:39.779006 7feacc4dd340                   Options.table_properties_collectors: 
2022/02/11-15:32:39.779006 7feacc4dd340                   Options.inplace_update_support: 0
2022/02/11-15:32:39.779007 7feacc4dd340                 Options.inplace_update_num_locks: 10000
2022/02/11-15:32:39.779007 7feacc4dd340               Options.memtable_prefix_bloom_size_ratio: 0.000000
2022/02/11-15:32:39.779008 7feacc4dd340               Options.memtable_whole_key_filtering: 0
2022/02/11-15:32:39.779008 7feacc4dd340   Options.memtable_huge_page_size: 0
2022/02/11-15:32:39.779009 7feacc4dd340                           Options.bloom_locality: 0
2022/02/11-15:32:39.779009 7feacc4dd340                    Options.max_successive_merges: 0
2022/02/11-15:32:39.779010 7feacc4dd340                Options.optimize_filters_for_hits: 0
2022/02/11-15:32:39.779010 7feacc4dd340                Options.paranoid_file_checks: 0
2022/02/11-15:32:39.779011 7feacc4dd340                Options.force_consistency_checks: 1
2022/02/11-15:32:39.779011 7feacc4dd340                Options.report_bg_io_stats: 0
2022/02/11-15:32:39.779012 7feacc4dd340                               Options.ttl: 2592000
2022/02/11-15:32:39.779012 7feacc4dd340          Options.periodic_compaction_seconds: 0
2022/02/11-15:32:39.779013 7feacc4dd340                    Options.enable_blob_files: false
2022/02/11-15:32:39.779013 7feacc4dd340                        Options.min_blob_size: 0
2022/02/11-15:32:39.779014 7feacc4dd340                       Options.blob_file_size: 268435456
2022/02/11-15:32:39.779017 7feacc4dd340                Options.blob_compression_type: NoCompression
2022/02/11-15:32:39.779018 7feacc4dd340       Options.enable_blob_garbage_collection: false
2022/02/11-15:32:39.779019 7feacc4dd340   Options.blob_garbage_collection_age_cutoff: 0.250000
2022/02/11-15:32:39.779042 7feacc4dd340 [db/column_family.cc:596] --------------- Options for column family [object_certs]:
2022/02/11-15:32:39.779043 7feacc4dd340               Options.comparator: leveldb.BytewiseComparator
2022/02/11-15:32:39.779043 7feacc4dd340           Options.merge_operator: None
2022/02/11-15:32:39.779044 7feacc4dd340        Options.compaction_filter: None
2022/02/11-15:32:39.779044 7feacc4dd340        Options.compaction_filter_factory: None
2022/02/11-15:32:39.779045 7feacc4dd340  Options.sst_partitioner_factory: None
2022/02/11-15:32:39.779045 7feacc4dd340         Options.memtable_factory: SkipListFactory
2022/02/11-15:32:39.779046 7feacc4dd340            Options.table_factory: BlockBasedTable
2022/02/11-15:32:39.779053 7feacc4dd340            table_factory options:   flush_block_policy_factory: FlushBlockBySizePolicyFactory (0x5639e36d56c0)
  cache_index_and_filter_blocks: 0
  cache_index_and_filter_blocks_with_high_priority: 1
  pin_l0_filter_and_index_blocks_in_cache: 0
  pin_top_level_index_and_filter: 1
  index_type: 0
  data_block_index_type: 0
  index_shortening: 1
  data_block_hash_table_util_ratio: 0.750000
  hash_index_allow_collision: 1
  checksum: 1
  no_block_cache: 0
  block_cache: 0x5639e36d5710
  block_cache_name: LRUCache
  block_cache_options:
    capacity : 8388608
    num_shard_bits : 4
    strict_capacity_limit : 0
    memory_allocator : None
    high_pri_pool_ratio: 0.000
  block_cache_compressed: (nil)
  persistent_cache: (nil)
  block_size: 4096
  block_size_deviation: 10
  block_restart_interval: 16
  index_block_restart_interval: 1
  metadata_block_size: 4096
  partition_filters: 0
  use_delta_encoding: 1
  filter_policy: nullptr
  whole_key_filtering: 1
  verify_compression: 0
  read_amp_bytes_per_bit: 0
  format_version: 5
  enable_index_compression: 1
  block_align: 0
2022/02/11-15:32:39.779054 7feacc4dd340        Options.write_buffer_size: 67108864
2022/02/11-15:32:39.779055 7feacc4dd340  Options.max_write_buffer_number: 2
2022/02/11-15:32:39.779055 7feacc4dd340          Options.compression: Snappy
2022/02/11-15:32:39.779056 7feacc4dd340                  Options.bottommost_compression: Disabled
2022/02/11-15:32:39.779056 7feacc4dd340       Options.prefix_extractor: nullptr
2022/02/11-15:32:39.779057 7feacc4dd340   Options.memtable_insert_with_hint_prefix_extractor: nullptr
2022/02/11-15:32:39.779057 7feacc4dd340             Options.num_levels: 7
2022/02/11-15:32:39.779058 7feacc4dd340        Options.min_write_buffer_number_to_merge: 1
2022/02/11-15:32:39.779058 7feacc4dd340     Options.max_write_buffer_number_to_maintain: 0
2022/02/11-15:32:39.779059 7feacc4dd340     Options.max_write_buffer_size_to_maintain: 0
