2022/02/11-15:32:40.455174 7f40ee4f4340 RocksDB version: 6.20.3
2022/02/11-15:32:40.455205 7f40ee4f4340 Git sha 8608d75d85f8e1b3b64b73a4fb6d19baec61ba5c
2022/02/11-15:32:40.455206 7f40ee4f4340 Compile date 2021-05-05 20:35:30
2022/02/11-15:32:40.455230 7f40ee4f4340 DB SUMMARY
2022/02/11-15:32:40.455230 7f40ee4f4340 DB Session ID:  55TZ3UQSDWS1IUXTZL9J
2022/02/11-15:32:40.455250 7f40ee4f4340 CURRENT file:  CURRENT
2022/02/11-15:32:40.455250 7f40ee4f4340 IDENTITY file:  IDENTITY
2022/02/11-15:32:40.455252 7f40ee4f4340 MANIFEST file:  MANIFEST-000123 size: 2259 Bytes
2022/02/11-15:32:40.455253 7f40ee4f4340 SST files in ./client_db/k#84ed1352d9c5e0335252cbc8fb2dccc29d0601ad3c4f8fb07eca02be1472b4af dir, Total Num: 11, files: 000037.sst 000038.sst 000039.sst 000040.sst 000056.sst 000057.sst 000058.sst 000059.sst 000075.sst 
2022/02/11-15:32:40.455254 7f40ee4f4340 Write Ahead Log file in ./client_db/k#84ed1352d9c5e0335252cbc8fb2dccc29d0601ad3c4f8fb07eca02be1472b4af: 000124.log size: 1154 ; 
2022/02/11-15:32:40.455255 7f40ee4f4340                         Options.error_if_exists: 0
2022/02/11-15:32:40.455256 7f40ee4f4340                       Options.create_if_missing: 1
2022/02/11-15:32:40.455256 7f40ee4f4340                         Options.paranoid_checks: 1
2022/02/11-15:32:40.455257 7f40ee4f4340                               Options.track_and_verify_wals_in_manifest: 0
2022/02/11-15:32:40.455257 7f40ee4f4340                                     Options.env: 0x56248e2e0420
2022/02/11-15:32:40.455258 7f40ee4f4340                                      Options.fs: Posix File System
2022/02/11-15:32:40.455259 7f40ee4f4340                                Options.info_log: 0x56248e5b66a0
2022/02/11-15:32:40.455259 7f40ee4f4340                Options.max_file_opening_threads: 16
2022/02/11-15:32:40.455260 7f40ee4f4340                              Options.statistics: (nil)
2022/02/11-15:32:40.455261 7f40ee4f4340                               Options.use_fsync: 0
2022/02/11-15:32:40.455261 7f40ee4f4340                       Options.max_log_file_size: 0
2022/02/11-15:32:40.455261 7f40ee4f4340                  Options.max_manifest_file_size: 1073741824
2022/02/11-15:32:40.455262 7f40ee4f4340                   Options.log_file_time_to_roll: 0
2022/02/11-15:32:40.455262 7f40ee4f4340                       Options.keep_log_file_num: 1000
2022/02/11-15:32:40.455263 7f40ee4f4340                    Options.recycle_log_file_num: 0
2022/02/11-15:32:40.455263 7f40ee4f4340                         Options.allow_fallocate: 1
2022/02/11-15:32:40.455264 7f40ee4f4340                        Options.allow_mmap_reads: 0
2022/02/11-15:32:40.455264 7f40ee4f4340                       Options.allow_mmap_writes: 0
2022/02/11-15:32:40.455265 7f40ee4f4340                        Options.use_direct_reads: 0
2022/02/11-15:32:40.455265 7f40ee4f4340                        Options.use_direct_io_for_flush_and_compaction: 0
2022/02/11-15:32:40.455266 7f40ee4f4340          Options.create_missing_column_families: 1
2022/02/11-15:32:40.455266 7f40ee4f4340                              Options.db_log_dir: 
2022/02/11-15:32:40.455267 7f40ee4f4340                                 Options.wal_dir: ./client_db/k#84ed1352d9c5e0335252cbc8fb2dccc29d0601ad3c4f8fb07eca02be1472b4af
2022/02/11-15:32:40.455267 7f40ee4f4340                Options.table_cache_numshardbits: 6
2022/02/11-15:32:40.455267 7f40ee4f4340                         Options.WAL_ttl_seconds: 0
2022/02/11-15:32:40.455268 7f40ee4f4340                       Options.WAL_size_limit_MB: 0
2022/02/11-15:32:40.455268 7f40ee4f4340                        Options.max_write_batch_group_size_bytes: 1048576
2022/02/11-15:32:40.455269 7f40ee4f4340             Options.manifest_preallocation_size: 4194304
2022/02/11-15:32:40.455269 7f40ee4f4340                     Options.is_fd_close_on_exec: 1
2022/02/11-15:32:40.455270 7f40ee4f4340                   Options.advise_random_on_open: 1
2022/02/11-15:32:40.455270 7f40ee4f4340                    Options.db_write_buffer_size: 0
2022/02/11-15:32:40.455271 7f40ee4f4340                    Options.write_buffer_manager: 0x56248e5b8340
2022/02/11-15:32:40.455271 7f40ee4f4340         Options.access_hint_on_compaction_start: 1
2022/02/11-15:32:40.455276 7f40ee4f4340  Options.new_table_reader_for_compaction_inputs: 0
2022/02/11-15:32:40.455277 7f40ee4f4340           Options.random_access_max_buffer_size: 1048576
2022/02/11-15:32:40.455277 7f40ee4f4340                      Options.use_adaptive_mutex: 0
2022/02/11-15:32:40.455278 7f40ee4f4340                            Options.rate_limiter: (nil)
2022/02/11-15:32:40.455279 7f40ee4f4340     Options.sst_file_manager.rate_bytes_per_sec: 0
2022/02/11-15:32:40.455279 7f40ee4f4340                       Options.wal_recovery_mode: 2
2022/02/11-15:32:40.455279 7f40ee4f4340                  Options.enable_thread_tracking: 0
2022/02/11-15:32:40.455280 7f40ee4f4340                  Options.enable_pipelined_write: 0
2022/02/11-15:32:40.455280 7f40ee4f4340                  Options.unordered_write: 0
2022/02/11-15:32:40.455281 7f40ee4f4340         Options.allow_concurrent_memtable_write: 1
2022/02/11-15:32:40.455281 7f40ee4f4340      Options.enable_write_thread_adaptive_yield: 1
2022/02/11-15:32:40.455282 7f40ee4f4340             Options.write_thread_max_yield_usec: 100
2022/02/11-15:32:40.455282 7f40ee4f4340            Options.write_thread_slow_yield_usec: 3
2022/02/11-15:32:40.455283 7f40ee4f4340                               Options.row_cache: None
2022/02/11-15:32:40.455283 7f40ee4f4340                              Options.wal_filter: None
2022/02/11-15:32:40.455284 7f40ee4f4340             Options.avoid_flush_during_recovery: 0
2022/02/11-15:32:40.455284 7f40ee4f4340             Options.allow_ingest_behind: 0
2022/02/11-15:32:40.455284 7f40ee4f4340             Options.preserve_deletes: 0
2022/02/11-15:32:40.455285 7f40ee4f4340             Options.two_write_queues: 0
2022/02/11-15:32:40.455285 7f40ee4f4340             Options.manual_wal_flush: 0
2022/02/11-15:32:40.455286 7f40ee4f4340             Options.atomic_flush: 0
2022/02/11-15:32:40.455286 7f40ee4f4340             Options.avoid_unnecessary_blocking_io: 0
2022/02/11-15:32:40.455287 7f40ee4f4340                 Options.persist_stats_to_disk: 0
2022/02/11-15:32:40.455287 7f40ee4f4340                 Options.write_dbid_to_manifest: 0
2022/02/11-15:32:40.455287 7f40ee4f4340                 Options.log_readahead_size: 0
2022/02/11-15:32:40.455288 7f40ee4f4340                 Options.file_checksum_gen_factory: Unknown
2022/02/11-15:32:40.455288 7f40ee4f4340                 Options.best_efforts_recovery: 0
2022/02/11-15:32:40.455289 7f40ee4f4340                Options.max_bgerror_resume_count: 2147483647
2022/02/11-15:32:40.455289 7f40ee4f4340            Options.bgerror_resume_retry_interval: 1000000
2022/02/11-15:32:40.455290 7f40ee4f4340             Options.allow_data_in_errors: 0
2022/02/11-15:32:40.455290 7f40ee4f4340             Options.db_host_id: __hostname__
2022/02/11-15:32:40.455291 7f40ee4f4340             Options.max_background_jobs: 2
2022/02/11-15:32:40.455291 7f40ee4f4340             Options.max_background_compactions: -1
2022/02/11-15:32:40.455292 7f40ee4f4340             Options.max_subcompactions: 1
2022/02/11-15:32:40.455292 7f40ee4f4340             Options.avoid_flush_during_shutdown: 0
2022/02/11-15:32:40.455292 7f40ee4f4340           Options.writable_file_max_buffer_size: 1048576
2022/02/11-15:32:40.455293 7f40ee4f4340             Options.delayed_write_rate : 16777216
2022/02/11-15:32:40.455293 7f40ee4f4340             Options.max_total_wal_size: 0
2022/02/11-15:32:40.455294 7f40ee4f4340             Options.delete_obsolete_files_period_micros: 21600000000
2022/02/11-15:32:40.455294 7f40ee4f4340                   Options.stats_dump_period_sec: 600
2022/02/11-15:32:40.455295 7f40ee4f4340                 Options.stats_persist_period_sec: 600
2022/02/11-15:32:40.455296 7f40ee4f4340                 Options.stats_history_buffer_size: 1048576
2022/02/11-15:32:40.455296 7f40ee4f4340                          Options.max_open_files: -1
2022/02/11-15:32:40.455297 7f40ee4f4340                          Options.bytes_per_sync: 0
2022/02/11-15:32:40.455297 7f40ee4f4340                      Options.wal_bytes_per_sync: 0
2022/02/11-15:32:40.455301 7f40ee4f4340                   Options.strict_bytes_per_sync: 0
2022/02/11-15:32:40.455302 7f40ee4f4340       Options.compaction_readahead_size: 0
2022/02/11-15:32:40.455302 7f40ee4f4340                  Options.max_background_flushes: -1
2022/02/11-15:32:40.455303 7f40ee4f4340 Compression algorithms supported:
2022/02/11-15:32:40.455303 7f40ee4f4340 	kZSTDNotFinalCompression supported: 1
2022/02/11-15:32:40.455304 7f40ee4f4340 	kZSTD supported: 1
2022/02/11-15:32:40.455304 7f40ee4f4340 	kXpressCompression supported: 0
2022/02/11-15:32:40.455305 7f40ee4f4340 	kLZ4HCCompression supported: 1
2022/02/11-15:32:40.455305 7f40ee4f4340 	kLZ4Compression supported: 1
2022/02/11-15:32:40.455306 7f40ee4f4340 	kBZip2Compression supported: 1
2022/02/11-15:32:40.455306 7f40ee4f4340 	kZlibCompression supported: 1
2022/02/11-15:32:40.455307 7f40ee4f4340 	kSnappyCompression supported: 1
2022/02/11-15:32:40.455308 7f40ee4f4340 Fast CRC32 supported: Not supported on x86
2022/02/11-15:32:40.455331 7f40ee4f4340 [db/version_set.cc:4626] Recovering from manifest file: ./client_db/k#84ed1352d9c5e0335252cbc8fb2dccc29d0601ad3c4f8fb07eca02be1472b4af/MANIFEST-000123
2022/02/11-15:32:40.455396 7f40ee4f4340 [db/column_family.cc:596] --------------- Options for column family [default]:
2022/02/11-15:32:40.455398 7f40ee4f4340               Options.comparator: leveldb.BytewiseComparator
2022/02/11-15:32:40.455398 7f40ee4f4340           Options.merge_operator: None
2022/02/11-15:32:40.455399 7f40ee4f4340        Options.compaction_filter: None
2022/02/11-15:32:40.455399 7f40ee4f4340        Options.compaction_filter_factory: None
2022/02/11-15:32:40.455400 7f40ee4f4340  Options.sst_partitioner_factory: None
2022/02/11-15:32:40.455400 7f40ee4f4340         Options.memtable_factory: SkipListFactory
2022/02/11-15:32:40.455401 7f40ee4f4340            Options.table_factory: BlockBasedTable
2022/02/11-15:32:40.455417 7f40ee4f4340            table_factory options:   flush_block_policy_factory: FlushBlockBySizePolicyFactory (0x56248e5b6780)
  cache_index_and_filter_blocks: 0
  cache_index_and_filter_blocks_with_high_priority: 1
  pin_l0_filter_and_index_blocks_in_cache: 0
  pin_top_level_index_and_filter: 1
  index_type: 0
  data_block_index_type: 0
  index_shortening: 1
  data_block_hash_table_util_ratio: 0.750000
  hash_index_allow_collision: 1
  checksum: 1
  no_block_cache: 0
  block_cache: 0x56248e5b6220
  block_cache_name: LRUCache
  block_cache_options:
    capacity : 8388608
    num_shard_bits : 4
    strict_capacity_limit : 0
    memory_allocator : None
    high_pri_pool_ratio: 0.000
  block_cache_compressed: (nil)
  persistent_cache: (nil)
  block_size: 4096
  block_size_deviation: 10
  block_restart_interval: 16
  index_block_restart_interval: 1
  metadata_block_size: 4096
  partition_filters: 0
  use_delta_encoding: 1
  filter_policy: nullptr
  whole_key_filtering: 1
  verify_compression: 0
  read_amp_bytes_per_bit: 0
  format_version: 5
  enable_index_compression: 1
  block_align: 0
2022/02/11-15:32:40.455418 7f40ee4f4340        Options.write_buffer_size: 67108864
2022/02/11-15:32:40.455418 7f40ee4f4340  Options.max_write_buffer_number: 2
2022/02/11-15:32:40.455419 7f40ee4f4340          Options.compression: Snappy
2022/02/11-15:32:40.455420 7f40ee4f4340                  Options.bottommost_compression: Disabled
2022/02/11-15:32:40.455420 7f40ee4f4340       Options.prefix_extractor: nullptr
2022/02/11-15:32:40.455420 7f40ee4f4340   Options.memtable_insert_with_hint_prefix_extractor: nullptr
2022/02/11-15:32:40.455421 7f40ee4f4340             Options.num_levels: 7
2022/02/11-15:32:40.455421 7f40ee4f4340        Options.min_write_buffer_number_to_merge: 1
2022/02/11-15:32:40.455422 7f40ee4f4340     Options.max_write_buffer_number_to_maintain: 0
2022/02/11-15:32:40.455422 7f40ee4f4340     Options.max_write_buffer_size_to_maintain: 0
2022/02/11-15:32:40.455423 7f40ee4f4340            Options.bottommost_compression_opts.window_bits: -14
2022/02/11-15:32:40.455423 7f40ee4f4340                  Options.bottommost_compression_opts.level: 32767
2022/02/11-15:32:40.455428 7f40ee4f4340               Options.bottommost_compression_opts.strategy: 0
2022/02/11-15:32:40.455429 7f40ee4f4340         Options.bottommost_compression_opts.max_dict_bytes: 0
2022/02/11-15:32:40.455429 7f40ee4f4340         Options.bottommost_compression_opts.zstd_max_train_bytes: 0
2022/02/11-15:32:40.455430 7f40ee4f4340         Options.bottommost_compression_opts.parallel_threads: 1
2022/02/11-15:32:40.455430 7f40ee4f4340                  Options.bottommost_compression_opts.enabled: false
2022/02/11-15:32:40.455431 7f40ee4f4340         Options.bottommost_compression_opts.max_dict_buffer_bytes: 0
2022/02/11-15:32:40.455431 7f40ee4f4340            Options.compression_opts.window_bits: -14
2022/02/11-15:32:40.455432 7f40ee4f4340                  Options.compression_opts.level: 32767
2022/02/11-15:32:40.455432 7f40ee4f4340               Options.compression_opts.strategy: 0
2022/02/11-15:32:40.455432 7f40ee4f4340         Options.compression_opts.max_dict_bytes: 0
2022/02/11-15:32:40.455433 7f40ee4f4340         Options.compression_opts.zstd_max_train_bytes: 0
2022/02/11-15:32:40.455433 7f40ee4f4340         Options.compression_opts.parallel_threads: 1
2022/02/11-15:32:40.455434 7f40ee4f4340                  Options.compression_opts.enabled: false
2022/02/11-15:32:40.455434 7f40ee4f4340         Options.compression_opts.max_dict_buffer_bytes: 0
2022/02/11-15:32:40.455435 7f40ee4f4340      Options.level0_file_num_compaction_trigger: 4
2022/02/11-15:32:40.455435 7f40ee4f4340          Options.level0_slowdown_writes_trigger: 20
2022/02/11-15:32:40.455436 7f40ee4f4340              Options.level0_stop_writes_trigger: 36
2022/02/11-15:32:40.455436 7f40ee4f4340                   Options.target_file_size_base: 67108864
2022/02/11-15:32:40.455436 7f40ee4f4340             Options.target_file_size_multiplier: 1
2022/02/11-15:32:40.455437 7f40ee4f4340                Options.max_bytes_for_level_base: 268435456
2022/02/11-15:32:40.455437 7f40ee4f4340 Options.level_compaction_dynamic_level_bytes: 0
2022/02/11-15:32:40.455438 7f40ee4f4340          Options.max_bytes_for_level_multiplier: 10.000000
2022/02/11-15:32:40.455439 7f40ee4f4340 Options.max_bytes_for_level_multiplier_addtl[0]: 1
2022/02/11-15:32:40.455440 7f40ee4f4340 Options.max_bytes_for_level_multiplier_addtl[1]: 1
2022/02/11-15:32:40.455440 7f40ee4f4340 Options.max_bytes_for_level_multiplier_addtl[2]: 1
2022/02/11-15:32:40.455441 7f40ee4f4340 Options.max_bytes_for_level_multiplier_addtl[3]: 1
2022/02/11-15:32:40.455441 7f40ee4f4340 Options.max_bytes_for_level_multiplier_addtl[4]: 1
2022/02/11-15:32:40.455442 7f40ee4f4340 Options.max_bytes_for_level_multiplier_addtl[5]: 1
2022/02/11-15:32:40.455442 7f40ee4f4340 Options.max_bytes_for_level_multiplier_addtl[6]: 1
2022/02/11-15:32:40.455443 7f40ee4f4340       Options.max_sequential_skip_in_iterations: 8
2022/02/11-15:32:40.455443 7f40ee4f4340                    Options.max_compaction_bytes: 1677721600
2022/02/11-15:32:40.455443 7f40ee4f4340                        Options.arena_block_size: 8388608
2022/02/11-15:32:40.455444 7f40ee4f4340   Options.soft_pending_compaction_bytes_limit: 68719476736
2022/02/11-15:32:40.455444 7f40ee4f4340   Options.hard_pending_compaction_bytes_limit: 274877906944
2022/02/11-15:32:40.455445 7f40ee4f4340       Options.rate_limit_delay_max_milliseconds: 100
2022/02/11-15:32:40.455445 7f40ee4f4340                Options.disable_auto_compactions: 0
2022/02/11-15:32:40.455446 7f40ee4f4340                        Options.compaction_style: kCompactionStyleLevel
2022/02/11-15:32:40.455447 7f40ee4f4340                          Options.compaction_pri: kMinOverlappingRatio
2022/02/11-15:32:40.455447 7f40ee4f4340 Options.compaction_options_universal.size_ratio: 1
2022/02/11-15:32:40.455448 7f40ee4f4340 Options.compaction_options_universal.min_merge_width: 2
2022/02/11-15:32:40.455448 7f40ee4f4340 Options.compaction_options_universal.max_merge_width: 4294967295
2022/02/11-15:32:40.455449 7f40ee4f4340 Options.compaction_options_universal.max_size_amplification_percent: 200
2022/02/11-15:32:40.455452 7f40ee4f4340 Options.compaction_options_universal.compression_size_percent: -1
2022/02/11-15:32:40.455453 7f40ee4f4340 Options.compaction_options_universal.stop_style: kCompactionStopStyleTotalSize
2022/02/11-15:32:40.455453 7f40ee4f4340 Options.compaction_options_fifo.max_table_files_size: 1073741824
2022/02/11-15:32:40.455454 7f40ee4f4340 Options.compaction_options_fifo.allow_compaction: 0
2022/02/11-15:32:40.455456 7f40ee4f4340                   Options.table_properties_collectors: 
2022/02/11-15:32:40.455456 7f40ee4f4340                   Options.inplace_update_support: 0
2022/02/11-15:32:40.455457 7f40ee4f4340                 Options.inplace_update_num_locks: 10000
2022/02/11-15:32:40.455457 7f40ee4f4340               Options.memtable_prefix_bloom_size_ratio: 0.000000
2022/02/11-15:32:40.455458 7f40ee4f4340               Options.memtable_whole_key_filtering: 0
2022/02/11-15:32:40.455458 7f40ee4f4340   Options.memtable_huge_page_size: 0
2022/02/11-15:32:40.455459 7f40ee4f4340                           Options.bloom_locality: 0
2022/02/11-15:32:40.455459 7f40ee4f4340                    Options.max_successive_merges: 0
2022/02/11-15:32:40.455459 7f40ee4f4340                Options.optimize_filters_for_hits: 0
2022/02/11-15:32:40.455460 7f40ee4f4340                Options.paranoid_file_checks: 0
2022/02/11-15:32:40.455460 7f40ee4f4340                Options.force_consistency_checks: 1
2022/02/11-15:32:40.455461 7f40ee4f4340                Options.report_bg_io_stats: 0
2022/02/11-15:32:40.455461 7f40ee4f4340                               Options.ttl: 2592000
2022/02/11-15:32:40.455462 7f40ee4f4340          Options.periodic_compaction_seconds: 0
2022/02/11-15:32:40.455462 7f40ee4f4340                    Options.enable_blob_files: false
2022/02/11-15:32:40.455463 7f40ee4f4340                        Options.min_blob_size: 0
2022/02/11-15:32:40.455463 7f40ee4f4340                       Options.blob_file_size: 268435456
2022/02/11-15:32:40.455464 7f40ee4f4340                Options.blob_compression_type: NoCompression
2022/02/11-15:32:40.455464 7f40ee4f4340       Options.enable_blob_garbage_collection: false
2022/02/11-15:32:40.455465 7f40ee4f4340   Options.blob_garbage_collection_age_cutoff: 0.250000
2022/02/11-15:32:40.455494 7f40ee4f4340 [db/column_family.cc:596] --------------- Options for column family [pending_orders]:
2022/02/11-15:32:40.455494 7f40ee4f4340               Options.comparator: leveldb.BytewiseComparator
2022/02/11-15:32:40.455495 7f40ee4f4340           Options.merge_operator: None
2022/02/11-15:32:40.455495 7f40ee4f4340        Options.compaction_filter: None
2022/02/11-15:32:40.455496 7f40ee4f4340        Options.compaction_filter_factory: None
2022/02/11-15:32:40.455496 7f40ee4f4340  Options.sst_partitioner_factory: None
2022/02/11-15:32:40.455497 7f40ee4f4340         Options.memtable_factory: SkipListFactory
2022/02/11-15:32:40.455497 7f40ee4f4340            Options.table_factory: BlockBasedTable
2022/02/11-15:32:40.455508 7f40ee4f4340            table_factory options:   flush_block_policy_factory: FlushBlockBySizePolicyFactory (0x56248e5bb9d0)
  cache_index_and_filter_blocks: 0
  cache_index_and_filter_blocks_with_high_priority: 1
  pin_l0_filter_and_index_blocks_in_cache: 0
  pin_top_level_index_and_filter: 1
  index_type: 0
  data_block_index_type: 0
  index_shortening: 1
  data_block_hash_table_util_ratio: 0.750000
  hash_index_allow_collision: 1
  checksum: 1
  no_block_cache: 0
  block_cache: 0x56248e5bba20
  block_cache_name: LRUCache
  block_cache_options:
    capacity : 8388608
    num_shard_bits : 4
    strict_capacity_limit : 0
    memory_allocator : None
    high_pri_pool_ratio: 0.000
  block_cache_compressed: (nil)
  persistent_cache: (nil)
  block_size: 4096
  block_size_deviation: 10
  block_restart_interval: 16
  index_block_restart_interval: 1
  metadata_block_size: 4096
  partition_filters: 0
  use_delta_encoding: 1
  filter_policy: nullptr
  whole_key_filtering: 1
  verify_compression: 0
  read_amp_bytes_per_bit: 0
  format_version: 5
  enable_index_compression: 1
  block_align: 0
2022/02/11-15:32:40.455514 7f40ee4f4340        Options.write_buffer_size: 67108864
2022/02/11-15:32:40.455515 7f40ee4f4340  Options.max_write_buffer_number: 2
2022/02/11-15:32:40.455515 7f40ee4f4340          Options.compression: Snappy
2022/02/11-15:32:40.455516 7f40ee4f4340                  Options.bottommost_compression: Disabled
2022/02/11-15:32:40.455516 7f40ee4f4340       Options.prefix_extractor: nullptr
2022/02/11-15:32:40.455517 7f40ee4f4340   Options.memtable_insert_with_hint_prefix_extractor: nullptr
2022/02/11-15:32:40.455517 7f40ee4f4340             Options.num_levels: 7
2022/02/11-15:32:40.455518 7f40ee4f4340        Options.min_write_buffer_number_to_merge: 1
2022/02/11-15:32:40.455518 7f40ee4f4340     Options.max_write_buffer_number_to_maintain: 0
2022/02/11-15:32:40.455518 7f40ee4f4340     Options.max_write_buffer_size_to_maintain: 0
2022/02/11-15:32:40.455519 7f40ee4f4340            Options.bottommost_compression_opts.window_bits: -14
2022/02/11-15:32:40.455519 7f40ee4f4340                  Options.bottommost_compression_opts.level: 32767
2022/02/11-15:32:40.455520 7f40ee4f4340               Options.bottommost_compression_opts.strategy: 0
2022/02/11-15:32:40.455520 7f40ee4f4340         Options.bottommost_compression_opts.max_dict_bytes: 0
2022/02/11-15:32:40.455521 7f40ee4f4340         Options.bottommost_compression_opts.zstd_max_train_bytes: 0
2022/02/11-15:32:40.455521 7f40ee4f4340         Options.bottommost_compression_opts.parallel_threads: 1
2022/02/11-15:32:40.455522 7f40ee4f4340                  Options.bottommost_compression_opts.enabled: false
2022/02/11-15:32:40.455522 7f40ee4f4340         Options.bottommost_compression_opts.max_dict_buffer_bytes: 0
2022/02/11-15:32:40.455522 7f40ee4f4340            Options.compression_opts.window_bits: -14
2022/02/11-15:32:40.455523 7f40ee4f4340                  Options.compression_opts.level: 32767
2022/02/11-15:32:40.455523 7f40ee4f4340               Options.compression_opts.strategy: 0
2022/02/11-15:32:40.455524 7f40ee4f4340         Options.compression_opts.max_dict_bytes: 0
2022/02/11-15:32:40.455524 7f40ee4f4340         Options.compression_opts.zstd_max_train_bytes: 0
2022/02/11-15:32:40.455525 7f40ee4f4340         Options.compression_opts.parallel_threads: 1
2022/02/11-15:32:40.455525 7f40ee4f4340                  Options.compression_opts.enabled: false
2022/02/11-15:32:40.455526 7f40ee4f4340         Options.compression_opts.max_dict_buffer_bytes: 0
2022/02/11-15:32:40.455526 7f40ee4f4340      Options.level0_file_num_compaction_trigger: 4
2022/02/11-15:32:40.455526 7f40ee4f4340          Options.level0_slowdown_writes_trigger: 20
2022/02/11-15:32:40.455527 7f40ee4f4340              Options.level0_stop_writes_trigger: 36
2022/02/11-15:32:40.455527 7f40ee4f4340                   Options.target_file_size_base: 67108864
2022/02/11-15:32:40.455528 7f40ee4f4340             Options.target_file_size_multiplier: 1
2022/02/11-15:32:40.455528 7f40ee4f4340                Options.max_bytes_for_level_base: 268435456
2022/02/11-15:32:40.455529 7f40ee4f4340 Options.level_compaction_dynamic_level_bytes: 0
2022/02/11-15:32:40.455529 7f40ee4f4340          Options.max_bytes_for_level_multiplier: 10.000000
2022/02/11-15:32:40.455530 7f40ee4f4340 Options.max_bytes_for_level_multiplier_addtl[0]: 1
2022/02/11-15:32:40.455531 7f40ee4f4340 Options.max_bytes_for_level_multiplier_addtl[1]: 1
2022/02/11-15:32:40.455531 7f40ee4f4340 Options.max_bytes_for_level_multiplier_addtl[2]: 1
2022/02/11-15:32:40.455531 7f40ee4f4340 Options.max_bytes_for_level_multiplier_addtl[3]: 1
2022/02/11-15:32:40.455532 7f40ee4f4340 Options.max_bytes_for_level_multiplier_addtl[4]: 1
2022/02/11-15:32:40.455532 7f40ee4f4340 Options.max_bytes_for_level_multiplier_addtl[5]: 1
2022/02/11-15:32:40.455533 7f40ee4f4340 Options.max_bytes_for_level_multiplier_addtl[6]: 1
2022/02/11-15:32:40.455533 7f40ee4f4340       Options.max_sequential_skip_in_iterations: 8
2022/02/11-15:32:40.455534 7f40ee4f4340                    Options.max_compaction_bytes: 1677721600
2022/02/11-15:32:40.455534 7f40ee4f4340                        Options.arena_block_size: 8388608
2022/02/11-15:32:40.455537 7f40ee4f4340   Options.soft_pending_compaction_bytes_limit: 68719476736
2022/02/11-15:32:40.455538 7f40ee4f4340   Options.hard_pending_compaction_bytes_limit: 274877906944
2022/02/11-15:32:40.455538 7f40ee4f4340       Options.rate_limit_delay_max_milliseconds: 100
2022/02/11-15:32:40.455539 7f40ee4f4340                Options.disable_auto_compactions: 0
2022/02/11-15:32:40.455539 7f40ee4f4340                        Options.compaction_style: kCompactionStyleLevel
2022/02/11-15:32:40.455540 7f40ee4f4340                          Options.compaction_pri: kMinOverlappingRatio
2022/02/11-15:32:40.455540 7f40ee4f4340 Options.compaction_options_universal.size_ratio: 1
2022/02/11-15:32:40.455541 7f40ee4f4340 Options.compaction_options_universal.min_merge_width: 2
2022/02/11-15:32:40.455541 7f40ee4f4340 Options.compaction_options_universal.max_merge_width: 4294967295
2022/02/11-15:32:40.455542 7f40ee4f4340 Options.compaction_options_universal.max_size_amplification_percent: 200
2022/02/11-15:32:40.455542 7f40ee4f4340 Options.compaction_options_universal.compression_size_percent: -1
2022/02/11-15:32:40.455543 7f40ee4f4340 Options.compaction_options_universal.stop_style: kCompactionStopStyleTotalSize
2022/02/11-15:32:40.455543 7f40ee4f4340 Options.compaction_options_fifo.max_table_files_size: 1073741824
2022/02/11-15:32:40.455544 7f40ee4f4340 Options.compaction_options_fifo.allow_compaction: 0
2022/02/11-15:32:40.455544 7f40ee4f4340                   Options.table_properties_collectors: 
2022/02/11-15:32:40.455545 7f40ee4f4340                   Options.inplace_update_support: 0
2022/02/11-15:32:40.455545 7f40ee4f4340                 Options.inplace_update_num_locks: 10000
2022/02/11-15:32:40.455546 7f40ee4f4340               Options.memtable_prefix_bloom_size_ratio: 0.000000
2022/02/11-15:32:40.455546 7f40ee4f4340               Options.memtable_whole_key_filtering: 0
2022/02/11-15:32:40.455547 7f40ee4f4340   Options.memtable_huge_page_size: 0
2022/02/11-15:32:40.455547 7f40ee4f4340                           Options.bloom_locality: 0
2022/02/11-15:32:40.455548 7f40ee4f4340                    Options.max_successive_merges: 0
2022/02/11-15:32:40.455548 7f40ee4f4340                Options.optimize_filters_for_hits: 0
2022/02/11-15:32:40.455549 7f40ee4f4340                Options.paranoid_file_checks: 0
2022/02/11-15:32:40.455549 7f40ee4f4340                Options.force_consistency_checks: 1
2022/02/11-15:32:40.455550 7f40ee4f4340                Options.report_bg_io_stats: 0
2022/02/11-15:32:40.455550 7f40ee4f4340                               Options.ttl: 2592000
2022/02/11-15:32:40.455550 7f40ee4f4340          Options.periodic_compaction_seconds: 0
2022/02/11-15:32:40.455551 7f40ee4f4340                    Options.enable_blob_files: false
2022/02/11-15:32:40.455551 7f40ee4f4340                        Options.min_blob_size: 0
2022/02/11-15:32:40.455552 7f40ee4f4340                       Options.blob_file_size: 268435456
2022/02/11-15:32:40.455552 7f40ee4f4340                Options.blob_compression_type: NoCompression
2022/02/11-15:32:40.455553 7f40ee4f4340       Options.enable_blob_garbage_collection: false
2022/02/11-15:32:40.455553 7f40ee4f4340   Options.blob_garbage_collection_age_cutoff: 0.250000
2022/02/11-15:32:40.455572 7f40ee4f4340 [db/column_family.cc:596] --------------- Options for column family [certificates]:
2022/02/11-15:32:40.455573 7f40ee4f4340               Options.comparator: leveldb.BytewiseComparator
2022/02/11-15:32:40.455573 7f40ee4f4340           Options.merge_operator: None
2022/02/11-15:32:40.455574 7f40ee4f4340        Options.compaction_filter: None
2022/02/11-15:32:40.455574 7f40ee4f4340        Options.compaction_filter_factory: None
2022/02/11-15:32:40.455575 7f40ee4f4340  Options.sst_partitioner_factory: None
2022/02/11-15:32:40.455575 7f40ee4f4340         Options.memtable_factory: SkipListFactory
2022/02/11-15:32:40.455576 7f40ee4f4340            Options.table_factory: BlockBasedTable
2022/02/11-15:32:40.455583 7f40ee4f4340            table_factory options:   flush_block_policy_factory: FlushBlockBySizePolicyFactory (0x56248e5b9be0)
  cache_index_and_filter_blocks: 0
  cache_index_and_filter_blocks_with_high_priority: 1
  pin_l0_filter_and_index_blocks_in_cache: 0
  pin_top_level_index_and_filter: 1
  index_type: 0
  data_block_index_type: 0
  index_shortening: 1
  data_block_hash_table_util_ratio: 0.750000
  hash_index_allow_collision: 1
  checksum: 1
  no_block_cache: 0
  block_cache: 0x56248e5bdad0
  block_cache_name: LRUCache
  block_cache_options:
    capacity : 8388608
    num_shard_bits : 4
    strict_capacity_limit : 0
    memory_allocator : None
    high_pri_pool_ratio: 0.000
  block_cache_compressed: (nil)
  persistent_cache: (nil)
  block_size: 4096
  block_size_deviation: 10
  block_restart_interval: 16
  index_block_restart_interval: 1
  metadata_block_size: 4096
  partition_filters: 0
  use_delta_encoding: 1
  filter_policy: nullptr
  whole_key_filtering: 1
  verify_compression: 0
  read_amp_bytes_per_bit: 0
  format_version: 5
  enable_index_compression: 1
  block_align: 0
2022/02/11-15:32:40.455590 7f40ee4f4340        Options.write_buffer_size: 67108864
2022/02/11-15:32:40.455591 7f40ee4f4340  Options.max_write_buffer_number: 2
2022/02/11-15:32:40.455591 7f40ee4f4340          Options.compression: Snappy
2022/02/11-15:32:40.455592 7f40ee4f4340                  Options.bottommost_compression: Disabled
2022/02/11-15:32:40.455592 7f40ee4f4340       Options.prefix_extractor: nullptr
2022/02/11-15:32:40.455593 7f40ee4f4340   Options.memtable_insert_with_hint_prefix_extractor: nullptr
2022/02/11-15:32:40.455593 7f40ee4f4340             Options.num_levels: 7
2022/02/11-15:32:40.455593 7f40ee4f4340        Options.min_write_buffer_number_to_merge: 1
2022/02/11-15:32:40.455594 7f40ee4f4340     Options.max_write_buffer_number_to_maintain: 0
2022/02/11-15:32:40.455594 7f40ee4f4340     Options.max_write_buffer_size_to_maintain: 0
2022/02/11-15:32:40.455595 7f40ee4f4340            Options.bottommost_compression_opts.window_bits: -14
2022/02/11-15:32:40.455595 7f40ee4f4340                  Options.bottommost_compression_opts.level: 32767
2022/02/11-15:32:40.455596 7f40ee4f4340               Options.bottommost_compression_opts.strategy: 0
2022/02/11-15:32:40.455596 7f40ee4f4340         Options.bottommost_compression_opts.max_dict_bytes: 0
2022/02/11-15:32:40.455597 7f40ee4f4340         Options.bottommost_compression_opts.zstd_max_train_bytes: 0
2022/02/11-15:32:40.455597 7f40ee4f4340         Options.bottommost_compression_opts.parallel_threads: 1
2022/02/11-15:32:40.455597 7f40ee4f4340                  Options.bottommost_compression_opts.enabled: false
2022/02/11-15:32:40.455598 7f40ee4f4340         Options.bottommost_compression_opts.max_dict_buffer_bytes: 0
2022/02/11-15:32:40.455598 7f40ee4f4340            Options.compression_opts.window_bits: -14
2022/02/11-15:32:40.455599 7f40ee4f4340                  Options.compression_opts.level: 32767
2022/02/11-15:32:40.455599 7f40ee4f4340               Options.compression_opts.strategy: 0
2022/02/11-15:32:40.455600 7f40ee4f4340         Options.compression_opts.max_dict_bytes: 0
2022/02/11-15:32:40.455600 7f40ee4f4340         Options.compression_opts.zstd_max_train_bytes: 0
2022/02/11-15:32:40.455601 7f40ee4f4340         Options.compression_opts.parallel_threads: 1
2022/02/11-15:32:40.455601 7f40ee4f4340                  Options.compression_opts.enabled: false
2022/02/11-15:32:40.455601 7f40ee4f4340         Options.compression_opts.max_dict_buffer_bytes: 0
2022/02/11-15:32:40.455602 7f40ee4f4340      Options.level0_file_num_compaction_trigger: 4
2022/02/11-15:32:40.455602 7f40ee4f4340          Options.level0_slowdown_writes_trigger: 20
2022/02/11-15:32:40.455603 7f40ee4f4340              Options.level0_stop_writes_trigger: 36
2022/02/11-15:32:40.455603 7f40ee4f4340                   Options.target_file_size_base: 67108864
2022/02/11-15:32:40.455604 7f40ee4f4340             Options.target_file_size_multiplier: 1
2022/02/11-15:32:40.455604 7f40ee4f4340                Options.max_bytes_for_level_base: 268435456
2022/02/11-15:32:40.455607 7f40ee4f4340 Options.level_compaction_dynamic_level_bytes: 0
2022/02/11-15:32:40.455607 7f40ee4f4340          Options.max_bytes_for_level_multiplier: 10.000000
2022/02/11-15:32:40.455608 7f40ee4f4340 Options.max_bytes_for_level_multiplier_addtl[0]: 1
2022/02/11-15:32:40.455609 7f40ee4f4340 Options.max_bytes_for_level_multiplier_addtl[1]: 1
2022/02/11-15:32:40.455609 7f40ee4f4340 Options.max_bytes_for_level_multiplier_addtl[2]: 1
2022/02/11-15:32:40.455609 7f40ee4f4340 Options.max_bytes_for_level_multiplier_addtl[3]: 1
2022/02/11-15:32:40.455610 7f40ee4f4340 Options.max_bytes_for_level_multiplier_addtl[4]: 1
2022/02/11-15:32:40.455610 7f40ee4f4340 Options.max_bytes_for_level_multiplier_addtl[5]: 1
2022/02/11-15:32:40.455611 7f40ee4f4340 Options.max_bytes_for_level_multiplier_addtl[6]: 1
2022/02/11-15:32:40.455611 7f40ee4f4340       Options.max_sequential_skip_in_iterations: 8
2022/02/11-15:32:40.455612 7f40ee4f4340                    Options.max_compaction_bytes: 1677721600
2022/02/11-15:32:40.455612 7f40ee4f4340                        Options.arena_block_size: 8388608
2022/02/11-15:32:40.455612 7f40ee4f4340   Options.soft_pending_compaction_bytes_limit: 68719476736
2022/02/11-15:32:40.455613 7f40ee4f4340   Options.hard_pending_compaction_bytes_limit: 274877906944
2022/02/11-15:32:40.455613 7f40ee4f4340       Options.rate_limit_delay_max_milliseconds: 100
2022/02/11-15:32:40.455614 7f40ee4f4340                Options.disable_auto_compactions: 0
2022/02/11-15:32:40.455614 7f40ee4f4340                        Options.compaction_style: kCompactionStyleLevel
2022/02/11-15:32:40.455615 7f40ee4f4340                          Options.compaction_pri: kMinOverlappingRatio
2022/02/11-15:32:40.455615 7f40ee4f4340 Options.compaction_options_universal.size_ratio: 1
2022/02/11-15:32:40.455616 7f40ee4f4340 Options.compaction_options_universal.min_merge_width: 2
2022/02/11-15:32:40.455616 7f40ee4f4340 Options.compaction_options_universal.max_merge_width: 4294967295
2022/02/11-15:32:40.455617 7f40ee4f4340 Options.compaction_options_universal.max_size_amplification_percent: 200
2022/02/11-15:32:40.455617 7f40ee4f4340 Options.compaction_options_universal.compression_size_percent: -1
2022/02/11-15:32:40.455618 7f40ee4f4340 Options.compaction_options_universal.stop_style: kCompactionStopStyleTotalSize
2022/02/11-15:32:40.455618 7f40ee4f4340 Options.compaction_options_fifo.max_table_files_size: 1073741824
2022/02/11-15:32:40.455618 7f40ee4f4340 Options.compaction_options_fifo.allow_compaction: 0
2022/02/11-15:32:40.455619 7f40ee4f4340                   Options.table_properties_collectors: 
2022/02/11-15:32:40.455620 7f40ee4f4340                   Options.inplace_update_support: 0
2022/02/11-15:32:40.455620 7f40ee4f4340                 Options.inplace_update_num_locks: 10000
2022/02/11-15:32:40.455621 7f40ee4f4340               Options.memtable_prefix_bloom_size_ratio: 0.000000
2022/02/11-15:32:40.455621 7f40ee4f4340               Options.memtable_whole_key_filtering: 0
2022/02/11-15:32:40.455622 7f40ee4f4340   Options.memtable_huge_page_size: 0
2022/02/11-15:32:40.455622 7f40ee4f4340                           Options.bloom_locality: 0
2022/02/11-15:32:40.455623 7f40ee4f4340                    Options.max_successive_merges: 0
2022/02/11-15:32:40.455623 7f40ee4f4340                Options.optimize_filters_for_hits: 0
2022/02/11-15:32:40.455623 7f40ee4f4340                Options.paranoid_file_checks: 0
2022/02/11-15:32:40.455624 7f40ee4f4340                Options.force_consistency_checks: 1
2022/02/11-15:32:40.455624 7f40ee4f4340                Options.report_bg_io_stats: 0
2022/02/11-15:32:40.455625 7f40ee4f4340                               Options.ttl: 2592000
2022/02/11-15:32:40.455625 7f40ee4f4340          Options.periodic_compaction_seconds: 0
2022/02/11-15:32:40.455626 7f40ee4f4340                    Options.enable_blob_files: false
2022/02/11-15:32:40.455626 7f40ee4f4340                        Options.min_blob_size: 0
2022/02/11-15:32:40.455627 7f40ee4f4340                       Options.blob_file_size: 268435456
2022/02/11-15:32:40.455630 7f40ee4f4340                Options.blob_compression_type: NoCompression
2022/02/11-15:32:40.455630 7f40ee4f4340       Options.enable_blob_garbage_collection: false
2022/02/11-15:32:40.455631 7f40ee4f4340   Options.blob_garbage_collection_age_cutoff: 0.250000
2022/02/11-15:32:40.455649 7f40ee4f4340 [db/column_family.cc:596] --------------- Options for column family [object_certs]:
2022/02/11-15:32:40.455650 7f40ee4f4340               Options.comparator: leveldb.BytewiseComparator
2022/02/11-15:32:40.455650 7f40ee4f4340           Options.merge_operator: None
2022/02/11-15:32:40.455650 7f40ee4f4340        Options.compaction_filter: None
2022/02/11-15:32:40.455651 7f40ee4f4340        Options.compaction_filter_factory: None
2022/02/11-15:32:40.455651 7f40ee4f4340  Options.sst_partitioner_factory: None
2022/02/11-15:32:40.455652 7f40ee4f4340         Options.memtable_factory: SkipListFactory
2022/02/11-15:32:40.455652 7f40ee4f4340            Options.table_factory: BlockBasedTable
2022/02/11-15:32:40.455660 7f40ee4f4340            table_factory options:   flush_block_policy_factory: FlushBlockBySizePolicyFactory (0x56248e5bf750)
  cache_index_and_filter_blocks: 0
  cache_index_and_filter_blocks_with_high_priority: 1
  pin_l0_filter_and_index_blocks_in_cache: 0
  pin_top_level_index_and_filter: 1
  index_type: 0
  data_block_index_type: 0
  index_shortening: 1
  data_block_hash_table_util_ratio: 0.750000
  hash_index_allow_collision: 1
  checksum: 1
  no_block_cache: 0
  block_cache: 0x56248e5bf7a0
  block_cache_name: LRUCache
  block_cache_options:
    capacity : 8388608
    num_shard_bits : 4
    strict_capacity_limit : 0
    memory_allocator : None
    high_pri_pool_ratio: 0.000
  block_cache_compressed: (nil)
  persistent_cache: (nil)
  block_size: 4096
  block_size_deviation: 10
  block_restart_interval: 16
  index_block_restart_interval: 1
  metadata_block_size: 4096
  partition_filters: 0
  use_delta_encoding: 1
  filter_policy: nullptr
  whole_key_filtering: 1
  verify_compression: 0
  read_amp_bytes_per_bit: 0
  format_version: 5
  enable_index_compression: 1
  block_align: 0
2022/02/11-15:32:40.455661 7f40ee4f4340        Options.write_buffer_size: 67108864
2022/02/11-15:32:40.455662 7f40ee4f4340  Options.max_write_buffer_number: 2
2022/02/11-15:32:40.455662 7f40ee4f4340          Options.compression: Snappy
2022/02/11-15:32:40.455662 7f40ee4f4340                  Options.bottommost_compression: Disabled
2022/02/11-15:32:40.455663 7f40ee4f4340       Options.prefix_extractor: nullptr
2022/02/11-15:32:40.455663 7f40ee4f4340   Options.memtable_insert_with_hint_prefix_extractor: nullptr
2022/02/11-15:32:40.455664 7f40ee4f4340             Options.num_levels: 7
2022/02/11-15:32:40.455664 7f40ee4f4340        Options.min_write_buffer_number_to_merge: 1
2022/02/11-15:32:40.455665 7f40ee4f4340     Options.max_write_buffer_number_to_maintain: 0
2022/02/11-15:32:40.455665 7f40ee4f4340     Options.max_write_buffer_size_to_maintain: 0
