2022/02/11-15:32:39.156361 7fd8dabf0340 RocksDB version: 6.20.3
2022/02/11-15:32:39.156406 7fd8dabf0340 Git sha 8608d75d85f8e1b3b64b73a4fb6d19baec61ba5c
2022/02/11-15:32:39.156408 7fd8dabf0340 Compile date 2021-05-05 20:35:30
2022/02/11-15:32:39.156441 7fd8dabf0340 DB SUMMARY
2022/02/11-15:32:39.156442 7fd8dabf0340 DB Session ID:  0YZAR7VM3FIFH88L5B05
2022/02/11-15:32:39.156471 7fd8dabf0340 CURRENT file:  CURRENT
2022/02/11-15:32:39.156472 7fd8dabf0340 IDENTITY file:  IDENTITY
2022/02/11-15:32:39.156475 7fd8dabf0340 MANIFEST file:  MANIFEST-000091 size: 1828 Bytes
2022/02/11-15:32:39.156476 7fd8dabf0340 SST files in ./client_db/k#84ed1352d9c5e0335252cbc8fb2dccc29d0601ad3c4f8fb07eca02be1472b4af dir, Total Num: 9, files: 000037.sst 000038.sst 000039.sst 000040.sst 000056.sst 000057.sst 000058.sst 000059.sst 000075.sst 
2022/02/11-15:32:39.156478 7fd8dabf0340 Write Ahead Log file in ./client_db/k#84ed1352d9c5e0335252cbc8fb2dccc29d0601ad3c4f8fb07eca02be1472b4af: 000092.log size: 1154 ; 
2022/02/11-15:32:39.156479 7fd8dabf0340                         Options.error_if_exists: 0
2022/02/11-15:32:39.156480 7fd8dabf0340                       Options.create_if_missing: 1
2022/02/11-15:32:39.156481 7fd8dabf0340                         Options.paranoid_checks: 1
2022/02/11-15:32:39.156482 7fd8dabf0340                               Options.track_and_verify_wals_in_manifest: 0
2022/02/11-15:32:39.156483 7fd8dabf0340                                     Options.env: 0x55b88c43a420
2022/02/11-15:32:39.156484 7fd8dabf0340                                      Options.fs: Posix File System
2022/02/11-15:32:39.156485 7fd8dabf0340                                Options.info_log: 0x55b88cc366a0
2022/02/11-15:32:39.156486 7fd8dabf0340                Options.max_file_opening_threads: 16
2022/02/11-15:32:39.156487 7fd8dabf0340                              Options.statistics: (nil)
2022/02/11-15:32:39.156488 7fd8dabf0340                               Options.use_fsync: 0
2022/02/11-15:32:39.156489 7fd8dabf0340                       Options.max_log_file_size: 0
2022/02/11-15:32:39.156489 7fd8dabf0340                  Options.max_manifest_file_size: 1073741824
2022/02/11-15:32:39.156490 7fd8dabf0340                   Options.log_file_time_to_roll: 0
2022/02/11-15:32:39.156491 7fd8dabf0340                       Options.keep_log_file_num: 1000
2022/02/11-15:32:39.156492 7fd8dabf0340                    Options.recycle_log_file_num: 0
2022/02/11-15:32:39.156492 7fd8dabf0340                         Options.allow_fallocate: 1
2022/02/11-15:32:39.156493 7fd8dabf0340                        Options.allow_mmap_reads: 0
2022/02/11-15:32:39.156494 7fd8dabf0340                       Options.allow_mmap_writes: 0
2022/02/11-15:32:39.156495 7fd8dabf0340                        Options.use_direct_reads: 0
2022/02/11-15:32:39.156495 7fd8dabf0340                        Options.use_direct_io_for_flush_and_compaction: 0
2022/02/11-15:32:39.156496 7fd8dabf0340          Options.create_missing_column_families: 1
2022/02/11-15:32:39.156497 7fd8dabf0340                              Options.db_log_dir: 
2022/02/11-15:32:39.156497 7fd8dabf0340                                 Options.wal_dir: ./client_db/k#84ed1352d9c5e0335252cbc8fb2dccc29d0601ad3c4f8fb07eca02be1472b4af
2022/02/11-15:32:39.156498 7fd8dabf0340                Options.table_cache_numshardbits: 6
2022/02/11-15:32:39.156499 7fd8dabf0340                         Options.WAL_ttl_seconds: 0
2022/02/11-15:32:39.156499 7fd8dabf0340                       Options.WAL_size_limit_MB: 0
2022/02/11-15:32:39.156500 7fd8dabf0340                        Options.max_write_batch_group_size_bytes: 1048576
2022/02/11-15:32:39.156501 7fd8dabf0340             Options.manifest_preallocation_size: 4194304
2022/02/11-15:32:39.156502 7fd8dabf0340                     Options.is_fd_close_on_exec: 1
2022/02/11-15:32:39.156502 7fd8dabf0340                   Options.advise_random_on_open: 1
2022/02/11-15:32:39.156503 7fd8dabf0340                    Options.db_write_buffer_size: 0
2022/02/11-15:32:39.156504 7fd8dabf0340                    Options.write_buffer_manager: 0x55b88ccb2560
2022/02/11-15:32:39.156504 7fd8dabf0340         Options.access_hint_on_compaction_start: 1
2022/02/11-15:32:39.156514 7fd8dabf0340  Options.new_table_reader_for_compaction_inputs: 0
2022/02/11-15:32:39.156515 7fd8dabf0340           Options.random_access_max_buffer_size: 1048576
2022/02/11-15:32:39.156516 7fd8dabf0340                      Options.use_adaptive_mutex: 0
2022/02/11-15:32:39.156516 7fd8dabf0340                            Options.rate_limiter: (nil)
2022/02/11-15:32:39.156518 7fd8dabf0340     Options.sst_file_manager.rate_bytes_per_sec: 0
2022/02/11-15:32:39.156518 7fd8dabf0340                       Options.wal_recovery_mode: 2
2022/02/11-15:32:39.156519 7fd8dabf0340                  Options.enable_thread_tracking: 0
2022/02/11-15:32:39.156520 7fd8dabf0340                  Options.enable_pipelined_write: 0
2022/02/11-15:32:39.156520 7fd8dabf0340                  Options.unordered_write: 0
2022/02/11-15:32:39.156521 7fd8dabf0340         Options.allow_concurrent_memtable_write: 1
2022/02/11-15:32:39.156522 7fd8dabf0340      Options.enable_write_thread_adaptive_yield: 1
2022/02/11-15:32:39.156522 7fd8dabf0340             Options.write_thread_max_yield_usec: 100
2022/02/11-15:32:39.156523 7fd8dabf0340            Options.write_thread_slow_yield_usec: 3
2022/02/11-15:32:39.156524 7fd8dabf0340                               Options.row_cache: None
2022/02/11-15:32:39.156525 7fd8dabf0340                              Options.wal_filter: None
2022/02/11-15:32:39.156526 7fd8dabf0340             Options.avoid_flush_during_recovery: 0
2022/02/11-15:32:39.156527 7fd8dabf0340             Options.allow_ingest_behind: 0
2022/02/11-15:32:39.156527 7fd8dabf0340             Options.preserve_deletes: 0
2022/02/11-15:32:39.156528 7fd8dabf0340             Options.two_write_queues: 0
2022/02/11-15:32:39.156529 7fd8dabf0340             Options.manual_wal_flush: 0
2022/02/11-15:32:39.156530 7fd8dabf0340             Options.atomic_flush: 0
2022/02/11-15:32:39.156531 7fd8dabf0340             Options.avoid_unnecessary_blocking_io: 0
2022/02/11-15:32:39.156531 7fd8dabf0340                 Options.persist_stats_to_disk: 0
2022/02/11-15:32:39.156532 7fd8dabf0340                 Options.write_dbid_to_manifest: 0
2022/02/11-15:32:39.156533 7fd8dabf0340                 Options.log_readahead_size: 0
2022/02/11-15:32:39.156534 7fd8dabf0340                 Options.file_checksum_gen_factory: Unknown
2022/02/11-15:32:39.156534 7fd8dabf0340                 Options.best_efforts_recovery: 0
2022/02/11-15:32:39.156535 7fd8dabf0340                Options.max_bgerror_resume_count: 2147483647
2022/02/11-15:32:39.156536 7fd8dabf0340            Options.bgerror_resume_retry_interval: 1000000
2022/02/11-15:32:39.156536 7fd8dabf0340             Options.allow_data_in_errors: 0
2022/02/11-15:32:39.156537 7fd8dabf0340             Options.db_host_id: __hostname__
2022/02/11-15:32:39.156538 7fd8dabf0340             Options.max_background_jobs: 2
2022/02/11-15:32:39.156538 7fd8dabf0340             Options.max_background_compactions: -1
2022/02/11-15:32:39.156539 7fd8dabf0340             Options.max_subcompactions: 1
2022/02/11-15:32:39.156540 7fd8dabf0340             Options.avoid_flush_during_shutdown: 0
2022/02/11-15:32:39.156541 7fd8dabf0340           Options.writable_file_max_buffer_size: 1048576
2022/02/11-15:32:39.156541 7fd8dabf0340             Options.delayed_write_rate : 16777216
2022/02/11-15:32:39.156542 7fd8dabf0340             Options.max_total_wal_size: 0
2022/02/11-15:32:39.156543 7fd8dabf0340             Options.delete_obsolete_files_period_micros: 21600000000
2022/02/11-15:32:39.156543 7fd8dabf0340                   Options.stats_dump_period_sec: 600
2022/02/11-15:32:39.156544 7fd8dabf0340                 Options.stats_persist_period_sec: 600
2022/02/11-15:32:39.156545 7fd8dabf0340                 Options.stats_history_buffer_size: 1048576
2022/02/11-15:32:39.156546 7fd8dabf0340                          Options.max_open_files: -1
2022/02/11-15:32:39.156546 7fd8dabf0340                          Options.bytes_per_sync: 0
2022/02/11-15:32:39.156558 7fd8dabf0340                      Options.wal_bytes_per_sync: 0
2022/02/11-15:32:39.156565 7fd8dabf0340                   Options.strict_bytes_per_sync: 0
2022/02/11-15:32:39.156566 7fd8dabf0340       Options.compaction_readahead_size: 0
2022/02/11-15:32:39.156567 7fd8dabf0340                  Options.max_background_flushes: -1
2022/02/11-15:32:39.156568 7fd8dabf0340 Compression algorithms supported:
2022/02/11-15:32:39.156569 7fd8dabf0340 	kZSTDNotFinalCompression supported: 1
2022/02/11-15:32:39.156571 7fd8dabf0340 	kZSTD supported: 1
2022/02/11-15:32:39.156572 7fd8dabf0340 	kXpressCompression supported: 0
2022/02/11-15:32:39.156572 7fd8dabf0340 	kLZ4HCCompression supported: 1
2022/02/11-15:32:39.156573 7fd8dabf0340 	kLZ4Compression supported: 1
2022/02/11-15:32:39.156574 7fd8dabf0340 	kBZip2Compression supported: 1
2022/02/11-15:32:39.156575 7fd8dabf0340 	kZlibCompression supported: 1
2022/02/11-15:32:39.156576 7fd8dabf0340 	kSnappyCompression supported: 1
2022/02/11-15:32:39.156577 7fd8dabf0340 Fast CRC32 supported: Not supported on x86
2022/02/11-15:32:39.156617 7fd8dabf0340 [db/version_set.cc:4626] Recovering from manifest file: ./client_db/k#84ed1352d9c5e0335252cbc8fb2dccc29d0601ad3c4f8fb07eca02be1472b4af/MANIFEST-000091
2022/02/11-15:32:39.156770 7fd8dabf0340 [db/column_family.cc:596] --------------- Options for column family [default]:
2022/02/11-15:32:39.156774 7fd8dabf0340               Options.comparator: leveldb.BytewiseComparator
2022/02/11-15:32:39.156775 7fd8dabf0340           Options.merge_operator: None
2022/02/11-15:32:39.156776 7fd8dabf0340        Options.compaction_filter: None
2022/02/11-15:32:39.156777 7fd8dabf0340        Options.compaction_filter_factory: None
2022/02/11-15:32:39.156778 7fd8dabf0340  Options.sst_partitioner_factory: None
2022/02/11-15:32:39.156778 7fd8dabf0340         Options.memtable_factory: SkipListFactory
2022/02/11-15:32:39.156779 7fd8dabf0340            Options.table_factory: BlockBasedTable
2022/02/11-15:32:39.156805 7fd8dabf0340            table_factory options:   flush_block_policy_factory: FlushBlockBySizePolicyFactory (0x55b88cc36780)
  cache_index_and_filter_blocks: 0
  cache_index_and_filter_blocks_with_high_priority: 1
  pin_l0_filter_and_index_blocks_in_cache: 0
  pin_top_level_index_and_filter: 1
  index_type: 0
  data_block_index_type: 0
  index_shortening: 1
  data_block_hash_table_util_ratio: 0.750000
  hash_index_allow_collision: 1
  checksum: 1
  no_block_cache: 0
  block_cache: 0x55b88cc36220
  block_cache_name: LRUCache
  block_cache_options:
    capacity : 8388608
    num_shard_bits : 4
    strict_capacity_limit : 0
    memory_allocator : None
    high_pri_pool_ratio: 0.000
  block_cache_compressed: (nil)
  persistent_cache: (nil)
  block_size: 4096
  block_size_deviation: 10
  block_restart_interval: 16
  index_block_restart_interval: 1
  metadata_block_size: 4096
  partition_filters: 0
  use_delta_encoding: 1
  filter_policy: nullptr
  whole_key_filtering: 1
  verify_compression: 0
  read_amp_bytes_per_bit: 0
  format_version: 5
  enable_index_compression: 1
  block_align: 0
2022/02/11-15:32:39.156806 7fd8dabf0340        Options.write_buffer_size: 67108864
2022/02/11-15:32:39.156807 7fd8dabf0340  Options.max_write_buffer_number: 2
2022/02/11-15:32:39.156808 7fd8dabf0340          Options.compression: Snappy
2022/02/11-15:32:39.156808 7fd8dabf0340                  Options.bottommost_compression: Disabled
2022/02/11-15:32:39.156809 7fd8dabf0340       Options.prefix_extractor: nullptr
2022/02/11-15:32:39.156810 7fd8dabf0340   Options.memtable_insert_with_hint_prefix_extractor: nullptr
2022/02/11-15:32:39.156811 7fd8dabf0340             Options.num_levels: 7
2022/02/11-15:32:39.156811 7fd8dabf0340        Options.min_write_buffer_number_to_merge: 1
2022/02/11-15:32:39.156812 7fd8dabf0340     Options.max_write_buffer_number_to_maintain: 0
2022/02/11-15:32:39.156813 7fd8dabf0340     Options.max_write_buffer_size_to_maintain: 0
2022/02/11-15:32:39.156814 7fd8dabf0340            Options.bottommost_compression_opts.window_bits: -14
2022/02/11-15:32:39.156815 7fd8dabf0340                  Options.bottommost_compression_opts.level: 32767
2022/02/11-15:32:39.156825 7fd8dabf0340               Options.bottommost_compression_opts.strategy: 0
2022/02/11-15:32:39.156826 7fd8dabf0340         Options.bottommost_compression_opts.max_dict_bytes: 0
2022/02/11-15:32:39.156827 7fd8dabf0340         Options.bottommost_compression_opts.zstd_max_train_bytes: 0
2022/02/11-15:32:39.156828 7fd8dabf0340         Options.bottommost_compression_opts.parallel_threads: 1
2022/02/11-15:32:39.156829 7fd8dabf0340                  Options.bottommost_compression_opts.enabled: false
2022/02/11-15:32:39.156830 7fd8dabf0340         Options.bottommost_compression_opts.max_dict_buffer_bytes: 0
2022/02/11-15:32:39.156831 7fd8dabf0340            Options.compression_opts.window_bits: -14
2022/02/11-15:32:39.156832 7fd8dabf0340                  Options.compression_opts.level: 32767
2022/02/11-15:32:39.156832 7fd8dabf0340               Options.compression_opts.strategy: 0
2022/02/11-15:32:39.156833 7fd8dabf0340         Options.compression_opts.max_dict_bytes: 0
2022/02/11-15:32:39.156834 7fd8dabf0340         Options.compression_opts.zstd_max_train_bytes: 0
2022/02/11-15:32:39.156835 7fd8dabf0340         Options.compression_opts.parallel_threads: 1
2022/02/11-15:32:39.156835 7fd8dabf0340                  Options.compression_opts.enabled: false
2022/02/11-15:32:39.156836 7fd8dabf0340         Options.compression_opts.max_dict_buffer_bytes: 0
2022/02/11-15:32:39.156837 7fd8dabf0340      Options.level0_file_num_compaction_trigger: 4
2022/02/11-15:32:39.156838 7fd8dabf0340          Options.level0_slowdown_writes_trigger: 20
2022/02/11-15:32:39.156839 7fd8dabf0340              Options.level0_stop_writes_trigger: 36
2022/02/11-15:32:39.156839 7fd8dabf0340                   Options.target_file_size_base: 67108864
2022/02/11-15:32:39.156840 7fd8dabf0340             Options.target_file_size_multiplier: 1
2022/02/11-15:32:39.156841 7fd8dabf0340                Options.max_bytes_for_level_base: 268435456
2022/02/11-15:32:39.156842 7fd8dabf0340 Options.level_compaction_dynamic_level_bytes: 0
2022/02/11-15:32:39.156842 7fd8dabf0340          Options.max_bytes_for_level_multiplier: 10.000000
2022/02/11-15:32:39.156845 7fd8dabf0340 Options.max_bytes_for_level_multiplier_addtl[0]: 1
2022/02/11-15:32:39.156846 7fd8dabf0340 Options.max_bytes_for_level_multiplier_addtl[1]: 1
2022/02/11-15:32:39.156846 7fd8dabf0340 Options.max_bytes_for_level_multiplier_addtl[2]: 1
2022/02/11-15:32:39.156847 7fd8dabf0340 Options.max_bytes_for_level_multiplier_addtl[3]: 1
2022/02/11-15:32:39.156848 7fd8dabf0340 Options.max_bytes_for_level_multiplier_addtl[4]: 1
2022/02/11-15:32:39.156849 7fd8dabf0340 Options.max_bytes_for_level_multiplier_addtl[5]: 1
2022/02/11-15:32:39.156850 7fd8dabf0340 Options.max_bytes_for_level_multiplier_addtl[6]: 1
2022/02/11-15:32:39.156851 7fd8dabf0340       Options.max_sequential_skip_in_iterations: 8
2022/02/11-15:32:39.156851 7fd8dabf0340                    Options.max_compaction_bytes: 1677721600
2022/02/11-15:32:39.156852 7fd8dabf0340                        Options.arena_block_size: 8388608
2022/02/11-15:32:39.156853 7fd8dabf0340   Options.soft_pending_compaction_bytes_limit: 68719476736
2022/02/11-15:32:39.156853 7fd8dabf0340   Options.hard_pending_compaction_bytes_limit: 274877906944
2022/02/11-15:32:39.156854 7fd8dabf0340       Options.rate_limit_delay_max_milliseconds: 100
2022/02/11-15:32:39.156855 7fd8dabf0340                Options.disable_auto_compactions: 0
2022/02/11-15:32:39.156856 7fd8dabf0340                        Options.compaction_style: kCompactionStyleLevel
2022/02/11-15:32:39.156858 7fd8dabf0340                          Options.compaction_pri: kMinOverlappingRatio
2022/02/11-15:32:39.156859 7fd8dabf0340 Options.compaction_options_universal.size_ratio: 1
2022/02/11-15:32:39.156859 7fd8dabf0340 Options.compaction_options_universal.min_merge_width: 2
2022/02/11-15:32:39.156860 7fd8dabf0340 Options.compaction_options_universal.max_merge_width: 4294967295
2022/02/11-15:32:39.156861 7fd8dabf0340 Options.compaction_options_universal.max_size_amplification_percent: 200
2022/02/11-15:32:39.156866 7fd8dabf0340 Options.compaction_options_universal.compression_size_percent: -1
2022/02/11-15:32:39.156867 7fd8dabf0340 Options.compaction_options_universal.stop_style: kCompactionStopStyleTotalSize
2022/02/11-15:32:39.156868 7fd8dabf0340 Options.compaction_options_fifo.max_table_files_size: 1073741824
2022/02/11-15:32:39.156869 7fd8dabf0340 Options.compaction_options_fifo.allow_compaction: 0
2022/02/11-15:32:39.156874 7fd8dabf0340                   Options.table_properties_collectors: 
2022/02/11-15:32:39.156875 7fd8dabf0340                   Options.inplace_update_support: 0
2022/02/11-15:32:39.156876 7fd8dabf0340                 Options.inplace_update_num_locks: 10000
2022/02/11-15:32:39.156876 7fd8dabf0340               Options.memtable_prefix_bloom_size_ratio: 0.000000
2022/02/11-15:32:39.156877 7fd8dabf0340               Options.memtable_whole_key_filtering: 0
2022/02/11-15:32:39.156878 7fd8dabf0340   Options.memtable_huge_page_size: 0
2022/02/11-15:32:39.156879 7fd8dabf0340                           Options.bloom_locality: 0
2022/02/11-15:32:39.156880 7fd8dabf0340                    Options.max_successive_merges: 0
2022/02/11-15:32:39.156880 7fd8dabf0340                Options.optimize_filters_for_hits: 0
2022/02/11-15:32:39.156881 7fd8dabf0340                Options.paranoid_file_checks: 0
2022/02/11-15:32:39.156882 7fd8dabf0340                Options.force_consistency_checks: 1
2022/02/11-15:32:39.156883 7fd8dabf0340                Options.report_bg_io_stats: 0
2022/02/11-15:32:39.156883 7fd8dabf0340                               Options.ttl: 2592000
2022/02/11-15:32:39.156884 7fd8dabf0340          Options.periodic_compaction_seconds: 0
2022/02/11-15:32:39.156885 7fd8dabf0340                    Options.enable_blob_files: false
2022/02/11-15:32:39.156885 7fd8dabf0340                        Options.min_blob_size: 0
2022/02/11-15:32:39.156886 7fd8dabf0340                       Options.blob_file_size: 268435456
2022/02/11-15:32:39.156887 7fd8dabf0340                Options.blob_compression_type: NoCompression
2022/02/11-15:32:39.156888 7fd8dabf0340       Options.enable_blob_garbage_collection: false
2022/02/11-15:32:39.156889 7fd8dabf0340   Options.blob_garbage_collection_age_cutoff: 0.250000
2022/02/11-15:32:39.156974 7fd8dabf0340 [db/column_family.cc:596] --------------- Options for column family [pending_orders]:
2022/02/11-15:32:39.156977 7fd8dabf0340               Options.comparator: leveldb.BytewiseComparator
2022/02/11-15:32:39.156978 7fd8dabf0340           Options.merge_operator: None
2022/02/11-15:32:39.156979 7fd8dabf0340        Options.compaction_filter: None
2022/02/11-15:32:39.156979 7fd8dabf0340        Options.compaction_filter_factory: None
2022/02/11-15:32:39.156980 7fd8dabf0340  Options.sst_partitioner_factory: None
2022/02/11-15:32:39.156981 7fd8dabf0340         Options.memtable_factory: SkipListFactory
2022/02/11-15:32:39.156982 7fd8dabf0340            Options.table_factory: BlockBasedTable
2022/02/11-15:32:39.157006 7fd8dabf0340            table_factory options:   flush_block_policy_factory: FlushBlockBySizePolicyFactory (0x55b88cc3b9d0)
  cache_index_and_filter_blocks: 0
  cache_index_and_filter_blocks_with_high_priority: 1
  pin_l0_filter_and_index_blocks_in_cache: 0
  pin_top_level_index_and_filter: 1
  index_type: 0
  data_block_index_type: 0
  index_shortening: 1
  data_block_hash_table_util_ratio: 0.750000
  hash_index_allow_collision: 1
  checksum: 1
  no_block_cache: 0
  block_cache: 0x55b88cc3ba20
  block_cache_name: LRUCache
  block_cache_options:
    capacity : 8388608
    num_shard_bits : 4
    strict_capacity_limit : 0
    memory_allocator : None
    high_pri_pool_ratio: 0.000
  block_cache_compressed: (nil)
  persistent_cache: (nil)
  block_size: 4096
  block_size_deviation: 10
  block_restart_interval: 16
  index_block_restart_interval: 1
  metadata_block_size: 4096
  partition_filters: 0
  use_delta_encoding: 1
  filter_policy: nullptr
  whole_key_filtering: 1
  verify_compression: 0
  read_amp_bytes_per_bit: 0
  format_version: 5
  enable_index_compression: 1
  block_align: 0
2022/02/11-15:32:39.157021 7fd8dabf0340        Options.write_buffer_size: 67108864
2022/02/11-15:32:39.157022 7fd8dabf0340  Options.max_write_buffer_number: 2
2022/02/11-15:32:39.157022 7fd8dabf0340          Options.compression: Snappy
2022/02/11-15:32:39.157023 7fd8dabf0340                  Options.bottommost_compression: Disabled
2022/02/11-15:32:39.157024 7fd8dabf0340       Options.prefix_extractor: nullptr
2022/02/11-15:32:39.157025 7fd8dabf0340   Options.memtable_insert_with_hint_prefix_extractor: nullptr
2022/02/11-15:32:39.157025 7fd8dabf0340             Options.num_levels: 7
2022/02/11-15:32:39.157026 7fd8dabf0340        Options.min_write_buffer_number_to_merge: 1
2022/02/11-15:32:39.157027 7fd8dabf0340     Options.max_write_buffer_number_to_maintain: 0
2022/02/11-15:32:39.157027 7fd8dabf0340     Options.max_write_buffer_size_to_maintain: 0
2022/02/11-15:32:39.157028 7fd8dabf0340            Options.bottommost_compression_opts.window_bits: -14
2022/02/11-15:32:39.157029 7fd8dabf0340                  Options.bottommost_compression_opts.level: 32767
2022/02/11-15:32:39.157030 7fd8dabf0340               Options.bottommost_compression_opts.strategy: 0
2022/02/11-15:32:39.157031 7fd8dabf0340         Options.bottommost_compression_opts.max_dict_bytes: 0
2022/02/11-15:32:39.157031 7fd8dabf0340         Options.bottommost_compression_opts.zstd_max_train_bytes: 0
2022/02/11-15:32:39.157032 7fd8dabf0340         Options.bottommost_compression_opts.parallel_threads: 1
2022/02/11-15:32:39.157033 7fd8dabf0340                  Options.bottommost_compression_opts.enabled: false
2022/02/11-15:32:39.157034 7fd8dabf0340         Options.bottommost_compression_opts.max_dict_buffer_bytes: 0
2022/02/11-15:32:39.157035 7fd8dabf0340            Options.compression_opts.window_bits: -14
2022/02/11-15:32:39.157036 7fd8dabf0340                  Options.compression_opts.level: 32767
2022/02/11-15:32:39.157086 7fd8dabf0340               Options.compression_opts.strategy: 0
2022/02/11-15:32:39.157087 7fd8dabf0340         Options.compression_opts.max_dict_bytes: 0
2022/02/11-15:32:39.157088 7fd8dabf0340         Options.compression_opts.zstd_max_train_bytes: 0
2022/02/11-15:32:39.157089 7fd8dabf0340         Options.compression_opts.parallel_threads: 1
2022/02/11-15:32:39.157090 7fd8dabf0340                  Options.compression_opts.enabled: false
2022/02/11-15:32:39.157091 7fd8dabf0340         Options.compression_opts.max_dict_buffer_bytes: 0
2022/02/11-15:32:39.157092 7fd8dabf0340      Options.level0_file_num_compaction_trigger: 4
2022/02/11-15:32:39.157093 7fd8dabf0340          Options.level0_slowdown_writes_trigger: 20
2022/02/11-15:32:39.157093 7fd8dabf0340              Options.level0_stop_writes_trigger: 36
2022/02/11-15:32:39.157094 7fd8dabf0340                   Options.target_file_size_base: 67108864
2022/02/11-15:32:39.157095 7fd8dabf0340             Options.target_file_size_multiplier: 1
2022/02/11-15:32:39.157096 7fd8dabf0340                Options.max_bytes_for_level_base: 268435456
2022/02/11-15:32:39.157097 7fd8dabf0340 Options.level_compaction_dynamic_level_bytes: 0
2022/02/11-15:32:39.157097 7fd8dabf0340          Options.max_bytes_for_level_multiplier: 10.000000
2022/02/11-15:32:39.157099 7fd8dabf0340 Options.max_bytes_for_level_multiplier_addtl[0]: 1
2022/02/11-15:32:39.157100 7fd8dabf0340 Options.max_bytes_for_level_multiplier_addtl[1]: 1
2022/02/11-15:32:39.157101 7fd8dabf0340 Options.max_bytes_for_level_multiplier_addtl[2]: 1
2022/02/11-15:32:39.157102 7fd8dabf0340 Options.max_bytes_for_level_multiplier_addtl[3]: 1
2022/02/11-15:32:39.157102 7fd8dabf0340 Options.max_bytes_for_level_multiplier_addtl[4]: 1
2022/02/11-15:32:39.157103 7fd8dabf0340 Options.max_bytes_for_level_multiplier_addtl[5]: 1
2022/02/11-15:32:39.157104 7fd8dabf0340 Options.max_bytes_for_level_multiplier_addtl[6]: 1
2022/02/11-15:32:39.157105 7fd8dabf0340       Options.max_sequential_skip_in_iterations: 8
2022/02/11-15:32:39.157105 7fd8dabf0340                    Options.max_compaction_bytes: 1677721600
2022/02/11-15:32:39.157106 7fd8dabf0340                        Options.arena_block_size: 8388608
2022/02/11-15:32:39.157115 7fd8dabf0340   Options.soft_pending_compaction_bytes_limit: 68719476736
2022/02/11-15:32:39.157116 7fd8dabf0340   Options.hard_pending_compaction_bytes_limit: 274877906944
2022/02/11-15:32:39.157117 7fd8dabf0340       Options.rate_limit_delay_max_milliseconds: 100
2022/02/11-15:32:39.157117 7fd8dabf0340                Options.disable_auto_compactions: 0
2022/02/11-15:32:39.157127 7fd8dabf0340                        Options.compaction_style: kCompactionStyleLevel
2022/02/11-15:32:39.157128 7fd8dabf0340                          Options.compaction_pri: kMinOverlappingRatio
2022/02/11-15:32:39.157129 7fd8dabf0340 Options.compaction_options_universal.size_ratio: 1
2022/02/11-15:32:39.157129 7fd8dabf0340 Options.compaction_options_universal.min_merge_width: 2
2022/02/11-15:32:39.157130 7fd8dabf0340 Options.compaction_options_universal.max_merge_width: 4294967295
2022/02/11-15:32:39.157131 7fd8dabf0340 Options.compaction_options_universal.max_size_amplification_percent: 200
2022/02/11-15:32:39.157132 7fd8dabf0340 Options.compaction_options_universal.compression_size_percent: -1
2022/02/11-15:32:39.157133 7fd8dabf0340 Options.compaction_options_universal.stop_style: kCompactionStopStyleTotalSize
2022/02/11-15:32:39.157134 7fd8dabf0340 Options.compaction_options_fifo.max_table_files_size: 1073741824
2022/02/11-15:32:39.157135 7fd8dabf0340 Options.compaction_options_fifo.allow_compaction: 0
2022/02/11-15:32:39.157138 7fd8dabf0340                   Options.table_properties_collectors: 
2022/02/11-15:32:39.157138 7fd8dabf0340                   Options.inplace_update_support: 0
2022/02/11-15:32:39.157139 7fd8dabf0340                 Options.inplace_update_num_locks: 10000
2022/02/11-15:32:39.157140 7fd8dabf0340               Options.memtable_prefix_bloom_size_ratio: 0.000000
2022/02/11-15:32:39.157142 7fd8dabf0340               Options.memtable_whole_key_filtering: 0
2022/02/11-15:32:39.157143 7fd8dabf0340   Options.memtable_huge_page_size: 0
2022/02/11-15:32:39.157143 7fd8dabf0340                           Options.bloom_locality: 0
2022/02/11-15:32:39.157144 7fd8dabf0340                    Options.max_successive_merges: 0
2022/02/11-15:32:39.157145 7fd8dabf0340                Options.optimize_filters_for_hits: 0
2022/02/11-15:32:39.157146 7fd8dabf0340                Options.paranoid_file_checks: 0
2022/02/11-15:32:39.157147 7fd8dabf0340                Options.force_consistency_checks: 1
2022/02/11-15:32:39.157148 7fd8dabf0340                Options.report_bg_io_stats: 0
2022/02/11-15:32:39.157149 7fd8dabf0340                               Options.ttl: 2592000
2022/02/11-15:32:39.157149 7fd8dabf0340          Options.periodic_compaction_seconds: 0
2022/02/11-15:32:39.157150 7fd8dabf0340                    Options.enable_blob_files: false
2022/02/11-15:32:39.157151 7fd8dabf0340                        Options.min_blob_size: 0
2022/02/11-15:32:39.157152 7fd8dabf0340                       Options.blob_file_size: 268435456
2022/02/11-15:32:39.157152 7fd8dabf0340                Options.blob_compression_type: NoCompression
2022/02/11-15:32:39.157153 7fd8dabf0340       Options.enable_blob_garbage_collection: false
2022/02/11-15:32:39.157154 7fd8dabf0340   Options.blob_garbage_collection_age_cutoff: 0.250000
2022/02/11-15:32:39.157210 7fd8dabf0340 [db/column_family.cc:596] --------------- Options for column family [certificates]:
2022/02/11-15:32:39.157213 7fd8dabf0340               Options.comparator: leveldb.BytewiseComparator
2022/02/11-15:32:39.157214 7fd8dabf0340           Options.merge_operator: None
2022/02/11-15:32:39.157216 7fd8dabf0340        Options.compaction_filter: None
2022/02/11-15:32:39.157217 7fd8dabf0340        Options.compaction_filter_factory: None
2022/02/11-15:32:39.157218 7fd8dabf0340  Options.sst_partitioner_factory: None
2022/02/11-15:32:39.157219 7fd8dabf0340         Options.memtable_factory: SkipListFactory
2022/02/11-15:32:39.157220 7fd8dabf0340            Options.table_factory: BlockBasedTable
2022/02/11-15:32:39.157234 7fd8dabf0340            table_factory options:   flush_block_policy_factory: FlushBlockBySizePolicyFactory (0x55b88cc39be0)
  cache_index_and_filter_blocks: 0
  cache_index_and_filter_blocks_with_high_priority: 1
  pin_l0_filter_and_index_blocks_in_cache: 0
  pin_top_level_index_and_filter: 1
  index_type: 0
  data_block_index_type: 0
  index_shortening: 1
  data_block_hash_table_util_ratio: 0.750000
  hash_index_allow_collision: 1
  checksum: 1
  no_block_cache: 0
  block_cache: 0x55b88cc3da40
  block_cache_name: LRUCache
  block_cache_options:
    capacity : 8388608
    num_shard_bits : 4
    strict_capacity_limit : 0
    memory_allocator : None
    high_pri_pool_ratio: 0.000
  block_cache_compressed: (nil)
  persistent_cache: (nil)
  block_size: 4096
  block_size_deviation: 10
  block_restart_interval: 16
  index_block_restart_interval: 1
  metadata_block_size: 4096
  partition_filters: 0
  use_delta_encoding: 1
  filter_policy: nullptr
  whole_key_filtering: 1
  verify_compression: 0
  read_amp_bytes_per_bit: 0
  format_version: 5
  enable_index_compression: 1
  block_align: 0
2022/02/11-15:32:39.157242 7fd8dabf0340        Options.write_buffer_size: 67108864
2022/02/11-15:32:39.157242 7fd8dabf0340  Options.max_write_buffer_number: 2
2022/02/11-15:32:39.157243 7fd8dabf0340          Options.compression: Snappy
2022/02/11-15:32:39.157244 7fd8dabf0340                  Options.bottommost_compression: Disabled
2022/02/11-15:32:39.157244 7fd8dabf0340       Options.prefix_extractor: nullptr
2022/02/11-15:32:39.157245 7fd8dabf0340   Options.memtable_insert_with_hint_prefix_extractor: nullptr
2022/02/11-15:32:39.157245 7fd8dabf0340             Options.num_levels: 7
2022/02/11-15:32:39.157246 7fd8dabf0340        Options.min_write_buffer_number_to_merge: 1
2022/02/11-15:32:39.157246 7fd8dabf0340     Options.max_write_buffer_number_to_maintain: 0
2022/02/11-15:32:39.157247 7fd8dabf0340     Options.max_write_buffer_size_to_maintain: 0
2022/02/11-15:32:39.157247 7fd8dabf0340            Options.bottommost_compression_opts.window_bits: -14
2022/02/11-15:32:39.157248 7fd8dabf0340                  Options.bottommost_compression_opts.level: 32767
2022/02/11-15:32:39.157248 7fd8dabf0340               Options.bottommost_compression_opts.strategy: 0
2022/02/11-15:32:39.157249 7fd8dabf0340         Options.bottommost_compression_opts.max_dict_bytes: 0
2022/02/11-15:32:39.157249 7fd8dabf0340         Options.bottommost_compression_opts.zstd_max_train_bytes: 0
2022/02/11-15:32:39.157250 7fd8dabf0340         Options.bottommost_compression_opts.parallel_threads: 1
2022/02/11-15:32:39.157250 7fd8dabf0340                  Options.bottommost_compression_opts.enabled: false
2022/02/11-15:32:39.157251 7fd8dabf0340         Options.bottommost_compression_opts.max_dict_buffer_bytes: 0
2022/02/11-15:32:39.157252 7fd8dabf0340            Options.compression_opts.window_bits: -14
2022/02/11-15:32:39.157252 7fd8dabf0340                  Options.compression_opts.level: 32767
2022/02/11-15:32:39.157253 7fd8dabf0340               Options.compression_opts.strategy: 0
2022/02/11-15:32:39.157253 7fd8dabf0340         Options.compression_opts.max_dict_bytes: 0
2022/02/11-15:32:39.157254 7fd8dabf0340         Options.compression_opts.zstd_max_train_bytes: 0
2022/02/11-15:32:39.157254 7fd8dabf0340         Options.compression_opts.parallel_threads: 1
2022/02/11-15:32:39.157255 7fd8dabf0340                  Options.compression_opts.enabled: false
2022/02/11-15:32:39.157255 7fd8dabf0340         Options.compression_opts.max_dict_buffer_bytes: 0
2022/02/11-15:32:39.157256 7fd8dabf0340      Options.level0_file_num_compaction_trigger: 4
2022/02/11-15:32:39.157256 7fd8dabf0340          Options.level0_slowdown_writes_trigger: 20
2022/02/11-15:32:39.157257 7fd8dabf0340              Options.level0_stop_writes_trigger: 36
2022/02/11-15:32:39.157257 7fd8dabf0340                   Options.target_file_size_base: 67108864
2022/02/11-15:32:39.157258 7fd8dabf0340             Options.target_file_size_multiplier: 1
2022/02/11-15:32:39.157258 7fd8dabf0340                Options.max_bytes_for_level_base: 268435456
2022/02/11-15:32:39.157276 7fd8dabf0340 Options.level_compaction_dynamic_level_bytes: 0
2022/02/11-15:32:39.157277 7fd8dabf0340          Options.max_bytes_for_level_multiplier: 10.000000
2022/02/11-15:32:39.157278 7fd8dabf0340 Options.max_bytes_for_level_multiplier_addtl[0]: 1
2022/02/11-15:32:39.157279 7fd8dabf0340 Options.max_bytes_for_level_multiplier_addtl[1]: 1
2022/02/11-15:32:39.157279 7fd8dabf0340 Options.max_bytes_for_level_multiplier_addtl[2]: 1
2022/02/11-15:32:39.157280 7fd8dabf0340 Options.max_bytes_for_level_multiplier_addtl[3]: 1
2022/02/11-15:32:39.157280 7fd8dabf0340 Options.max_bytes_for_level_multiplier_addtl[4]: 1
2022/02/11-15:32:39.157281 7fd8dabf0340 Options.max_bytes_for_level_multiplier_addtl[5]: 1
2022/02/11-15:32:39.157281 7fd8dabf0340 Options.max_bytes_for_level_multiplier_addtl[6]: 1
2022/02/11-15:32:39.157282 7fd8dabf0340       Options.max_sequential_skip_in_iterations: 8
2022/02/11-15:32:39.157282 7fd8dabf0340                    Options.max_compaction_bytes: 1677721600
2022/02/11-15:32:39.157283 7fd8dabf0340                        Options.arena_block_size: 8388608
2022/02/11-15:32:39.157283 7fd8dabf0340   Options.soft_pending_compaction_bytes_limit: 68719476736
2022/02/11-15:32:39.157284 7fd8dabf0340   Options.hard_pending_compaction_bytes_limit: 274877906944
2022/02/11-15:32:39.157284 7fd8dabf0340       Options.rate_limit_delay_max_milliseconds: 100
2022/02/11-15:32:39.157285 7fd8dabf0340                Options.disable_auto_compactions: 0
2022/02/11-15:32:39.157285 7fd8dabf0340                        Options.compaction_style: kCompactionStyleLevel
2022/02/11-15:32:39.157286 7fd8dabf0340                          Options.compaction_pri: kMinOverlappingRatio
2022/02/11-15:32:39.157287 7fd8dabf0340 Options.compaction_options_universal.size_ratio: 1
2022/02/11-15:32:39.157287 7fd8dabf0340 Options.compaction_options_universal.min_merge_width: 2
2022/02/11-15:32:39.157288 7fd8dabf0340 Options.compaction_options_universal.max_merge_width: 4294967295
2022/02/11-15:32:39.157288 7fd8dabf0340 Options.compaction_options_universal.max_size_amplification_percent: 200
2022/02/11-15:32:39.157289 7fd8dabf0340 Options.compaction_options_universal.compression_size_percent: -1
2022/02/11-15:32:39.157289 7fd8dabf0340 Options.compaction_options_universal.stop_style: kCompactionStopStyleTotalSize
2022/02/11-15:32:39.157290 7fd8dabf0340 Options.compaction_options_fifo.max_table_files_size: 1073741824
2022/02/11-15:32:39.157290 7fd8dabf0340 Options.compaction_options_fifo.allow_compaction: 0
2022/02/11-15:32:39.157292 7fd8dabf0340                   Options.table_properties_collectors: 
2022/02/11-15:32:39.157293 7fd8dabf0340                   Options.inplace_update_support: 0
2022/02/11-15:32:39.157293 7fd8dabf0340                 Options.inplace_update_num_locks: 10000
2022/02/11-15:32:39.157294 7fd8dabf0340               Options.memtable_prefix_bloom_size_ratio: 0.000000
2022/02/11-15:32:39.157295 7fd8dabf0340               Options.memtable_whole_key_filtering: 0
2022/02/11-15:32:39.157295 7fd8dabf0340   Options.memtable_huge_page_size: 0
2022/02/11-15:32:39.157296 7fd8dabf0340                           Options.bloom_locality: 0
2022/02/11-15:32:39.157296 7fd8dabf0340                    Options.max_successive_merges: 0
2022/02/11-15:32:39.157297 7fd8dabf0340                Options.optimize_filters_for_hits: 0
2022/02/11-15:32:39.157297 7fd8dabf0340                Options.paranoid_file_checks: 0
2022/02/11-15:32:39.157298 7fd8dabf0340                Options.force_consistency_checks: 1
2022/02/11-15:32:39.157298 7fd8dabf0340                Options.report_bg_io_stats: 0
2022/02/11-15:32:39.157299 7fd8dabf0340                               Options.ttl: 2592000
2022/02/11-15:32:39.157299 7fd8dabf0340          Options.periodic_compaction_seconds: 0
2022/02/11-15:32:39.157300 7fd8dabf0340                    Options.enable_blob_files: false
2022/02/11-15:32:39.157300 7fd8dabf0340                        Options.min_blob_size: 0
2022/02/11-15:32:39.157301 7fd8dabf0340                       Options.blob_file_size: 268435456
2022/02/11-15:32:39.157304 7fd8dabf0340                Options.blob_compression_type: NoCompression
2022/02/11-15:32:39.157305 7fd8dabf0340       Options.enable_blob_garbage_collection: false
2022/02/11-15:32:39.157305 7fd8dabf0340   Options.blob_garbage_collection_age_cutoff: 0.250000
2022/02/11-15:32:39.157372 7fd8dabf0340 [db/column_family.cc:596] --------------- Options for column family [object_certs]:
2022/02/11-15:32:39.157374 7fd8dabf0340               Options.comparator: leveldb.BytewiseComparator
2022/02/11-15:32:39.157375 7fd8dabf0340           Options.merge_operator: None
2022/02/11-15:32:39.157375 7fd8dabf0340        Options.compaction_filter: None
2022/02/11-15:32:39.157376 7fd8dabf0340        Options.compaction_filter_factory: None
2022/02/11-15:32:39.157377 7fd8dabf0340  Options.sst_partitioner_factory: None
2022/02/11-15:32:39.157377 7fd8dabf0340         Options.memtable_factory: SkipListFactory
2022/02/11-15:32:39.157378 7fd8dabf0340            Options.table_factory: BlockBasedTable
2022/02/11-15:32:39.157389 7fd8dabf0340            table_factory options:   flush_block_policy_factory: FlushBlockBySizePolicyFactory (0x55b88cc3f6c0)
  cache_index_and_filter_blocks: 0
  cache_index_and_filter_blocks_with_high_priority: 1
  pin_l0_filter_and_index_blocks_in_cache: 0
  pin_top_level_index_and_filter: 1
  index_type: 0
  data_block_index_type: 0
  index_shortening: 1
  data_block_hash_table_util_ratio: 0.750000
  hash_index_allow_collision: 1
  checksum: 1
  no_block_cache: 0
  block_cache: 0x55b88cc3f710
  block_cache_name: LRUCache
  block_cache_options:
    capacity : 8388608
    num_shard_bits : 4
    strict_capacity_limit : 0
    memory_allocator : None
    high_pri_pool_ratio: 0.000
  block_cache_compressed: (nil)
  persistent_cache: (nil)
  block_size: 4096
  block_size_deviation: 10
  block_restart_interval: 16
  index_block_restart_interval: 1
  metadata_block_size: 4096
  partition_filters: 0
  use_delta_encoding: 1
  filter_policy: nullptr
  whole_key_filtering: 1
  verify_compression: 0
  read_amp_bytes_per_bit: 0
  format_version: 5
  enable_index_compression: 1
  block_align: 0
2022/02/11-15:32:39.157390 7fd8dabf0340        Options.write_buffer_size: 67108864
2022/02/11-15:32:39.157390 7fd8dabf0340  Options.max_write_buffer_number: 2
2022/02/11-15:32:39.157391 7fd8dabf0340          Options.compression: Snappy
2022/02/11-15:32:39.157391 7fd8dabf0340                  Options.bottommost_compression: Disabled
2022/02/11-15:32:39.157392 7fd8dabf0340       Options.prefix_extractor: nullptr
2022/02/11-15:32:39.157392 7fd8dabf0340   Options.memtable_insert_with_hint_prefix_extractor: nullptr
2022/02/11-15:32:39.157393 7fd8dabf0340             Options.num_levels: 7
2022/02/11-15:32:39.157393 7fd8dabf0340        Options.min_write_buffer_number_to_merge: 1
2022/02/11-15:32:39.157394 7fd8dabf0340     Options.max_write_buffer_number_to_maintain: 0
2022/02/11-15:32:39.157394 7fd8dabf0340     Options.max_write_buffer_size_to_maintain: 0
