2022/02/11-15:49:24.412825 7fe45ba6f340 RocksDB version: 6.20.3
2022/02/11-15:49:24.414765 7fe45ba6f340 Git sha 8608d75d85f8e1b3b64b73a4fb6d19baec61ba5c
2022/02/11-15:49:24.414772 7fe45ba6f340 Compile date 2021-05-05 20:35:30
2022/02/11-15:49:24.414855 7fe45ba6f340 DB SUMMARY
2022/02/11-15:49:24.414857 7fe45ba6f340 DB Session ID:  2N7IF9HEBJV5HXU6ZW5Z
2022/02/11-15:49:24.414968 7fe45ba6f340 CURRENT file:  CURRENT
2022/02/11-15:49:24.414970 7fe45ba6f340 IDENTITY file:  IDENTITY
2022/02/11-15:49:24.414973 7fe45ba6f340 MANIFEST file:  MANIFEST-000269 size: 2057 Bytes
2022/02/11-15:49:24.414974 7fe45ba6f340 SST files in ./client_db/k#84ed1352d9c5e0335252cbc8fb2dccc29d0601ad3c4f8fb07eca02be1472b4af dir, Total Num: 9, files: 000037.sst 000039.sst 000040.sst 000056.sst 000058.sst 000059.sst 000240.sst 000250.sst 000266.sst 
2022/02/11-15:49:24.414976 7fe45ba6f340 Write Ahead Log file in ./client_db/k#84ed1352d9c5e0335252cbc8fb2dccc29d0601ad3c4f8fb07eca02be1472b4af: 000270.log size: 1154 ; 
2022/02/11-15:49:24.414977 7fe45ba6f340                         Options.error_if_exists: 0
2022/02/11-15:49:24.414979 7fe45ba6f340                       Options.create_if_missing: 1
2022/02/11-15:49:24.414980 7fe45ba6f340                         Options.paranoid_checks: 1
2022/02/11-15:49:24.414981 7fe45ba6f340                               Options.track_and_verify_wals_in_manifest: 0
2022/02/11-15:49:24.414981 7fe45ba6f340                                     Options.env: 0x559ea3661420
2022/02/11-15:49:24.414983 7fe45ba6f340                                      Options.fs: Posix File System
2022/02/11-15:49:24.414984 7fe45ba6f340                                Options.info_log: 0x559ea474d620
2022/02/11-15:49:24.414984 7fe45ba6f340                Options.max_file_opening_threads: 16
2022/02/11-15:49:24.414985 7fe45ba6f340                              Options.statistics: (nil)
2022/02/11-15:49:24.414987 7fe45ba6f340                               Options.use_fsync: 0
2022/02/11-15:49:24.414987 7fe45ba6f340                       Options.max_log_file_size: 0
2022/02/11-15:49:24.414988 7fe45ba6f340                  Options.max_manifest_file_size: 1073741824
2022/02/11-15:49:24.414989 7fe45ba6f340                   Options.log_file_time_to_roll: 0
2022/02/11-15:49:24.414990 7fe45ba6f340                       Options.keep_log_file_num: 1000
2022/02/11-15:49:24.414991 7fe45ba6f340                    Options.recycle_log_file_num: 0
2022/02/11-15:49:24.414991 7fe45ba6f340                         Options.allow_fallocate: 1
2022/02/11-15:49:24.414992 7fe45ba6f340                        Options.allow_mmap_reads: 0
2022/02/11-15:49:24.414993 7fe45ba6f340                       Options.allow_mmap_writes: 0
2022/02/11-15:49:24.414994 7fe45ba6f340                        Options.use_direct_reads: 0
2022/02/11-15:49:24.414994 7fe45ba6f340                        Options.use_direct_io_for_flush_and_compaction: 0
2022/02/11-15:49:24.414995 7fe45ba6f340          Options.create_missing_column_families: 1
2022/02/11-15:49:24.414996 7fe45ba6f340                              Options.db_log_dir: 
2022/02/11-15:49:24.414997 7fe45ba6f340                                 Options.wal_dir: ./client_db/k#84ed1352d9c5e0335252cbc8fb2dccc29d0601ad3c4f8fb07eca02be1472b4af
2022/02/11-15:49:24.414997 7fe45ba6f340                Options.table_cache_numshardbits: 6
2022/02/11-15:49:24.414998 7fe45ba6f340                         Options.WAL_ttl_seconds: 0
2022/02/11-15:49:24.414998 7fe45ba6f340                       Options.WAL_size_limit_MB: 0
2022/02/11-15:49:24.414999 7fe45ba6f340                        Options.max_write_batch_group_size_bytes: 1048576
2022/02/11-15:49:24.415000 7fe45ba6f340             Options.manifest_preallocation_size: 4194304
2022/02/11-15:49:24.415001 7fe45ba6f340                     Options.is_fd_close_on_exec: 1
2022/02/11-15:49:24.415001 7fe45ba6f340                   Options.advise_random_on_open: 1
2022/02/11-15:49:24.415002 7fe45ba6f340                    Options.db_write_buffer_size: 0
2022/02/11-15:49:24.415003 7fe45ba6f340                    Options.write_buffer_manager: 0x559ea47cbfe0
2022/02/11-15:49:24.415004 7fe45ba6f340         Options.access_hint_on_compaction_start: 1
2022/02/11-15:49:24.415020 7fe45ba6f340  Options.new_table_reader_for_compaction_inputs: 0
2022/02/11-15:49:24.415021 7fe45ba6f340           Options.random_access_max_buffer_size: 1048576
2022/02/11-15:49:24.415022 7fe45ba6f340                      Options.use_adaptive_mutex: 0
2022/02/11-15:49:24.415023 7fe45ba6f340                            Options.rate_limiter: (nil)
2022/02/11-15:49:24.415024 7fe45ba6f340     Options.sst_file_manager.rate_bytes_per_sec: 0
2022/02/11-15:49:24.415025 7fe45ba6f340                       Options.wal_recovery_mode: 2
2022/02/11-15:49:24.415026 7fe45ba6f340                  Options.enable_thread_tracking: 0
2022/02/11-15:49:24.415027 7fe45ba6f340                  Options.enable_pipelined_write: 0
2022/02/11-15:49:24.415027 7fe45ba6f340                  Options.unordered_write: 0
2022/02/11-15:49:24.415028 7fe45ba6f340         Options.allow_concurrent_memtable_write: 1
2022/02/11-15:49:24.415029 7fe45ba6f340      Options.enable_write_thread_adaptive_yield: 1
2022/02/11-15:49:24.415030 7fe45ba6f340             Options.write_thread_max_yield_usec: 100
2022/02/11-15:49:24.415031 7fe45ba6f340            Options.write_thread_slow_yield_usec: 3
2022/02/11-15:49:24.415031 7fe45ba6f340                               Options.row_cache: None
2022/02/11-15:49:24.415032 7fe45ba6f340                              Options.wal_filter: None
2022/02/11-15:49:24.415033 7fe45ba6f340             Options.avoid_flush_during_recovery: 0
2022/02/11-15:49:24.415034 7fe45ba6f340             Options.allow_ingest_behind: 0
2022/02/11-15:49:24.415035 7fe45ba6f340             Options.preserve_deletes: 0
2022/02/11-15:49:24.415035 7fe45ba6f340             Options.two_write_queues: 0
2022/02/11-15:49:24.415036 7fe45ba6f340             Options.manual_wal_flush: 0
2022/02/11-15:49:24.415037 7fe45ba6f340             Options.atomic_flush: 0
2022/02/11-15:49:24.415037 7fe45ba6f340             Options.avoid_unnecessary_blocking_io: 0
2022/02/11-15:49:24.415038 7fe45ba6f340                 Options.persist_stats_to_disk: 0
2022/02/11-15:49:24.415039 7fe45ba6f340                 Options.write_dbid_to_manifest: 0
2022/02/11-15:49:24.415040 7fe45ba6f340                 Options.log_readahead_size: 0
2022/02/11-15:49:24.415041 7fe45ba6f340                 Options.file_checksum_gen_factory: Unknown
2022/02/11-15:49:24.415042 7fe45ba6f340                 Options.best_efforts_recovery: 0
2022/02/11-15:49:24.415043 7fe45ba6f340                Options.max_bgerror_resume_count: 2147483647
2022/02/11-15:49:24.415043 7fe45ba6f340            Options.bgerror_resume_retry_interval: 1000000
2022/02/11-15:49:24.415044 7fe45ba6f340             Options.allow_data_in_errors: 0
2022/02/11-15:49:24.415045 7fe45ba6f340             Options.db_host_id: __hostname__
2022/02/11-15:49:24.415046 7fe45ba6f340             Options.max_background_jobs: 2
2022/02/11-15:49:24.415046 7fe45ba6f340             Options.max_background_compactions: -1
2022/02/11-15:49:24.415047 7fe45ba6f340             Options.max_subcompactions: 1
2022/02/11-15:49:24.415048 7fe45ba6f340             Options.avoid_flush_during_shutdown: 0
2022/02/11-15:49:24.415048 7fe45ba6f340           Options.writable_file_max_buffer_size: 1048576
2022/02/11-15:49:24.415049 7fe45ba6f340             Options.delayed_write_rate : 16777216
2022/02/11-15:49:24.415050 7fe45ba6f340             Options.max_total_wal_size: 0
2022/02/11-15:49:24.415051 7fe45ba6f340             Options.delete_obsolete_files_period_micros: 21600000000
2022/02/11-15:49:24.415051 7fe45ba6f340                   Options.stats_dump_period_sec: 600
2022/02/11-15:49:24.415052 7fe45ba6f340                 Options.stats_persist_period_sec: 600
2022/02/11-15:49:24.415053 7fe45ba6f340                 Options.stats_history_buffer_size: 1048576
2022/02/11-15:49:24.415054 7fe45ba6f340                          Options.max_open_files: -1
2022/02/11-15:49:24.415054 7fe45ba6f340                          Options.bytes_per_sync: 0
2022/02/11-15:49:24.415055 7fe45ba6f340                      Options.wal_bytes_per_sync: 0
2022/02/11-15:49:24.415060 7fe45ba6f340                   Options.strict_bytes_per_sync: 0
2022/02/11-15:49:24.415061 7fe45ba6f340       Options.compaction_readahead_size: 0
2022/02/11-15:49:24.415062 7fe45ba6f340                  Options.max_background_flushes: -1
2022/02/11-15:49:24.415063 7fe45ba6f340 Compression algorithms supported:
2022/02/11-15:49:24.415064 7fe45ba6f340 	kZSTDNotFinalCompression supported: 1
2022/02/11-15:49:24.415070 7fe45ba6f340 	kZSTD supported: 1
2022/02/11-15:49:24.415071 7fe45ba6f340 	kXpressCompression supported: 0
2022/02/11-15:49:24.415072 7fe45ba6f340 	kLZ4HCCompression supported: 1
2022/02/11-15:49:24.415073 7fe45ba6f340 	kLZ4Compression supported: 1
2022/02/11-15:49:24.415074 7fe45ba6f340 	kBZip2Compression supported: 1
2022/02/11-15:49:24.415075 7fe45ba6f340 	kZlibCompression supported: 1
2022/02/11-15:49:24.415076 7fe45ba6f340 	kSnappyCompression supported: 1
2022/02/11-15:49:24.415077 7fe45ba6f340 Fast CRC32 supported: Not supported on x86
2022/02/11-15:49:24.415131 7fe45ba6f340 [db/version_set.cc:4626] Recovering from manifest file: ./client_db/k#84ed1352d9c5e0335252cbc8fb2dccc29d0601ad3c4f8fb07eca02be1472b4af/MANIFEST-000269
2022/02/11-15:49:24.415322 7fe45ba6f340 [db/column_family.cc:596] --------------- Options for column family [default]:
2022/02/11-15:49:24.415325 7fe45ba6f340               Options.comparator: leveldb.BytewiseComparator
2022/02/11-15:49:24.415327 7fe45ba6f340           Options.merge_operator: None
2022/02/11-15:49:24.415328 7fe45ba6f340        Options.compaction_filter: None
2022/02/11-15:49:24.415329 7fe45ba6f340        Options.compaction_filter_factory: None
2022/02/11-15:49:24.415330 7fe45ba6f340  Options.sst_partitioner_factory: None
2022/02/11-15:49:24.415331 7fe45ba6f340         Options.memtable_factory: SkipListFactory
2022/02/11-15:49:24.415332 7fe45ba6f340            Options.table_factory: BlockBasedTable
2022/02/11-15:49:24.415375 7fe45ba6f340            table_factory options:   flush_block_policy_factory: FlushBlockBySizePolicyFactory (0x559ea474f300)
  cache_index_and_filter_blocks: 0
  cache_index_and_filter_blocks_with_high_priority: 1
  pin_l0_filter_and_index_blocks_in_cache: 0
  pin_top_level_index_and_filter: 1
  index_type: 0
  data_block_index_type: 0
  index_shortening: 1
  data_block_hash_table_util_ratio: 0.750000
  hash_index_allow_collision: 1
  checksum: 1
  no_block_cache: 0
  block_cache: 0x559ea474d220
  block_cache_name: LRUCache
  block_cache_options:
    capacity : 8388608
    num_shard_bits : 4
    strict_capacity_limit : 0
    memory_allocator : None
    high_pri_pool_ratio: 0.000
  block_cache_compressed: (nil)
  persistent_cache: (nil)
  block_size: 4096
  block_size_deviation: 10
  block_restart_interval: 16
  index_block_restart_interval: 1
  metadata_block_size: 4096
  partition_filters: 0
  use_delta_encoding: 1
  filter_policy: nullptr
  whole_key_filtering: 1
  verify_compression: 0
  read_amp_bytes_per_bit: 0
  format_version: 5
  enable_index_compression: 1
  block_align: 0
2022/02/11-15:49:24.415378 7fe45ba6f340        Options.write_buffer_size: 67108864
2022/02/11-15:49:24.415379 7fe45ba6f340  Options.max_write_buffer_number: 2
2022/02/11-15:49:24.415380 7fe45ba6f340          Options.compression: Snappy
2022/02/11-15:49:24.415381 7fe45ba6f340                  Options.bottommost_compression: Disabled
2022/02/11-15:49:24.415384 7fe45ba6f340       Options.prefix_extractor: nullptr
2022/02/11-15:49:24.415397 7fe45ba6f340   Options.memtable_insert_with_hint_prefix_extractor: nullptr
2022/02/11-15:49:24.415398 7fe45ba6f340             Options.num_levels: 7
2022/02/11-15:49:24.415399 7fe45ba6f340        Options.min_write_buffer_number_to_merge: 1
2022/02/11-15:49:24.415400 7fe45ba6f340     Options.max_write_buffer_number_to_maintain: 0
2022/02/11-15:49:24.415401 7fe45ba6f340     Options.max_write_buffer_size_to_maintain: 0
2022/02/11-15:49:24.415401 7fe45ba6f340            Options.bottommost_compression_opts.window_bits: -14
2022/02/11-15:49:24.415402 7fe45ba6f340                  Options.bottommost_compression_opts.level: 32767
2022/02/11-15:49:24.415413 7fe45ba6f340               Options.bottommost_compression_opts.strategy: 0
2022/02/11-15:49:24.415413 7fe45ba6f340         Options.bottommost_compression_opts.max_dict_bytes: 0
2022/02/11-15:49:24.415414 7fe45ba6f340         Options.bottommost_compression_opts.zstd_max_train_bytes: 0
2022/02/11-15:49:24.415415 7fe45ba6f340         Options.bottommost_compression_opts.parallel_threads: 1
2022/02/11-15:49:24.415416 7fe45ba6f340                  Options.bottommost_compression_opts.enabled: false
2022/02/11-15:49:24.415417 7fe45ba6f340         Options.bottommost_compression_opts.max_dict_buffer_bytes: 0
2022/02/11-15:49:24.415418 7fe45ba6f340            Options.compression_opts.window_bits: -14
2022/02/11-15:49:24.415419 7fe45ba6f340                  Options.compression_opts.level: 32767
2022/02/11-15:49:24.415420 7fe45ba6f340               Options.compression_opts.strategy: 0
2022/02/11-15:49:24.415421 7fe45ba6f340         Options.compression_opts.max_dict_bytes: 0
2022/02/11-15:49:24.415422 7fe45ba6f340         Options.compression_opts.zstd_max_train_bytes: 0
2022/02/11-15:49:24.415422 7fe45ba6f340         Options.compression_opts.parallel_threads: 1
2022/02/11-15:49:24.415423 7fe45ba6f340                  Options.compression_opts.enabled: false
2022/02/11-15:49:24.415424 7fe45ba6f340         Options.compression_opts.max_dict_buffer_bytes: 0
2022/02/11-15:49:24.415425 7fe45ba6f340      Options.level0_file_num_compaction_trigger: 4
2022/02/11-15:49:24.415425 7fe45ba6f340          Options.level0_slowdown_writes_trigger: 20
2022/02/11-15:49:24.415426 7fe45ba6f340              Options.level0_stop_writes_trigger: 36
2022/02/11-15:49:24.415427 7fe45ba6f340                   Options.target_file_size_base: 67108864
2022/02/11-15:49:24.415428 7fe45ba6f340             Options.target_file_size_multiplier: 1
2022/02/11-15:49:24.415429 7fe45ba6f340                Options.max_bytes_for_level_base: 268435456
2022/02/11-15:49:24.415430 7fe45ba6f340 Options.level_compaction_dynamic_level_bytes: 0
2022/02/11-15:49:24.415430 7fe45ba6f340          Options.max_bytes_for_level_multiplier: 10.000000
2022/02/11-15:49:24.415433 7fe45ba6f340 Options.max_bytes_for_level_multiplier_addtl[0]: 1
2022/02/11-15:49:24.415434 7fe45ba6f340 Options.max_bytes_for_level_multiplier_addtl[1]: 1
2022/02/11-15:49:24.415434 7fe45ba6f340 Options.max_bytes_for_level_multiplier_addtl[2]: 1
2022/02/11-15:49:24.415435 7fe45ba6f340 Options.max_bytes_for_level_multiplier_addtl[3]: 1
2022/02/11-15:49:24.415436 7fe45ba6f340 Options.max_bytes_for_level_multiplier_addtl[4]: 1
2022/02/11-15:49:24.415437 7fe45ba6f340 Options.max_bytes_for_level_multiplier_addtl[5]: 1
2022/02/11-15:49:24.415438 7fe45ba6f340 Options.max_bytes_for_level_multiplier_addtl[6]: 1
2022/02/11-15:49:24.415439 7fe45ba6f340       Options.max_sequential_skip_in_iterations: 8
2022/02/11-15:49:24.415440 7fe45ba6f340                    Options.max_compaction_bytes: 1677721600
2022/02/11-15:49:24.415441 7fe45ba6f340                        Options.arena_block_size: 8388608
2022/02/11-15:49:24.415442 7fe45ba6f340   Options.soft_pending_compaction_bytes_limit: 68719476736
2022/02/11-15:49:24.415442 7fe45ba6f340   Options.hard_pending_compaction_bytes_limit: 274877906944
2022/02/11-15:49:24.415443 7fe45ba6f340       Options.rate_limit_delay_max_milliseconds: 100
2022/02/11-15:49:24.415444 7fe45ba6f340                Options.disable_auto_compactions: 0
2022/02/11-15:49:24.415446 7fe45ba6f340                        Options.compaction_style: kCompactionStyleLevel
2022/02/11-15:49:24.415448 7fe45ba6f340                          Options.compaction_pri: kMinOverlappingRatio
2022/02/11-15:49:24.415449 7fe45ba6f340 Options.compaction_options_universal.size_ratio: 1
2022/02/11-15:49:24.415449 7fe45ba6f340 Options.compaction_options_universal.min_merge_width: 2
2022/02/11-15:49:24.415450 7fe45ba6f340 Options.compaction_options_universal.max_merge_width: 4294967295
2022/02/11-15:49:24.415451 7fe45ba6f340 Options.compaction_options_universal.max_size_amplification_percent: 200
2022/02/11-15:49:24.415456 7fe45ba6f340 Options.compaction_options_universal.compression_size_percent: -1
2022/02/11-15:49:24.415458 7fe45ba6f340 Options.compaction_options_universal.stop_style: kCompactionStopStyleTotalSize
2022/02/11-15:49:24.415459 7fe45ba6f340 Options.compaction_options_fifo.max_table_files_size: 1073741824
2022/02/11-15:49:24.415460 7fe45ba6f340 Options.compaction_options_fifo.allow_compaction: 0
2022/02/11-15:49:24.415468 7fe45ba6f340                   Options.table_properties_collectors: 
2022/02/11-15:49:24.415469 7fe45ba6f340                   Options.inplace_update_support: 0
2022/02/11-15:49:24.415470 7fe45ba6f340                 Options.inplace_update_num_locks: 10000
2022/02/11-15:49:24.415471 7fe45ba6f340               Options.memtable_prefix_bloom_size_ratio: 0.000000
2022/02/11-15:49:24.415472 7fe45ba6f340               Options.memtable_whole_key_filtering: 0
2022/02/11-15:49:24.415473 7fe45ba6f340   Options.memtable_huge_page_size: 0
2022/02/11-15:49:24.415474 7fe45ba6f340                           Options.bloom_locality: 0
2022/02/11-15:49:24.415474 7fe45ba6f340                    Options.max_successive_merges: 0
2022/02/11-15:49:24.415475 7fe45ba6f340                Options.optimize_filters_for_hits: 0
2022/02/11-15:49:24.415476 7fe45ba6f340                Options.paranoid_file_checks: 0
2022/02/11-15:49:24.415477 7fe45ba6f340                Options.force_consistency_checks: 1
2022/02/11-15:49:24.415478 7fe45ba6f340                Options.report_bg_io_stats: 0
2022/02/11-15:49:24.415478 7fe45ba6f340                               Options.ttl: 2592000
2022/02/11-15:49:24.415479 7fe45ba6f340          Options.periodic_compaction_seconds: 0
2022/02/11-15:49:24.415480 7fe45ba6f340                    Options.enable_blob_files: false
2022/02/11-15:49:24.415481 7fe45ba6f340                        Options.min_blob_size: 0
2022/02/11-15:49:24.415482 7fe45ba6f340                       Options.blob_file_size: 268435456
2022/02/11-15:49:24.415482 7fe45ba6f340                Options.blob_compression_type: NoCompression
2022/02/11-15:49:24.415483 7fe45ba6f340       Options.enable_blob_garbage_collection: false
2022/02/11-15:49:24.415484 7fe45ba6f340   Options.blob_garbage_collection_age_cutoff: 0.250000
2022/02/11-15:49:24.415561 7fe45ba6f340 [db/column_family.cc:596] --------------- Options for column family [pending_orders]:
2022/02/11-15:49:24.415562 7fe45ba6f340               Options.comparator: leveldb.BytewiseComparator
2022/02/11-15:49:24.415563 7fe45ba6f340           Options.merge_operator: None
2022/02/11-15:49:24.415564 7fe45ba6f340        Options.compaction_filter: None
2022/02/11-15:49:24.415565 7fe45ba6f340        Options.compaction_filter_factory: None
2022/02/11-15:49:24.415565 7fe45ba6f340  Options.sst_partitioner_factory: None
2022/02/11-15:49:24.415566 7fe45ba6f340         Options.memtable_factory: SkipListFactory
2022/02/11-15:49:24.415567 7fe45ba6f340            Options.table_factory: BlockBasedTable
2022/02/11-15:49:24.415588 7fe45ba6f340            table_factory options:   flush_block_policy_factory: FlushBlockBySizePolicyFactory (0x559ea4752890)
  cache_index_and_filter_blocks: 0
  cache_index_and_filter_blocks_with_high_priority: 1
  pin_l0_filter_and_index_blocks_in_cache: 0
  pin_top_level_index_and_filter: 1
  index_type: 0
  data_block_index_type: 0
  index_shortening: 1
  data_block_hash_table_util_ratio: 0.750000
  hash_index_allow_collision: 1
  checksum: 1
  no_block_cache: 0
  block_cache: 0x559ea47528e0
  block_cache_name: LRUCache
  block_cache_options:
    capacity : 8388608
    num_shard_bits : 4
    strict_capacity_limit : 0
    memory_allocator : None
    high_pri_pool_ratio: 0.000
  block_cache_compressed: (nil)
  persistent_cache: (nil)
  block_size: 4096
  block_size_deviation: 10
  block_restart_interval: 16
  index_block_restart_interval: 1
  metadata_block_size: 4096
  partition_filters: 0
  use_delta_encoding: 1
  filter_policy: nullptr
  whole_key_filtering: 1
  verify_compression: 0
  read_amp_bytes_per_bit: 0
  format_version: 5
  enable_index_compression: 1
  block_align: 0
2022/02/11-15:49:24.415595 7fe45ba6f340        Options.write_buffer_size: 67108864
2022/02/11-15:49:24.415596 7fe45ba6f340  Options.max_write_buffer_number: 2
2022/02/11-15:49:24.415597 7fe45ba6f340          Options.compression: Snappy
2022/02/11-15:49:24.415598 7fe45ba6f340                  Options.bottommost_compression: Disabled
2022/02/11-15:49:24.415598 7fe45ba6f340       Options.prefix_extractor: nullptr
2022/02/11-15:49:24.415599 7fe45ba6f340   Options.memtable_insert_with_hint_prefix_extractor: nullptr
2022/02/11-15:49:24.415600 7fe45ba6f340             Options.num_levels: 7
2022/02/11-15:49:24.415601 7fe45ba6f340        Options.min_write_buffer_number_to_merge: 1
2022/02/11-15:49:24.415602 7fe45ba6f340     Options.max_write_buffer_number_to_maintain: 0
2022/02/11-15:49:24.415602 7fe45ba6f340     Options.max_write_buffer_size_to_maintain: 0
2022/02/11-15:49:24.415603 7fe45ba6f340            Options.bottommost_compression_opts.window_bits: -14
2022/02/11-15:49:24.415604 7fe45ba6f340                  Options.bottommost_compression_opts.level: 32767
2022/02/11-15:49:24.415605 7fe45ba6f340               Options.bottommost_compression_opts.strategy: 0
2022/02/11-15:49:24.415635 7fe45ba6f340         Options.bottommost_compression_opts.max_dict_bytes: 0
2022/02/11-15:49:24.415636 7fe45ba6f340         Options.bottommost_compression_opts.zstd_max_train_bytes: 0
2022/02/11-15:49:24.415637 7fe45ba6f340         Options.bottommost_compression_opts.parallel_threads: 1
2022/02/11-15:49:24.415638 7fe45ba6f340                  Options.bottommost_compression_opts.enabled: false
2022/02/11-15:49:24.415639 7fe45ba6f340         Options.bottommost_compression_opts.max_dict_buffer_bytes: 0
2022/02/11-15:49:24.415640 7fe45ba6f340            Options.compression_opts.window_bits: -14
2022/02/11-15:49:24.415640 7fe45ba6f340                  Options.compression_opts.level: 32767
2022/02/11-15:49:24.415641 7fe45ba6f340               Options.compression_opts.strategy: 0
2022/02/11-15:49:24.415642 7fe45ba6f340         Options.compression_opts.max_dict_bytes: 0
2022/02/11-15:49:24.415643 7fe45ba6f340         Options.compression_opts.zstd_max_train_bytes: 0
2022/02/11-15:49:24.415644 7fe45ba6f340         Options.compression_opts.parallel_threads: 1
2022/02/11-15:49:24.415644 7fe45ba6f340                  Options.compression_opts.enabled: false
2022/02/11-15:49:24.415645 7fe45ba6f340         Options.compression_opts.max_dict_buffer_bytes: 0
2022/02/11-15:49:24.415646 7fe45ba6f340      Options.level0_file_num_compaction_trigger: 4
2022/02/11-15:49:24.415646 7fe45ba6f340          Options.level0_slowdown_writes_trigger: 20
2022/02/11-15:49:24.415647 7fe45ba6f340              Options.level0_stop_writes_trigger: 36
2022/02/11-15:49:24.415648 7fe45ba6f340                   Options.target_file_size_base: 67108864
2022/02/11-15:49:24.415649 7fe45ba6f340             Options.target_file_size_multiplier: 1
2022/02/11-15:49:24.415649 7fe45ba6f340                Options.max_bytes_for_level_base: 268435456
2022/02/11-15:49:24.415650 7fe45ba6f340 Options.level_compaction_dynamic_level_bytes: 0
2022/02/11-15:49:24.415651 7fe45ba6f340          Options.max_bytes_for_level_multiplier: 10.000000
2022/02/11-15:49:24.415652 7fe45ba6f340 Options.max_bytes_for_level_multiplier_addtl[0]: 1
2022/02/11-15:49:24.415653 7fe45ba6f340 Options.max_bytes_for_level_multiplier_addtl[1]: 1
2022/02/11-15:49:24.415654 7fe45ba6f340 Options.max_bytes_for_level_multiplier_addtl[2]: 1
2022/02/11-15:49:24.415655 7fe45ba6f340 Options.max_bytes_for_level_multiplier_addtl[3]: 1
2022/02/11-15:49:24.415656 7fe45ba6f340 Options.max_bytes_for_level_multiplier_addtl[4]: 1
2022/02/11-15:49:24.415656 7fe45ba6f340 Options.max_bytes_for_level_multiplier_addtl[5]: 1
2022/02/11-15:49:24.415657 7fe45ba6f340 Options.max_bytes_for_level_multiplier_addtl[6]: 1
2022/02/11-15:49:24.415658 7fe45ba6f340       Options.max_sequential_skip_in_iterations: 8
2022/02/11-15:49:24.415658 7fe45ba6f340                    Options.max_compaction_bytes: 1677721600
2022/02/11-15:49:24.415659 7fe45ba6f340                        Options.arena_block_size: 8388608
2022/02/11-15:49:24.415666 7fe45ba6f340   Options.soft_pending_compaction_bytes_limit: 68719476736
2022/02/11-15:49:24.415667 7fe45ba6f340   Options.hard_pending_compaction_bytes_limit: 274877906944
2022/02/11-15:49:24.415668 7fe45ba6f340       Options.rate_limit_delay_max_milliseconds: 100
2022/02/11-15:49:24.415669 7fe45ba6f340                Options.disable_auto_compactions: 0
2022/02/11-15:49:24.415670 7fe45ba6f340                        Options.compaction_style: kCompactionStyleLevel
2022/02/11-15:49:24.415671 7fe45ba6f340                          Options.compaction_pri: kMinOverlappingRatio
2022/02/11-15:49:24.415672 7fe45ba6f340 Options.compaction_options_universal.size_ratio: 1
2022/02/11-15:49:24.415673 7fe45ba6f340 Options.compaction_options_universal.min_merge_width: 2
2022/02/11-15:49:24.415674 7fe45ba6f340 Options.compaction_options_universal.max_merge_width: 4294967295
2022/02/11-15:49:24.415675 7fe45ba6f340 Options.compaction_options_universal.max_size_amplification_percent: 200
2022/02/11-15:49:24.415676 7fe45ba6f340 Options.compaction_options_universal.compression_size_percent: -1
2022/02/11-15:49:24.415677 7fe45ba6f340 Options.compaction_options_universal.stop_style: kCompactionStopStyleTotalSize
2022/02/11-15:49:24.415678 7fe45ba6f340 Options.compaction_options_fifo.max_table_files_size: 1073741824
2022/02/11-15:49:24.415679 7fe45ba6f340 Options.compaction_options_fifo.allow_compaction: 0
2022/02/11-15:49:24.415682 7fe45ba6f340                   Options.table_properties_collectors: 
2022/02/11-15:49:24.415684 7fe45ba6f340                   Options.inplace_update_support: 0
2022/02/11-15:49:24.415685 7fe45ba6f340                 Options.inplace_update_num_locks: 10000
2022/02/11-15:49:24.415686 7fe45ba6f340               Options.memtable_prefix_bloom_size_ratio: 0.000000
2022/02/11-15:49:24.415687 7fe45ba6f340               Options.memtable_whole_key_filtering: 0
2022/02/11-15:49:24.415688 7fe45ba6f340   Options.memtable_huge_page_size: 0
2022/02/11-15:49:24.415689 7fe45ba6f340                           Options.bloom_locality: 0
2022/02/11-15:49:24.415690 7fe45ba6f340                    Options.max_successive_merges: 0
2022/02/11-15:49:24.415690 7fe45ba6f340                Options.optimize_filters_for_hits: 0
2022/02/11-15:49:24.415691 7fe45ba6f340                Options.paranoid_file_checks: 0
2022/02/11-15:49:24.415692 7fe45ba6f340                Options.force_consistency_checks: 1
2022/02/11-15:49:24.415693 7fe45ba6f340                Options.report_bg_io_stats: 0
2022/02/11-15:49:24.415694 7fe45ba6f340                               Options.ttl: 2592000
2022/02/11-15:49:24.415695 7fe45ba6f340          Options.periodic_compaction_seconds: 0
2022/02/11-15:49:24.415696 7fe45ba6f340                    Options.enable_blob_files: false
2022/02/11-15:49:24.415696 7fe45ba6f340                        Options.min_blob_size: 0
2022/02/11-15:49:24.415697 7fe45ba6f340                       Options.blob_file_size: 268435456
2022/02/11-15:49:24.415698 7fe45ba6f340                Options.blob_compression_type: NoCompression
2022/02/11-15:49:24.415699 7fe45ba6f340       Options.enable_blob_garbage_collection: false
2022/02/11-15:49:24.415700 7fe45ba6f340   Options.blob_garbage_collection_age_cutoff: 0.250000
2022/02/11-15:49:24.415754 7fe45ba6f340 [db/column_family.cc:596] --------------- Options for column family [certificates]:
2022/02/11-15:49:24.415757 7fe45ba6f340               Options.comparator: leveldb.BytewiseComparator
2022/02/11-15:49:24.415759 7fe45ba6f340           Options.merge_operator: None
2022/02/11-15:49:24.415760 7fe45ba6f340        Options.compaction_filter: None
2022/02/11-15:49:24.415761 7fe45ba6f340        Options.compaction_filter_factory: None
2022/02/11-15:49:24.415762 7fe45ba6f340  Options.sst_partitioner_factory: None
2022/02/11-15:49:24.415763 7fe45ba6f340         Options.memtable_factory: SkipListFactory
2022/02/11-15:49:24.415764 7fe45ba6f340            Options.table_factory: BlockBasedTable
2022/02/11-15:49:24.415782 7fe45ba6f340            table_factory options:   flush_block_policy_factory: FlushBlockBySizePolicyFactory (0x559ea4754940)
  cache_index_and_filter_blocks: 0
  cache_index_and_filter_blocks_with_high_priority: 1
  pin_l0_filter_and_index_blocks_in_cache: 0
  pin_top_level_index_and_filter: 1
  index_type: 0
  data_block_index_type: 0
  index_shortening: 1
  data_block_hash_table_util_ratio: 0.750000
  hash_index_allow_collision: 1
  checksum: 1
  no_block_cache: 0
  block_cache: 0x559ea4754990
  block_cache_name: LRUCache
  block_cache_options:
    capacity : 8388608
    num_shard_bits : 4
    strict_capacity_limit : 0
    memory_allocator : None
    high_pri_pool_ratio: 0.000
  block_cache_compressed: (nil)
  persistent_cache: (nil)
  block_size: 4096
  block_size_deviation: 10
  block_restart_interval: 16
  index_block_restart_interval: 1
  metadata_block_size: 4096
  partition_filters: 0
  use_delta_encoding: 1
  filter_policy: nullptr
  whole_key_filtering: 1
  verify_compression: 0
  read_amp_bytes_per_bit: 0
  format_version: 5
  enable_index_compression: 1
  block_align: 0
2022/02/11-15:49:24.415790 7fe45ba6f340        Options.write_buffer_size: 67108864
2022/02/11-15:49:24.415791 7fe45ba6f340  Options.max_write_buffer_number: 2
2022/02/11-15:49:24.415792 7fe45ba6f340          Options.compression: Snappy
2022/02/11-15:49:24.415793 7fe45ba6f340                  Options.bottommost_compression: Disabled
2022/02/11-15:49:24.415794 7fe45ba6f340       Options.prefix_extractor: nullptr
2022/02/11-15:49:24.415795 7fe45ba6f340   Options.memtable_insert_with_hint_prefix_extractor: nullptr
2022/02/11-15:49:24.415796 7fe45ba6f340             Options.num_levels: 7
2022/02/11-15:49:24.415797 7fe45ba6f340        Options.min_write_buffer_number_to_merge: 1
2022/02/11-15:49:24.415798 7fe45ba6f340     Options.max_write_buffer_number_to_maintain: 0
2022/02/11-15:49:24.415799 7fe45ba6f340     Options.max_write_buffer_size_to_maintain: 0
2022/02/11-15:49:24.415800 7fe45ba6f340            Options.bottommost_compression_opts.window_bits: -14
2022/02/11-15:49:24.415801 7fe45ba6f340                  Options.bottommost_compression_opts.level: 32767
2022/02/11-15:49:24.415802 7fe45ba6f340               Options.bottommost_compression_opts.strategy: 0
2022/02/11-15:49:24.415803 7fe45ba6f340         Options.bottommost_compression_opts.max_dict_bytes: 0
2022/02/11-15:49:24.415804 7fe45ba6f340         Options.bottommost_compression_opts.zstd_max_train_bytes: 0
2022/02/11-15:49:24.415805 7fe45ba6f340         Options.bottommost_compression_opts.parallel_threads: 1
2022/02/11-15:49:24.415806 7fe45ba6f340                  Options.bottommost_compression_opts.enabled: false
2022/02/11-15:49:24.415807 7fe45ba6f340         Options.bottommost_compression_opts.max_dict_buffer_bytes: 0
2022/02/11-15:49:24.415808 7fe45ba6f340            Options.compression_opts.window_bits: -14
2022/02/11-15:49:24.415809 7fe45ba6f340                  Options.compression_opts.level: 32767
2022/02/11-15:49:24.415810 7fe45ba6f340               Options.compression_opts.strategy: 0
2022/02/11-15:49:24.415811 7fe45ba6f340         Options.compression_opts.max_dict_bytes: 0
2022/02/11-15:49:24.415812 7fe45ba6f340         Options.compression_opts.zstd_max_train_bytes: 0
2022/02/11-15:49:24.415813 7fe45ba6f340         Options.compression_opts.parallel_threads: 1
2022/02/11-15:49:24.415814 7fe45ba6f340                  Options.compression_opts.enabled: false
2022/02/11-15:49:24.415815 7fe45ba6f340         Options.compression_opts.max_dict_buffer_bytes: 0
2022/02/11-15:49:24.415816 7fe45ba6f340      Options.level0_file_num_compaction_trigger: 4
2022/02/11-15:49:24.415817 7fe45ba6f340          Options.level0_slowdown_writes_trigger: 20
2022/02/11-15:49:24.415818 7fe45ba6f340              Options.level0_stop_writes_trigger: 36
2022/02/11-15:49:24.415819 7fe45ba6f340                   Options.target_file_size_base: 67108864
2022/02/11-15:49:24.415820 7fe45ba6f340             Options.target_file_size_multiplier: 1
2022/02/11-15:49:24.415821 7fe45ba6f340                Options.max_bytes_for_level_base: 268435456
2022/02/11-15:49:24.415826 7fe45ba6f340 Options.level_compaction_dynamic_level_bytes: 0
2022/02/11-15:49:24.415828 7fe45ba6f340          Options.max_bytes_for_level_multiplier: 10.000000
2022/02/11-15:49:24.415829 7fe45ba6f340 Options.max_bytes_for_level_multiplier_addtl[0]: 1
2022/02/11-15:49:24.415830 7fe45ba6f340 Options.max_bytes_for_level_multiplier_addtl[1]: 1
2022/02/11-15:49:24.415831 7fe45ba6f340 Options.max_bytes_for_level_multiplier_addtl[2]: 1
2022/02/11-15:49:24.415832 7fe45ba6f340 Options.max_bytes_for_level_multiplier_addtl[3]: 1
2022/02/11-15:49:24.415833 7fe45ba6f340 Options.max_bytes_for_level_multiplier_addtl[4]: 1
2022/02/11-15:49:24.415834 7fe45ba6f340 Options.max_bytes_for_level_multiplier_addtl[5]: 1
2022/02/11-15:49:24.415835 7fe45ba6f340 Options.max_bytes_for_level_multiplier_addtl[6]: 1
2022/02/11-15:49:24.415836 7fe45ba6f340       Options.max_sequential_skip_in_iterations: 8
2022/02/11-15:49:24.415837 7fe45ba6f340                    Options.max_compaction_bytes: 1677721600
2022/02/11-15:49:24.415838 7fe45ba6f340                        Options.arena_block_size: 8388608
2022/02/11-15:49:24.415839 7fe45ba6f340   Options.soft_pending_compaction_bytes_limit: 68719476736
2022/02/11-15:49:24.415840 7fe45ba6f340   Options.hard_pending_compaction_bytes_limit: 274877906944
2022/02/11-15:49:24.415841 7fe45ba6f340       Options.rate_limit_delay_max_milliseconds: 100
2022/02/11-15:49:24.415842 7fe45ba6f340                Options.disable_auto_compactions: 0
2022/02/11-15:49:24.415843 7fe45ba6f340                        Options.compaction_style: kCompactionStyleLevel
2022/02/11-15:49:24.415844 7fe45ba6f340                          Options.compaction_pri: kMinOverlappingRatio
2022/02/11-15:49:24.415846 7fe45ba6f340 Options.compaction_options_universal.size_ratio: 1
2022/02/11-15:49:24.415846 7fe45ba6f340 Options.compaction_options_universal.min_merge_width: 2
2022/02/11-15:49:24.415847 7fe45ba6f340 Options.compaction_options_universal.max_merge_width: 4294967295
2022/02/11-15:49:24.415848 7fe45ba6f340 Options.compaction_options_universal.max_size_amplification_percent: 200
2022/02/11-15:49:24.415849 7fe45ba6f340 Options.compaction_options_universal.compression_size_percent: -1
2022/02/11-15:49:24.415850 7fe45ba6f340 Options.compaction_options_universal.stop_style: kCompactionStopStyleTotalSize
2022/02/11-15:49:24.415851 7fe45ba6f340 Options.compaction_options_fifo.max_table_files_size: 1073741824
2022/02/11-15:49:24.415852 7fe45ba6f340 Options.compaction_options_fifo.allow_compaction: 0
2022/02/11-15:49:24.415855 7fe45ba6f340                   Options.table_properties_collectors: 
2022/02/11-15:49:24.415856 7fe45ba6f340                   Options.inplace_update_support: 0
2022/02/11-15:49:24.415857 7fe45ba6f340                 Options.inplace_update_num_locks: 10000
2022/02/11-15:49:24.415858 7fe45ba6f340               Options.memtable_prefix_bloom_size_ratio: 0.000000
2022/02/11-15:49:24.415859 7fe45ba6f340               Options.memtable_whole_key_filtering: 0
2022/02/11-15:49:24.415860 7fe45ba6f340   Options.memtable_huge_page_size: 0
2022/02/11-15:49:24.415861 7fe45ba6f340                           Options.bloom_locality: 0
2022/02/11-15:49:24.415862 7fe45ba6f340                    Options.max_successive_merges: 0
2022/02/11-15:49:24.415863 7fe45ba6f340                Options.optimize_filters_for_hits: 0
2022/02/11-15:49:24.415864 7fe45ba6f340                Options.paranoid_file_checks: 0
2022/02/11-15:49:24.415865 7fe45ba6f340                Options.force_consistency_checks: 1
2022/02/11-15:49:24.415866 7fe45ba6f340                Options.report_bg_io_stats: 0
2022/02/11-15:49:24.415867 7fe45ba6f340                               Options.ttl: 2592000
2022/02/11-15:49:24.415868 7fe45ba6f340          Options.periodic_compaction_seconds: 0
2022/02/11-15:49:24.415869 7fe45ba6f340                    Options.enable_blob_files: false
2022/02/11-15:49:24.415870 7fe45ba6f340                        Options.min_blob_size: 0
2022/02/11-15:49:24.415871 7fe45ba6f340                       Options.blob_file_size: 268435456
2022/02/11-15:49:24.415877 7fe45ba6f340                Options.blob_compression_type: NoCompression
2022/02/11-15:49:24.415878 7fe45ba6f340       Options.enable_blob_garbage_collection: false
2022/02/11-15:49:24.415879 7fe45ba6f340   Options.blob_garbage_collection_age_cutoff: 0.250000
2022/02/11-15:49:24.415909 7fe45ba6f340 [db/column_family.cc:596] --------------- Options for column family [object_certs]:
2022/02/11-15:49:24.415910 7fe45ba6f340               Options.comparator: leveldb.BytewiseComparator
2022/02/11-15:49:24.415911 7fe45ba6f340           Options.merge_operator: None
2022/02/11-15:49:24.415912 7fe45ba6f340        Options.compaction_filter: None
2022/02/11-15:49:24.415913 7fe45ba6f340        Options.compaction_filter_factory: None
2022/02/11-15:49:24.415914 7fe45ba6f340  Options.sst_partitioner_factory: None
2022/02/11-15:49:24.415915 7fe45ba6f340         Options.memtable_factory: SkipListFactory
2022/02/11-15:49:24.415916 7fe45ba6f340            Options.table_factory: BlockBasedTable
2022/02/11-15:49:24.415944 7fe45ba6f340            table_factory options:   flush_block_policy_factory: FlushBlockBySizePolicyFactory (0x559ea4756610)
  cache_index_and_filter_blocks: 0
  cache_index_and_filter_blocks_with_high_priority: 1
  pin_l0_filter_and_index_blocks_in_cache: 0
  pin_top_level_index_and_filter: 1
  index_type: 0
  data_block_index_type: 0
  index_shortening: 1
  data_block_hash_table_util_ratio: 0.750000
  hash_index_allow_collision: 1
  checksum: 1
  no_block_cache: 0
  block_cache: 0x559ea4756660
  block_cache_name: LRUCache
  block_cache_options:
    capacity : 8388608
    num_shard_bits : 4
    strict_capacity_limit : 0
    memory_allocator : None
    high_pri_pool_ratio: 0.000
  block_cache_compressed: (nil)
  persistent_cache: (nil)
  block_size: 4096
  block_size_deviation: 10
  block_restart_interval: 16
  index_block_restart_interval: 1
  metadata_block_size: 4096
  partition_filters: 0
  use_delta_encoding: 1
  filter_policy: nullptr
  whole_key_filtering: 1
  verify_compression: 0
  read_amp_bytes_per_bit: 0
  format_version: 5
  enable_index_compression: 1
  block_align: 0
2022/02/11-15:49:24.415946 7fe45ba6f340        Options.write_buffer_size: 67108864
2022/02/11-15:49:24.415947 7fe45ba6f340  Options.max_write_buffer_number: 2
2022/02/11-15:49:24.415949 7fe45ba6f340          Options.compression: Snappy
2022/02/11-15:49:24.415950 7fe45ba6f340                  Options.bottommost_compression: Disabled
2022/02/11-15:49:24.415951 7fe45ba6f340       Options.prefix_extractor: nullptr
2022/02/11-15:49:24.415951 7fe45ba6f340   Options.memtable_insert_with_hint_prefix_extractor: nullptr
2022/02/11-15:49:24.415953 7fe45ba6f340             Options.num_levels: 7
2022/02/11-15:49:24.415954 7fe45ba6f340        Options.min_write_buffer_number_to_merge: 1
2022/02/11-15:49:24.415955 7fe45ba6f340     Options.max_write_buffer_number_to_maintain: 0
2022/02/11-15:49:24.415955 7fe45ba6f340     Options.max_write_buffer_size_to_maintain: 0
