2022/02/11-15:51:21.839932 7fcf56d78340 RocksDB version: 6.20.3
2022/02/11-15:51:21.840183 7fcf56d78340 Git sha 8608d75d85f8e1b3b64b73a4fb6d19baec61ba5c
2022/02/11-15:51:21.840187 7fcf56d78340 Compile date 2021-05-05 20:35:30
2022/02/11-15:51:21.840261 7fcf56d78340 DB SUMMARY
2022/02/11-15:51:21.840266 7fcf56d78340 DB Session ID:  BWCC5AUWKIUIUI3B8RM1
2022/02/11-15:51:21.840296 7fcf56d78340 CURRENT file:  CURRENT
2022/02/11-15:51:21.840297 7fcf56d78340 IDENTITY file:  IDENTITY
2022/02/11-15:51:21.840299 7fcf56d78340 MANIFEST file:  MANIFEST-000301 size: 2487 Bytes
2022/02/11-15:51:21.840300 7fcf56d78340 SST files in ./client_db/k#84ed1352d9c5e0335252cbc8fb2dccc29d0601ad3c4f8fb07eca02be1472b4af dir, Total Num: 7, files: 000037.sst 000039.sst 000040.sst 000056.sst 000058.sst 000059.sst 000305.sst 
2022/02/11-15:51:21.840301 7fcf56d78340 Write Ahead Log file in ./client_db/k#84ed1352d9c5e0335252cbc8fb2dccc29d0601ad3c4f8fb07eca02be1472b4af: 000302.log size: 1154 ; 
2022/02/11-15:51:21.840302 7fcf56d78340                         Options.error_if_exists: 0
2022/02/11-15:51:21.840303 7fcf56d78340                       Options.create_if_missing: 1
2022/02/11-15:51:21.840304 7fcf56d78340                         Options.paranoid_checks: 1
2022/02/11-15:51:21.840304 7fcf56d78340                               Options.track_and_verify_wals_in_manifest: 0
2022/02/11-15:51:21.840305 7fcf56d78340                                     Options.env: 0x561d55bcc420
2022/02/11-15:51:21.840306 7fcf56d78340                                      Options.fs: Posix File System
2022/02/11-15:51:21.840306 7fcf56d78340                                Options.info_log: 0x561d577e66a0
2022/02/11-15:51:21.840307 7fcf56d78340                Options.max_file_opening_threads: 16
2022/02/11-15:51:21.840308 7fcf56d78340                              Options.statistics: (nil)
2022/02/11-15:51:21.840310 7fcf56d78340                               Options.use_fsync: 0
2022/02/11-15:51:21.840310 7fcf56d78340                       Options.max_log_file_size: 0
2022/02/11-15:51:21.840311 7fcf56d78340                  Options.max_manifest_file_size: 1073741824
2022/02/11-15:51:21.840312 7fcf56d78340                   Options.log_file_time_to_roll: 0
2022/02/11-15:51:21.840313 7fcf56d78340                       Options.keep_log_file_num: 1000
2022/02/11-15:51:21.840314 7fcf56d78340                    Options.recycle_log_file_num: 0
2022/02/11-15:51:21.840315 7fcf56d78340                         Options.allow_fallocate: 1
2022/02/11-15:51:21.840315 7fcf56d78340                        Options.allow_mmap_reads: 0
2022/02/11-15:51:21.840316 7fcf56d78340                       Options.allow_mmap_writes: 0
2022/02/11-15:51:21.840317 7fcf56d78340                        Options.use_direct_reads: 0
2022/02/11-15:51:21.840318 7fcf56d78340                        Options.use_direct_io_for_flush_and_compaction: 0
2022/02/11-15:51:21.840319 7fcf56d78340          Options.create_missing_column_families: 1
2022/02/11-15:51:21.840320 7fcf56d78340                              Options.db_log_dir: 
2022/02/11-15:51:21.840321 7fcf56d78340                                 Options.wal_dir: ./client_db/k#84ed1352d9c5e0335252cbc8fb2dccc29d0601ad3c4f8fb07eca02be1472b4af
2022/02/11-15:51:21.840321 7fcf56d78340                Options.table_cache_numshardbits: 6
2022/02/11-15:51:21.840322 7fcf56d78340                         Options.WAL_ttl_seconds: 0
2022/02/11-15:51:21.840323 7fcf56d78340                       Options.WAL_size_limit_MB: 0
2022/02/11-15:51:21.840324 7fcf56d78340                        Options.max_write_batch_group_size_bytes: 1048576
2022/02/11-15:51:21.840325 7fcf56d78340             Options.manifest_preallocation_size: 4194304
2022/02/11-15:51:21.840326 7fcf56d78340                     Options.is_fd_close_on_exec: 1
2022/02/11-15:51:21.840327 7fcf56d78340                   Options.advise_random_on_open: 1
2022/02/11-15:51:21.840328 7fcf56d78340                    Options.db_write_buffer_size: 0
2022/02/11-15:51:21.840329 7fcf56d78340                    Options.write_buffer_manager: 0x561d577e6b70
2022/02/11-15:51:21.840330 7fcf56d78340         Options.access_hint_on_compaction_start: 1
2022/02/11-15:51:21.840373 7fcf56d78340  Options.new_table_reader_for_compaction_inputs: 0
2022/02/11-15:51:21.840376 7fcf56d78340           Options.random_access_max_buffer_size: 1048576
2022/02/11-15:51:21.840377 7fcf56d78340                      Options.use_adaptive_mutex: 0
2022/02/11-15:51:21.840378 7fcf56d78340                            Options.rate_limiter: (nil)
2022/02/11-15:51:21.840379 7fcf56d78340     Options.sst_file_manager.rate_bytes_per_sec: 0
2022/02/11-15:51:21.840380 7fcf56d78340                       Options.wal_recovery_mode: 2
2022/02/11-15:51:21.840381 7fcf56d78340                  Options.enable_thread_tracking: 0
2022/02/11-15:51:21.840382 7fcf56d78340                  Options.enable_pipelined_write: 0
2022/02/11-15:51:21.840383 7fcf56d78340                  Options.unordered_write: 0
2022/02/11-15:51:21.840383 7fcf56d78340         Options.allow_concurrent_memtable_write: 1
2022/02/11-15:51:21.840384 7fcf56d78340      Options.enable_write_thread_adaptive_yield: 1
2022/02/11-15:51:21.840385 7fcf56d78340             Options.write_thread_max_yield_usec: 100
2022/02/11-15:51:21.840386 7fcf56d78340            Options.write_thread_slow_yield_usec: 3
2022/02/11-15:51:21.840387 7fcf56d78340                               Options.row_cache: None
2022/02/11-15:51:21.840387 7fcf56d78340                              Options.wal_filter: None
2022/02/11-15:51:21.840389 7fcf56d78340             Options.avoid_flush_during_recovery: 0
2022/02/11-15:51:21.840389 7fcf56d78340             Options.allow_ingest_behind: 0
2022/02/11-15:51:21.840390 7fcf56d78340             Options.preserve_deletes: 0
2022/02/11-15:51:21.840391 7fcf56d78340             Options.two_write_queues: 0
2022/02/11-15:51:21.840392 7fcf56d78340             Options.manual_wal_flush: 0
2022/02/11-15:51:21.840393 7fcf56d78340             Options.atomic_flush: 0
2022/02/11-15:51:21.840394 7fcf56d78340             Options.avoid_unnecessary_blocking_io: 0
2022/02/11-15:51:21.840394 7fcf56d78340                 Options.persist_stats_to_disk: 0
2022/02/11-15:51:21.840396 7fcf56d78340                 Options.write_dbid_to_manifest: 0
2022/02/11-15:51:21.840396 7fcf56d78340                 Options.log_readahead_size: 0
2022/02/11-15:51:21.840397 7fcf56d78340                 Options.file_checksum_gen_factory: Unknown
2022/02/11-15:51:21.840398 7fcf56d78340                 Options.best_efforts_recovery: 0
2022/02/11-15:51:21.840399 7fcf56d78340                Options.max_bgerror_resume_count: 2147483647
2022/02/11-15:51:21.840400 7fcf56d78340            Options.bgerror_resume_retry_interval: 1000000
2022/02/11-15:51:21.840401 7fcf56d78340             Options.allow_data_in_errors: 0
2022/02/11-15:51:21.840402 7fcf56d78340             Options.db_host_id: __hostname__
2022/02/11-15:51:21.840402 7fcf56d78340             Options.max_background_jobs: 2
2022/02/11-15:51:21.840403 7fcf56d78340             Options.max_background_compactions: -1
2022/02/11-15:51:21.840404 7fcf56d78340             Options.max_subcompactions: 1
2022/02/11-15:51:21.840405 7fcf56d78340             Options.avoid_flush_during_shutdown: 0
2022/02/11-15:51:21.840406 7fcf56d78340           Options.writable_file_max_buffer_size: 1048576
2022/02/11-15:51:21.840407 7fcf56d78340             Options.delayed_write_rate : 16777216
2022/02/11-15:51:21.840408 7fcf56d78340             Options.max_total_wal_size: 0
2022/02/11-15:51:21.840409 7fcf56d78340             Options.delete_obsolete_files_period_micros: 21600000000
2022/02/11-15:51:21.840410 7fcf56d78340                   Options.stats_dump_period_sec: 600
2022/02/11-15:51:21.840411 7fcf56d78340                 Options.stats_persist_period_sec: 600
2022/02/11-15:51:21.840412 7fcf56d78340                 Options.stats_history_buffer_size: 1048576
2022/02/11-15:51:21.840413 7fcf56d78340                          Options.max_open_files: -1
2022/02/11-15:51:21.840414 7fcf56d78340                          Options.bytes_per_sync: 0
2022/02/11-15:51:21.840415 7fcf56d78340                      Options.wal_bytes_per_sync: 0
2022/02/11-15:51:21.840425 7fcf56d78340                   Options.strict_bytes_per_sync: 0
2022/02/11-15:51:21.840426 7fcf56d78340       Options.compaction_readahead_size: 0
2022/02/11-15:51:21.840427 7fcf56d78340                  Options.max_background_flushes: -1
2022/02/11-15:51:21.840428 7fcf56d78340 Compression algorithms supported:
2022/02/11-15:51:21.840429 7fcf56d78340 	kZSTDNotFinalCompression supported: 1
2022/02/11-15:51:21.840431 7fcf56d78340 	kZSTD supported: 1
2022/02/11-15:51:21.840432 7fcf56d78340 	kXpressCompression supported: 0
2022/02/11-15:51:21.840433 7fcf56d78340 	kLZ4HCCompression supported: 1
2022/02/11-15:51:21.840434 7fcf56d78340 	kLZ4Compression supported: 1
2022/02/11-15:51:21.840435 7fcf56d78340 	kBZip2Compression supported: 1
2022/02/11-15:51:21.840436 7fcf56d78340 	kZlibCompression supported: 1
2022/02/11-15:51:21.840437 7fcf56d78340 	kSnappyCompression supported: 1
2022/02/11-15:51:21.840440 7fcf56d78340 Fast CRC32 supported: Not supported on x86
2022/02/11-15:51:21.840511 7fcf56d78340 [db/version_set.cc:4626] Recovering from manifest file: ./client_db/k#84ed1352d9c5e0335252cbc8fb2dccc29d0601ad3c4f8fb07eca02be1472b4af/MANIFEST-000301
2022/02/11-15:51:21.840878 7fcf56d78340 [db/column_family.cc:596] --------------- Options for column family [default]:
2022/02/11-15:51:21.840883 7fcf56d78340               Options.comparator: leveldb.BytewiseComparator
2022/02/11-15:51:21.840884 7fcf56d78340           Options.merge_operator: None
2022/02/11-15:51:21.840885 7fcf56d78340        Options.compaction_filter: None
2022/02/11-15:51:21.840886 7fcf56d78340        Options.compaction_filter_factory: None
2022/02/11-15:51:21.840887 7fcf56d78340  Options.sst_partitioner_factory: None
2022/02/11-15:51:21.840888 7fcf56d78340         Options.memtable_factory: SkipListFactory
2022/02/11-15:51:21.840890 7fcf56d78340            Options.table_factory: BlockBasedTable
2022/02/11-15:51:21.840919 7fcf56d78340            table_factory options:   flush_block_policy_factory: FlushBlockBySizePolicyFactory (0x561d577e6780)
  cache_index_and_filter_blocks: 0
  cache_index_and_filter_blocks_with_high_priority: 1
  pin_l0_filter_and_index_blocks_in_cache: 0
  pin_top_level_index_and_filter: 1
  index_type: 0
  data_block_index_type: 0
  index_shortening: 1
  data_block_hash_table_util_ratio: 0.750000
  hash_index_allow_collision: 1
  checksum: 1
  no_block_cache: 0
  block_cache: 0x561d577e6220
  block_cache_name: LRUCache
  block_cache_options:
    capacity : 8388608
    num_shard_bits : 4
    strict_capacity_limit : 0
    memory_allocator : None
    high_pri_pool_ratio: 0.000
  block_cache_compressed: (nil)
  persistent_cache: (nil)
  block_size: 4096
  block_size_deviation: 10
  block_restart_interval: 16
  index_block_restart_interval: 1
  metadata_block_size: 4096
  partition_filters: 0
  use_delta_encoding: 1
  filter_policy: nullptr
  whole_key_filtering: 1
  verify_compression: 0
  read_amp_bytes_per_bit: 0
  format_version: 5
  enable_index_compression: 1
  block_align: 0
2022/02/11-15:51:21.840922 7fcf56d78340        Options.write_buffer_size: 67108864
2022/02/11-15:51:21.840923 7fcf56d78340  Options.max_write_buffer_number: 2
2022/02/11-15:51:21.840924 7fcf56d78340          Options.compression: Snappy
2022/02/11-15:51:21.840925 7fcf56d78340                  Options.bottommost_compression: Disabled
2022/02/11-15:51:21.840926 7fcf56d78340       Options.prefix_extractor: nullptr
2022/02/11-15:51:21.840927 7fcf56d78340   Options.memtable_insert_with_hint_prefix_extractor: nullptr
2022/02/11-15:51:21.840928 7fcf56d78340             Options.num_levels: 7
2022/02/11-15:51:21.840928 7fcf56d78340        Options.min_write_buffer_number_to_merge: 1
2022/02/11-15:51:21.840929 7fcf56d78340     Options.max_write_buffer_number_to_maintain: 0
2022/02/11-15:51:21.840930 7fcf56d78340     Options.max_write_buffer_size_to_maintain: 0
2022/02/11-15:51:21.840931 7fcf56d78340            Options.bottommost_compression_opts.window_bits: -14
2022/02/11-15:51:21.840932 7fcf56d78340                  Options.bottommost_compression_opts.level: 32767
2022/02/11-15:51:21.840980 7fcf56d78340               Options.bottommost_compression_opts.strategy: 0
2022/02/11-15:51:21.840984 7fcf56d78340         Options.bottommost_compression_opts.max_dict_bytes: 0
2022/02/11-15:51:21.840985 7fcf56d78340         Options.bottommost_compression_opts.zstd_max_train_bytes: 0
2022/02/11-15:51:21.840986 7fcf56d78340         Options.bottommost_compression_opts.parallel_threads: 1
2022/02/11-15:51:21.840987 7fcf56d78340                  Options.bottommost_compression_opts.enabled: false
2022/02/11-15:51:21.840988 7fcf56d78340         Options.bottommost_compression_opts.max_dict_buffer_bytes: 0
2022/02/11-15:51:21.840989 7fcf56d78340            Options.compression_opts.window_bits: -14
2022/02/11-15:51:21.840990 7fcf56d78340                  Options.compression_opts.level: 32767
2022/02/11-15:51:21.840990 7fcf56d78340               Options.compression_opts.strategy: 0
2022/02/11-15:51:21.840991 7fcf56d78340         Options.compression_opts.max_dict_bytes: 0
2022/02/11-15:51:21.840992 7fcf56d78340         Options.compression_opts.zstd_max_train_bytes: 0
2022/02/11-15:51:21.840993 7fcf56d78340         Options.compression_opts.parallel_threads: 1
2022/02/11-15:51:21.840994 7fcf56d78340                  Options.compression_opts.enabled: false
2022/02/11-15:51:21.840995 7fcf56d78340         Options.compression_opts.max_dict_buffer_bytes: 0
2022/02/11-15:51:21.840996 7fcf56d78340      Options.level0_file_num_compaction_trigger: 4
2022/02/11-15:51:21.840997 7fcf56d78340          Options.level0_slowdown_writes_trigger: 20
2022/02/11-15:51:21.840998 7fcf56d78340              Options.level0_stop_writes_trigger: 36
2022/02/11-15:51:21.840999 7fcf56d78340                   Options.target_file_size_base: 67108864
2022/02/11-15:51:21.841000 7fcf56d78340             Options.target_file_size_multiplier: 1
2022/02/11-15:51:21.841001 7fcf56d78340                Options.max_bytes_for_level_base: 268435456
2022/02/11-15:51:21.841002 7fcf56d78340 Options.level_compaction_dynamic_level_bytes: 0
2022/02/11-15:51:21.841003 7fcf56d78340          Options.max_bytes_for_level_multiplier: 10.000000
2022/02/11-15:51:21.841007 7fcf56d78340 Options.max_bytes_for_level_multiplier_addtl[0]: 1
2022/02/11-15:51:21.841008 7fcf56d78340 Options.max_bytes_for_level_multiplier_addtl[1]: 1
2022/02/11-15:51:21.841009 7fcf56d78340 Options.max_bytes_for_level_multiplier_addtl[2]: 1
2022/02/11-15:51:21.841010 7fcf56d78340 Options.max_bytes_for_level_multiplier_addtl[3]: 1
2022/02/11-15:51:21.841011 7fcf56d78340 Options.max_bytes_for_level_multiplier_addtl[4]: 1
2022/02/11-15:51:21.841011 7fcf56d78340 Options.max_bytes_for_level_multiplier_addtl[5]: 1
2022/02/11-15:51:21.841012 7fcf56d78340 Options.max_bytes_for_level_multiplier_addtl[6]: 1
2022/02/11-15:51:21.841013 7fcf56d78340       Options.max_sequential_skip_in_iterations: 8
2022/02/11-15:51:21.841014 7fcf56d78340                    Options.max_compaction_bytes: 1677721600
2022/02/11-15:51:21.841015 7fcf56d78340                        Options.arena_block_size: 8388608
2022/02/11-15:51:21.841016 7fcf56d78340   Options.soft_pending_compaction_bytes_limit: 68719476736
2022/02/11-15:51:21.841017 7fcf56d78340   Options.hard_pending_compaction_bytes_limit: 274877906944
2022/02/11-15:51:21.841018 7fcf56d78340       Options.rate_limit_delay_max_milliseconds: 100
2022/02/11-15:51:21.841019 7fcf56d78340                Options.disable_auto_compactions: 0
2022/02/11-15:51:21.841022 7fcf56d78340                        Options.compaction_style: kCompactionStyleLevel
2022/02/11-15:51:21.841024 7fcf56d78340                          Options.compaction_pri: kMinOverlappingRatio
2022/02/11-15:51:21.841025 7fcf56d78340 Options.compaction_options_universal.size_ratio: 1
2022/02/11-15:51:21.841026 7fcf56d78340 Options.compaction_options_universal.min_merge_width: 2
2022/02/11-15:51:21.841027 7fcf56d78340 Options.compaction_options_universal.max_merge_width: 4294967295
2022/02/11-15:51:21.841028 7fcf56d78340 Options.compaction_options_universal.max_size_amplification_percent: 200
2022/02/11-15:51:21.841029 7fcf56d78340 Options.compaction_options_universal.compression_size_percent: -1
2022/02/11-15:51:21.841036 7fcf56d78340 Options.compaction_options_universal.stop_style: kCompactionStopStyleTotalSize
2022/02/11-15:51:21.841038 7fcf56d78340 Options.compaction_options_fifo.max_table_files_size: 1073741824
2022/02/11-15:51:21.841039 7fcf56d78340 Options.compaction_options_fifo.allow_compaction: 0
2022/02/11-15:51:21.841047 7fcf56d78340                   Options.table_properties_collectors: 
2022/02/11-15:51:21.841048 7fcf56d78340                   Options.inplace_update_support: 0
2022/02/11-15:51:21.841049 7fcf56d78340                 Options.inplace_update_num_locks: 10000
2022/02/11-15:51:21.841049 7fcf56d78340               Options.memtable_prefix_bloom_size_ratio: 0.000000
2022/02/11-15:51:21.841051 7fcf56d78340               Options.memtable_whole_key_filtering: 0
2022/02/11-15:51:21.841051 7fcf56d78340   Options.memtable_huge_page_size: 0
2022/02/11-15:51:21.841052 7fcf56d78340                           Options.bloom_locality: 0
2022/02/11-15:51:21.841053 7fcf56d78340                    Options.max_successive_merges: 0
2022/02/11-15:51:21.841054 7fcf56d78340                Options.optimize_filters_for_hits: 0
2022/02/11-15:51:21.841055 7fcf56d78340                Options.paranoid_file_checks: 0
2022/02/11-15:51:21.841056 7fcf56d78340                Options.force_consistency_checks: 1
2022/02/11-15:51:21.841057 7fcf56d78340                Options.report_bg_io_stats: 0
2022/02/11-15:51:21.841057 7fcf56d78340                               Options.ttl: 2592000
2022/02/11-15:51:21.841058 7fcf56d78340          Options.periodic_compaction_seconds: 0
2022/02/11-15:51:21.841059 7fcf56d78340                    Options.enable_blob_files: false
2022/02/11-15:51:21.841060 7fcf56d78340                        Options.min_blob_size: 0
2022/02/11-15:51:21.841061 7fcf56d78340                       Options.blob_file_size: 268435456
2022/02/11-15:51:21.841062 7fcf56d78340                Options.blob_compression_type: NoCompression
2022/02/11-15:51:21.841063 7fcf56d78340       Options.enable_blob_garbage_collection: false
2022/02/11-15:51:21.841063 7fcf56d78340   Options.blob_garbage_collection_age_cutoff: 0.250000
2022/02/11-15:51:21.841125 7fcf56d78340 [db/column_family.cc:596] --------------- Options for column family [pending_orders]:
2022/02/11-15:51:21.841127 7fcf56d78340               Options.comparator: leveldb.BytewiseComparator
2022/02/11-15:51:21.841128 7fcf56d78340           Options.merge_operator: None
2022/02/11-15:51:21.841129 7fcf56d78340        Options.compaction_filter: None
2022/02/11-15:51:21.841129 7fcf56d78340        Options.compaction_filter_factory: None
2022/02/11-15:51:21.841130 7fcf56d78340  Options.sst_partitioner_factory: None
2022/02/11-15:51:21.841131 7fcf56d78340         Options.memtable_factory: SkipListFactory
2022/02/11-15:51:21.841132 7fcf56d78340            Options.table_factory: BlockBasedTable
2022/02/11-15:51:21.841157 7fcf56d78340            table_factory options:   flush_block_policy_factory: FlushBlockBySizePolicyFactory (0x561d577eb9d0)
  cache_index_and_filter_blocks: 0
  cache_index_and_filter_blocks_with_high_priority: 1
  pin_l0_filter_and_index_blocks_in_cache: 0
  pin_top_level_index_and_filter: 1
  index_type: 0
  data_block_index_type: 0
  index_shortening: 1
  data_block_hash_table_util_ratio: 0.750000
  hash_index_allow_collision: 1
  checksum: 1
  no_block_cache: 0
  block_cache: 0x561d577eba20
  block_cache_name: LRUCache
  block_cache_options:
    capacity : 8388608
    num_shard_bits : 4
    strict_capacity_limit : 0
    memory_allocator : None
    high_pri_pool_ratio: 0.000
  block_cache_compressed: (nil)
  persistent_cache: (nil)
  block_size: 4096
  block_size_deviation: 10
  block_restart_interval: 16
  index_block_restart_interval: 1
  metadata_block_size: 4096
  partition_filters: 0
  use_delta_encoding: 1
  filter_policy: nullptr
  whole_key_filtering: 1
  verify_compression: 0
  read_amp_bytes_per_bit: 0
  format_version: 5
  enable_index_compression: 1
  block_align: 0
2022/02/11-15:51:21.841165 7fcf56d78340        Options.write_buffer_size: 67108864
2022/02/11-15:51:21.841166 7fcf56d78340  Options.max_write_buffer_number: 2
2022/02/11-15:51:21.841167 7fcf56d78340          Options.compression: Snappy
2022/02/11-15:51:21.841168 7fcf56d78340                  Options.bottommost_compression: Disabled
2022/02/11-15:51:21.841169 7fcf56d78340       Options.prefix_extractor: nullptr
2022/02/11-15:51:21.841170 7fcf56d78340   Options.memtable_insert_with_hint_prefix_extractor: nullptr
2022/02/11-15:51:21.841171 7fcf56d78340             Options.num_levels: 7
2022/02/11-15:51:21.841172 7fcf56d78340        Options.min_write_buffer_number_to_merge: 1
2022/02/11-15:51:21.841173 7fcf56d78340     Options.max_write_buffer_number_to_maintain: 0
2022/02/11-15:51:21.841175 7fcf56d78340     Options.max_write_buffer_size_to_maintain: 0
2022/02/11-15:51:21.841176 7fcf56d78340            Options.bottommost_compression_opts.window_bits: -14
2022/02/11-15:51:21.841178 7fcf56d78340                  Options.bottommost_compression_opts.level: 32767
2022/02/11-15:51:21.841179 7fcf56d78340               Options.bottommost_compression_opts.strategy: 0
2022/02/11-15:51:21.841180 7fcf56d78340         Options.bottommost_compression_opts.max_dict_bytes: 0
2022/02/11-15:51:21.841182 7fcf56d78340         Options.bottommost_compression_opts.zstd_max_train_bytes: 0
2022/02/11-15:51:21.841183 7fcf56d78340         Options.bottommost_compression_opts.parallel_threads: 1
2022/02/11-15:51:21.841184 7fcf56d78340                  Options.bottommost_compression_opts.enabled: false
2022/02/11-15:51:21.841185 7fcf56d78340         Options.bottommost_compression_opts.max_dict_buffer_bytes: 0
2022/02/11-15:51:21.841186 7fcf56d78340            Options.compression_opts.window_bits: -14
2022/02/11-15:51:21.841187 7fcf56d78340                  Options.compression_opts.level: 32767
2022/02/11-15:51:21.841188 7fcf56d78340               Options.compression_opts.strategy: 0
2022/02/11-15:51:21.841189 7fcf56d78340         Options.compression_opts.max_dict_bytes: 0
2022/02/11-15:51:21.841190 7fcf56d78340         Options.compression_opts.zstd_max_train_bytes: 0
2022/02/11-15:51:21.841191 7fcf56d78340         Options.compression_opts.parallel_threads: 1
2022/02/11-15:51:21.841191 7fcf56d78340                  Options.compression_opts.enabled: false
2022/02/11-15:51:21.841192 7fcf56d78340         Options.compression_opts.max_dict_buffer_bytes: 0
2022/02/11-15:51:21.841193 7fcf56d78340      Options.level0_file_num_compaction_trigger: 4
2022/02/11-15:51:21.841194 7fcf56d78340          Options.level0_slowdown_writes_trigger: 20
2022/02/11-15:51:21.841194 7fcf56d78340              Options.level0_stop_writes_trigger: 36
2022/02/11-15:51:21.841195 7fcf56d78340                   Options.target_file_size_base: 67108864
2022/02/11-15:51:21.841196 7fcf56d78340             Options.target_file_size_multiplier: 1
2022/02/11-15:51:21.841197 7fcf56d78340                Options.max_bytes_for_level_base: 268435456
2022/02/11-15:51:21.841197 7fcf56d78340 Options.level_compaction_dynamic_level_bytes: 0
2022/02/11-15:51:21.841198 7fcf56d78340          Options.max_bytes_for_level_multiplier: 10.000000
2022/02/11-15:51:21.841200 7fcf56d78340 Options.max_bytes_for_level_multiplier_addtl[0]: 1
2022/02/11-15:51:21.841200 7fcf56d78340 Options.max_bytes_for_level_multiplier_addtl[1]: 1
2022/02/11-15:51:21.841201 7fcf56d78340 Options.max_bytes_for_level_multiplier_addtl[2]: 1
2022/02/11-15:51:21.841202 7fcf56d78340 Options.max_bytes_for_level_multiplier_addtl[3]: 1
2022/02/11-15:51:21.841203 7fcf56d78340 Options.max_bytes_for_level_multiplier_addtl[4]: 1
2022/02/11-15:51:21.841204 7fcf56d78340 Options.max_bytes_for_level_multiplier_addtl[5]: 1
2022/02/11-15:51:21.841205 7fcf56d78340 Options.max_bytes_for_level_multiplier_addtl[6]: 1
2022/02/11-15:51:21.841206 7fcf56d78340       Options.max_sequential_skip_in_iterations: 8
2022/02/11-15:51:21.841206 7fcf56d78340                    Options.max_compaction_bytes: 1677721600
2022/02/11-15:51:21.841207 7fcf56d78340                        Options.arena_block_size: 8388608
2022/02/11-15:51:21.841212 7fcf56d78340   Options.soft_pending_compaction_bytes_limit: 68719476736
2022/02/11-15:51:21.841213 7fcf56d78340   Options.hard_pending_compaction_bytes_limit: 274877906944
2022/02/11-15:51:21.841214 7fcf56d78340       Options.rate_limit_delay_max_milliseconds: 100
2022/02/11-15:51:21.841215 7fcf56d78340                Options.disable_auto_compactions: 0
2022/02/11-15:51:21.841216 7fcf56d78340                        Options.compaction_style: kCompactionStyleLevel
2022/02/11-15:51:21.841218 7fcf56d78340                          Options.compaction_pri: kMinOverlappingRatio
2022/02/11-15:51:21.841219 7fcf56d78340 Options.compaction_options_universal.size_ratio: 1
2022/02/11-15:51:21.841219 7fcf56d78340 Options.compaction_options_universal.min_merge_width: 2
2022/02/11-15:51:21.841220 7fcf56d78340 Options.compaction_options_universal.max_merge_width: 4294967295
2022/02/11-15:51:21.841221 7fcf56d78340 Options.compaction_options_universal.max_size_amplification_percent: 200
2022/02/11-15:51:21.841222 7fcf56d78340 Options.compaction_options_universal.compression_size_percent: -1
2022/02/11-15:51:21.841224 7fcf56d78340 Options.compaction_options_universal.stop_style: kCompactionStopStyleTotalSize
2022/02/11-15:51:21.841224 7fcf56d78340 Options.compaction_options_fifo.max_table_files_size: 1073741824
2022/02/11-15:51:21.841225 7fcf56d78340 Options.compaction_options_fifo.allow_compaction: 0
2022/02/11-15:51:21.841229 7fcf56d78340                   Options.table_properties_collectors: 
2022/02/11-15:51:21.841229 7fcf56d78340                   Options.inplace_update_support: 0
2022/02/11-15:51:21.841230 7fcf56d78340                 Options.inplace_update_num_locks: 10000
2022/02/11-15:51:21.841231 7fcf56d78340               Options.memtable_prefix_bloom_size_ratio: 0.000000
2022/02/11-15:51:21.841232 7fcf56d78340               Options.memtable_whole_key_filtering: 0
2022/02/11-15:51:21.841233 7fcf56d78340   Options.memtable_huge_page_size: 0
2022/02/11-15:51:21.841234 7fcf56d78340                           Options.bloom_locality: 0
2022/02/11-15:51:21.841235 7fcf56d78340                    Options.max_successive_merges: 0
2022/02/11-15:51:21.841236 7fcf56d78340                Options.optimize_filters_for_hits: 0
2022/02/11-15:51:21.841237 7fcf56d78340                Options.paranoid_file_checks: 0
2022/02/11-15:51:21.841238 7fcf56d78340                Options.force_consistency_checks: 1
2022/02/11-15:51:21.841239 7fcf56d78340                Options.report_bg_io_stats: 0
2022/02/11-15:51:21.841240 7fcf56d78340                               Options.ttl: 2592000
2022/02/11-15:51:21.841240 7fcf56d78340          Options.periodic_compaction_seconds: 0
2022/02/11-15:51:21.841241 7fcf56d78340                    Options.enable_blob_files: false
2022/02/11-15:51:21.841242 7fcf56d78340                        Options.min_blob_size: 0
2022/02/11-15:51:21.841243 7fcf56d78340                       Options.blob_file_size: 268435456
2022/02/11-15:51:21.841244 7fcf56d78340                Options.blob_compression_type: NoCompression
2022/02/11-15:51:21.841245 7fcf56d78340       Options.enable_blob_garbage_collection: false
2022/02/11-15:51:21.841245 7fcf56d78340   Options.blob_garbage_collection_age_cutoff: 0.250000
2022/02/11-15:51:21.841361 7fcf56d78340 [db/column_family.cc:596] --------------- Options for column family [certificates]:
2022/02/11-15:51:21.841365 7fcf56d78340               Options.comparator: leveldb.BytewiseComparator
2022/02/11-15:51:21.841366 7fcf56d78340           Options.merge_operator: None
2022/02/11-15:51:21.841366 7fcf56d78340        Options.compaction_filter: None
2022/02/11-15:51:21.841367 7fcf56d78340        Options.compaction_filter_factory: None
2022/02/11-15:51:21.841368 7fcf56d78340  Options.sst_partitioner_factory: None
2022/02/11-15:51:21.841369 7fcf56d78340         Options.memtable_factory: SkipListFactory
2022/02/11-15:51:21.841370 7fcf56d78340            Options.table_factory: BlockBasedTable
2022/02/11-15:51:21.841388 7fcf56d78340            table_factory options:   flush_block_policy_factory: FlushBlockBySizePolicyFactory (0x561d577e9be0)
  cache_index_and_filter_blocks: 0
  cache_index_and_filter_blocks_with_high_priority: 1
  pin_l0_filter_and_index_blocks_in_cache: 0
  pin_top_level_index_and_filter: 1
  index_type: 0
  data_block_index_type: 0
  index_shortening: 1
  data_block_hash_table_util_ratio: 0.750000
  hash_index_allow_collision: 1
  checksum: 1
  no_block_cache: 0
  block_cache: 0x561d577edad0
  block_cache_name: LRUCache
  block_cache_options:
    capacity : 8388608
    num_shard_bits : 4
    strict_capacity_limit : 0
    memory_allocator : None
    high_pri_pool_ratio: 0.000
  block_cache_compressed: (nil)
  persistent_cache: (nil)
  block_size: 4096
  block_size_deviation: 10
  block_restart_interval: 16
  index_block_restart_interval: 1
  metadata_block_size: 4096
  partition_filters: 0
  use_delta_encoding: 1
  filter_policy: nullptr
  whole_key_filtering: 1
  verify_compression: 0
  read_amp_bytes_per_bit: 0
  format_version: 5
  enable_index_compression: 1
  block_align: 0
2022/02/11-15:51:21.841406 7fcf56d78340        Options.write_buffer_size: 67108864
2022/02/11-15:51:21.841408 7fcf56d78340  Options.max_write_buffer_number: 2
2022/02/11-15:51:21.841408 7fcf56d78340          Options.compression: Snappy
2022/02/11-15:51:21.841409 7fcf56d78340                  Options.bottommost_compression: Disabled
2022/02/11-15:51:21.841410 7fcf56d78340       Options.prefix_extractor: nullptr
2022/02/11-15:51:21.841411 7fcf56d78340   Options.memtable_insert_with_hint_prefix_extractor: nullptr
2022/02/11-15:51:21.841412 7fcf56d78340             Options.num_levels: 7
2022/02/11-15:51:21.841413 7fcf56d78340        Options.min_write_buffer_number_to_merge: 1
2022/02/11-15:51:21.841413 7fcf56d78340     Options.max_write_buffer_number_to_maintain: 0
2022/02/11-15:51:21.841414 7fcf56d78340     Options.max_write_buffer_size_to_maintain: 0
2022/02/11-15:51:21.841415 7fcf56d78340            Options.bottommost_compression_opts.window_bits: -14
2022/02/11-15:51:21.841416 7fcf56d78340                  Options.bottommost_compression_opts.level: 32767
2022/02/11-15:51:21.841417 7fcf56d78340               Options.bottommost_compression_opts.strategy: 0
2022/02/11-15:51:21.841418 7fcf56d78340         Options.bottommost_compression_opts.max_dict_bytes: 0
2022/02/11-15:51:21.841419 7fcf56d78340         Options.bottommost_compression_opts.zstd_max_train_bytes: 0
2022/02/11-15:51:21.841420 7fcf56d78340         Options.bottommost_compression_opts.parallel_threads: 1
2022/02/11-15:51:21.841420 7fcf56d78340                  Options.bottommost_compression_opts.enabled: false
2022/02/11-15:51:21.841421 7fcf56d78340         Options.bottommost_compression_opts.max_dict_buffer_bytes: 0
2022/02/11-15:51:21.841422 7fcf56d78340            Options.compression_opts.window_bits: -14
2022/02/11-15:51:21.841423 7fcf56d78340                  Options.compression_opts.level: 32767
2022/02/11-15:51:21.841423 7fcf56d78340               Options.compression_opts.strategy: 0
2022/02/11-15:51:21.841424 7fcf56d78340         Options.compression_opts.max_dict_bytes: 0
2022/02/11-15:51:21.841425 7fcf56d78340         Options.compression_opts.zstd_max_train_bytes: 0
2022/02/11-15:51:21.841426 7fcf56d78340         Options.compression_opts.parallel_threads: 1
2022/02/11-15:51:21.841426 7fcf56d78340                  Options.compression_opts.enabled: false
2022/02/11-15:51:21.841427 7fcf56d78340         Options.compression_opts.max_dict_buffer_bytes: 0
2022/02/11-15:51:21.841428 7fcf56d78340      Options.level0_file_num_compaction_trigger: 4
2022/02/11-15:51:21.841429 7fcf56d78340          Options.level0_slowdown_writes_trigger: 20
2022/02/11-15:51:21.841429 7fcf56d78340              Options.level0_stop_writes_trigger: 36
2022/02/11-15:51:21.841430 7fcf56d78340                   Options.target_file_size_base: 67108864
2022/02/11-15:51:21.841431 7fcf56d78340             Options.target_file_size_multiplier: 1
2022/02/11-15:51:21.841432 7fcf56d78340                Options.max_bytes_for_level_base: 268435456
2022/02/11-15:51:21.841438 7fcf56d78340 Options.level_compaction_dynamic_level_bytes: 0
2022/02/11-15:51:21.841439 7fcf56d78340          Options.max_bytes_for_level_multiplier: 10.000000
2022/02/11-15:51:21.841441 7fcf56d78340 Options.max_bytes_for_level_multiplier_addtl[0]: 1
2022/02/11-15:51:21.841442 7fcf56d78340 Options.max_bytes_for_level_multiplier_addtl[1]: 1
2022/02/11-15:51:21.841443 7fcf56d78340 Options.max_bytes_for_level_multiplier_addtl[2]: 1
2022/02/11-15:51:21.841443 7fcf56d78340 Options.max_bytes_for_level_multiplier_addtl[3]: 1
2022/02/11-15:51:21.841444 7fcf56d78340 Options.max_bytes_for_level_multiplier_addtl[4]: 1
2022/02/11-15:51:21.841445 7fcf56d78340 Options.max_bytes_for_level_multiplier_addtl[5]: 1
2022/02/11-15:51:21.841445 7fcf56d78340 Options.max_bytes_for_level_multiplier_addtl[6]: 1
2022/02/11-15:51:21.841447 7fcf56d78340       Options.max_sequential_skip_in_iterations: 8
2022/02/11-15:51:21.841447 7fcf56d78340                    Options.max_compaction_bytes: 1677721600
2022/02/11-15:51:21.841448 7fcf56d78340                        Options.arena_block_size: 8388608
2022/02/11-15:51:21.841449 7fcf56d78340   Options.soft_pending_compaction_bytes_limit: 68719476736
2022/02/11-15:51:21.841460 7fcf56d78340   Options.hard_pending_compaction_bytes_limit: 274877906944
2022/02/11-15:51:21.841461 7fcf56d78340       Options.rate_limit_delay_max_milliseconds: 100
2022/02/11-15:51:21.841462 7fcf56d78340                Options.disable_auto_compactions: 0
2022/02/11-15:51:21.841464 7fcf56d78340                        Options.compaction_style: kCompactionStyleLevel
2022/02/11-15:51:21.841465 7fcf56d78340                          Options.compaction_pri: kMinOverlappingRatio
2022/02/11-15:51:21.841466 7fcf56d78340 Options.compaction_options_universal.size_ratio: 1
2022/02/11-15:51:21.841467 7fcf56d78340 Options.compaction_options_universal.min_merge_width: 2
2022/02/11-15:51:21.841468 7fcf56d78340 Options.compaction_options_universal.max_merge_width: 4294967295
2022/02/11-15:51:21.841469 7fcf56d78340 Options.compaction_options_universal.max_size_amplification_percent: 200
2022/02/11-15:51:21.841470 7fcf56d78340 Options.compaction_options_universal.compression_size_percent: -1
2022/02/11-15:51:21.841471 7fcf56d78340 Options.compaction_options_universal.stop_style: kCompactionStopStyleTotalSize
2022/02/11-15:51:21.841472 7fcf56d78340 Options.compaction_options_fifo.max_table_files_size: 1073741824
2022/02/11-15:51:21.841473 7fcf56d78340 Options.compaction_options_fifo.allow_compaction: 0
2022/02/11-15:51:21.841478 7fcf56d78340                   Options.table_properties_collectors: 
2022/02/11-15:51:21.841479 7fcf56d78340                   Options.inplace_update_support: 0
2022/02/11-15:51:21.841480 7fcf56d78340                 Options.inplace_update_num_locks: 10000
2022/02/11-15:51:21.841481 7fcf56d78340               Options.memtable_prefix_bloom_size_ratio: 0.000000
2022/02/11-15:51:21.841483 7fcf56d78340               Options.memtable_whole_key_filtering: 0
2022/02/11-15:51:21.841484 7fcf56d78340   Options.memtable_huge_page_size: 0
2022/02/11-15:51:21.841484 7fcf56d78340                           Options.bloom_locality: 0
2022/02/11-15:51:21.841485 7fcf56d78340                    Options.max_successive_merges: 0
2022/02/11-15:51:21.841486 7fcf56d78340                Options.optimize_filters_for_hits: 0
2022/02/11-15:51:21.841487 7fcf56d78340                Options.paranoid_file_checks: 0
2022/02/11-15:51:21.841488 7fcf56d78340                Options.force_consistency_checks: 1
2022/02/11-15:51:21.841489 7fcf56d78340                Options.report_bg_io_stats: 0
2022/02/11-15:51:21.841489 7fcf56d78340                               Options.ttl: 2592000
2022/02/11-15:51:21.841490 7fcf56d78340          Options.periodic_compaction_seconds: 0
2022/02/11-15:51:21.841491 7fcf56d78340                    Options.enable_blob_files: false
2022/02/11-15:51:21.841492 7fcf56d78340                        Options.min_blob_size: 0
2022/02/11-15:51:21.841492 7fcf56d78340                       Options.blob_file_size: 268435456
2022/02/11-15:51:21.841503 7fcf56d78340                Options.blob_compression_type: NoCompression
2022/02/11-15:51:21.841508 7fcf56d78340       Options.enable_blob_garbage_collection: false
2022/02/11-15:51:21.841509 7fcf56d78340   Options.blob_garbage_collection_age_cutoff: 0.250000
2022/02/11-15:51:21.841558 7fcf56d78340 [db/column_family.cc:596] --------------- Options for column family [object_certs]:
2022/02/11-15:51:21.841560 7fcf56d78340               Options.comparator: leveldb.BytewiseComparator
2022/02/11-15:51:21.841560 7fcf56d78340           Options.merge_operator: None
2022/02/11-15:51:21.841561 7fcf56d78340        Options.compaction_filter: None
2022/02/11-15:51:21.841562 7fcf56d78340        Options.compaction_filter_factory: None
2022/02/11-15:51:21.841563 7fcf56d78340  Options.sst_partitioner_factory: None
2022/02/11-15:51:21.841564 7fcf56d78340         Options.memtable_factory: SkipListFactory
2022/02/11-15:51:21.841565 7fcf56d78340            Options.table_factory: BlockBasedTable
2022/02/11-15:51:21.841596 7fcf56d78340            table_factory options:   flush_block_policy_factory: FlushBlockBySizePolicyFactory (0x561d577ef750)
  cache_index_and_filter_blocks: 0
  cache_index_and_filter_blocks_with_high_priority: 1
  pin_l0_filter_and_index_blocks_in_cache: 0
  pin_top_level_index_and_filter: 1
  index_type: 0
  data_block_index_type: 0
  index_shortening: 1
  data_block_hash_table_util_ratio: 0.750000
  hash_index_allow_collision: 1
  checksum: 1
  no_block_cache: 0
  block_cache: 0x561d577ef7a0
  block_cache_name: LRUCache
  block_cache_options:
    capacity : 8388608
    num_shard_bits : 4
    strict_capacity_limit : 0
    memory_allocator : None
    high_pri_pool_ratio: 0.000
  block_cache_compressed: (nil)
  persistent_cache: (nil)
  block_size: 4096
  block_size_deviation: 10
  block_restart_interval: 16
  index_block_restart_interval: 1
  metadata_block_size: 4096
  partition_filters: 0
  use_delta_encoding: 1
  filter_policy: nullptr
  whole_key_filtering: 1
  verify_compression: 0
  read_amp_bytes_per_bit: 0
  format_version: 5
  enable_index_compression: 1
  block_align: 0
2022/02/11-15:51:21.841601 7fcf56d78340        Options.write_buffer_size: 67108864
2022/02/11-15:51:21.841602 7fcf56d78340  Options.max_write_buffer_number: 2
2022/02/11-15:51:21.841603 7fcf56d78340          Options.compression: Snappy
2022/02/11-15:51:21.841604 7fcf56d78340                  Options.bottommost_compression: Disabled
2022/02/11-15:51:21.841605 7fcf56d78340       Options.prefix_extractor: nullptr
2022/02/11-15:51:21.841606 7fcf56d78340   Options.memtable_insert_with_hint_prefix_extractor: nullptr
2022/02/11-15:51:21.841607 7fcf56d78340             Options.num_levels: 7
2022/02/11-15:51:21.841608 7fcf56d78340        Options.min_write_buffer_number_to_merge: 1
2022/02/11-15:51:21.841609 7fcf56d78340     Options.max_write_buffer_number_to_maintain: 0
2022/02/11-15:51:21.841609 7fcf56d78340     Options.max_write_buffer_size_to_maintain: 0
