2022/02/11-15:32:41.455438 7fc4598f5340 RocksDB version: 6.20.3
2022/02/11-15:32:41.455516 7fc4598f5340 Git sha 8608d75d85f8e1b3b64b73a4fb6d19baec61ba5c
2022/02/11-15:32:41.455519 7fc4598f5340 Compile date 2021-05-05 20:35:30
2022/02/11-15:32:41.455637 7fc4598f5340 DB SUMMARY
2022/02/11-15:32:41.455642 7fc4598f5340 DB Session ID:  GNOC7QNYCM8RN1OPE4IR
2022/02/11-15:32:41.455705 7fc4598f5340 CURRENT file:  CURRENT
2022/02/11-15:32:41.455708 7fc4598f5340 IDENTITY file:  IDENTITY
2022/02/11-15:32:41.455713 7fc4598f5340 MANIFEST file:  MANIFEST-000139 size: 2399 Bytes
2022/02/11-15:32:41.455716 7fc4598f5340 SST files in ./client_db/k#84ed1352d9c5e0335252cbc8fb2dccc29d0601ad3c4f8fb07eca02be1472b4af dir, Total Num: 12, files: 000037.sst 000038.sst 000039.sst 000040.sst 000056.sst 000057.sst 000058.sst 000059.sst 000075.sst 
2022/02/11-15:32:41.455719 7fc4598f5340 Write Ahead Log file in ./client_db/k#84ed1352d9c5e0335252cbc8fb2dccc29d0601ad3c4f8fb07eca02be1472b4af: 000140.log size: 1154 ; 
2022/02/11-15:32:41.455722 7fc4598f5340                         Options.error_if_exists: 0
2022/02/11-15:32:41.455724 7fc4598f5340                       Options.create_if_missing: 1
2022/02/11-15:32:41.455726 7fc4598f5340                         Options.paranoid_checks: 1
2022/02/11-15:32:41.455727 7fc4598f5340                               Options.track_and_verify_wals_in_manifest: 0
2022/02/11-15:32:41.455728 7fc4598f5340                                     Options.env: 0x55c74b7c7420
2022/02/11-15:32:41.455731 7fc4598f5340                                      Options.fs: Posix File System
2022/02/11-15:32:41.455733 7fc4598f5340                                Options.info_log: 0x55c74c601650
2022/02/11-15:32:41.455734 7fc4598f5340                Options.max_file_opening_threads: 16
2022/02/11-15:32:41.455736 7fc4598f5340                              Options.statistics: (nil)
2022/02/11-15:32:41.455738 7fc4598f5340                               Options.use_fsync: 0
2022/02/11-15:32:41.455739 7fc4598f5340                       Options.max_log_file_size: 0
2022/02/11-15:32:41.455740 7fc4598f5340                  Options.max_manifest_file_size: 1073741824
2022/02/11-15:32:41.455742 7fc4598f5340                   Options.log_file_time_to_roll: 0
2022/02/11-15:32:41.455743 7fc4598f5340                       Options.keep_log_file_num: 1000
2022/02/11-15:32:41.455745 7fc4598f5340                    Options.recycle_log_file_num: 0
2022/02/11-15:32:41.455746 7fc4598f5340                         Options.allow_fallocate: 1
2022/02/11-15:32:41.455748 7fc4598f5340                        Options.allow_mmap_reads: 0
2022/02/11-15:32:41.455749 7fc4598f5340                       Options.allow_mmap_writes: 0
2022/02/11-15:32:41.455750 7fc4598f5340                        Options.use_direct_reads: 0
2022/02/11-15:32:41.455752 7fc4598f5340                        Options.use_direct_io_for_flush_and_compaction: 0
2022/02/11-15:32:41.455753 7fc4598f5340          Options.create_missing_column_families: 1
2022/02/11-15:32:41.455755 7fc4598f5340                              Options.db_log_dir: 
2022/02/11-15:32:41.455756 7fc4598f5340                                 Options.wal_dir: ./client_db/k#84ed1352d9c5e0335252cbc8fb2dccc29d0601ad3c4f8fb07eca02be1472b4af
2022/02/11-15:32:41.455757 7fc4598f5340                Options.table_cache_numshardbits: 6
2022/02/11-15:32:41.455759 7fc4598f5340                         Options.WAL_ttl_seconds: 0
2022/02/11-15:32:41.455760 7fc4598f5340                       Options.WAL_size_limit_MB: 0
2022/02/11-15:32:41.455762 7fc4598f5340                        Options.max_write_batch_group_size_bytes: 1048576
2022/02/11-15:32:41.455763 7fc4598f5340             Options.manifest_preallocation_size: 4194304
2022/02/11-15:32:41.455764 7fc4598f5340                     Options.is_fd_close_on_exec: 1
2022/02/11-15:32:41.455766 7fc4598f5340                   Options.advise_random_on_open: 1
2022/02/11-15:32:41.455767 7fc4598f5340                    Options.db_write_buffer_size: 0
2022/02/11-15:32:41.455768 7fc4598f5340                    Options.write_buffer_manager: 0x55c74c679c00
2022/02/11-15:32:41.455770 7fc4598f5340         Options.access_hint_on_compaction_start: 1
2022/02/11-15:32:41.455792 7fc4598f5340  Options.new_table_reader_for_compaction_inputs: 0
2022/02/11-15:32:41.455794 7fc4598f5340           Options.random_access_max_buffer_size: 1048576
2022/02/11-15:32:41.455795 7fc4598f5340                      Options.use_adaptive_mutex: 0
2022/02/11-15:32:41.455796 7fc4598f5340                            Options.rate_limiter: (nil)
2022/02/11-15:32:41.455798 7fc4598f5340     Options.sst_file_manager.rate_bytes_per_sec: 0
2022/02/11-15:32:41.455800 7fc4598f5340                       Options.wal_recovery_mode: 2
2022/02/11-15:32:41.455801 7fc4598f5340                  Options.enable_thread_tracking: 0
2022/02/11-15:32:41.455803 7fc4598f5340                  Options.enable_pipelined_write: 0
2022/02/11-15:32:41.455804 7fc4598f5340                  Options.unordered_write: 0
2022/02/11-15:32:41.455805 7fc4598f5340         Options.allow_concurrent_memtable_write: 1
2022/02/11-15:32:41.455807 7fc4598f5340      Options.enable_write_thread_adaptive_yield: 1
2022/02/11-15:32:41.455808 7fc4598f5340             Options.write_thread_max_yield_usec: 100
2022/02/11-15:32:41.455809 7fc4598f5340            Options.write_thread_slow_yield_usec: 3
2022/02/11-15:32:41.455811 7fc4598f5340                               Options.row_cache: None
2022/02/11-15:32:41.455812 7fc4598f5340                              Options.wal_filter: None
2022/02/11-15:32:41.455814 7fc4598f5340             Options.avoid_flush_during_recovery: 0
2022/02/11-15:32:41.455815 7fc4598f5340             Options.allow_ingest_behind: 0
2022/02/11-15:32:41.455816 7fc4598f5340             Options.preserve_deletes: 0
2022/02/11-15:32:41.455818 7fc4598f5340             Options.two_write_queues: 0
2022/02/11-15:32:41.455819 7fc4598f5340             Options.manual_wal_flush: 0
2022/02/11-15:32:41.455820 7fc4598f5340             Options.atomic_flush: 0
2022/02/11-15:32:41.455821 7fc4598f5340             Options.avoid_unnecessary_blocking_io: 0
2022/02/11-15:32:41.455823 7fc4598f5340                 Options.persist_stats_to_disk: 0
2022/02/11-15:32:41.455824 7fc4598f5340                 Options.write_dbid_to_manifest: 0
2022/02/11-15:32:41.455825 7fc4598f5340                 Options.log_readahead_size: 0
2022/02/11-15:32:41.455827 7fc4598f5340                 Options.file_checksum_gen_factory: Unknown
2022/02/11-15:32:41.455828 7fc4598f5340                 Options.best_efforts_recovery: 0
2022/02/11-15:32:41.455830 7fc4598f5340                Options.max_bgerror_resume_count: 2147483647
2022/02/11-15:32:41.455831 7fc4598f5340            Options.bgerror_resume_retry_interval: 1000000
2022/02/11-15:32:41.455833 7fc4598f5340             Options.allow_data_in_errors: 0
2022/02/11-15:32:41.455834 7fc4598f5340             Options.db_host_id: __hostname__
2022/02/11-15:32:41.455835 7fc4598f5340             Options.max_background_jobs: 2
2022/02/11-15:32:41.455837 7fc4598f5340             Options.max_background_compactions: -1
2022/02/11-15:32:41.455838 7fc4598f5340             Options.max_subcompactions: 1
2022/02/11-15:32:41.455840 7fc4598f5340             Options.avoid_flush_during_shutdown: 0
2022/02/11-15:32:41.455841 7fc4598f5340           Options.writable_file_max_buffer_size: 1048576
2022/02/11-15:32:41.455842 7fc4598f5340             Options.delayed_write_rate : 16777216
2022/02/11-15:32:41.455844 7fc4598f5340             Options.max_total_wal_size: 0
2022/02/11-15:32:41.455845 7fc4598f5340             Options.delete_obsolete_files_period_micros: 21600000000
2022/02/11-15:32:41.455847 7fc4598f5340                   Options.stats_dump_period_sec: 600
2022/02/11-15:32:41.455848 7fc4598f5340                 Options.stats_persist_period_sec: 600
2022/02/11-15:32:41.455850 7fc4598f5340                 Options.stats_history_buffer_size: 1048576
2022/02/11-15:32:41.455851 7fc4598f5340                          Options.max_open_files: -1
2022/02/11-15:32:41.455853 7fc4598f5340                          Options.bytes_per_sync: 0
2022/02/11-15:32:41.455854 7fc4598f5340                      Options.wal_bytes_per_sync: 0
2022/02/11-15:32:41.455863 7fc4598f5340                   Options.strict_bytes_per_sync: 0
2022/02/11-15:32:41.455865 7fc4598f5340       Options.compaction_readahead_size: 0
2022/02/11-15:32:41.455866 7fc4598f5340                  Options.max_background_flushes: -1
2022/02/11-15:32:41.455868 7fc4598f5340 Compression algorithms supported:
2022/02/11-15:32:41.455870 7fc4598f5340 	kZSTDNotFinalCompression supported: 1
2022/02/11-15:32:41.455872 7fc4598f5340 	kZSTD supported: 1
2022/02/11-15:32:41.455874 7fc4598f5340 	kXpressCompression supported: 0
2022/02/11-15:32:41.455875 7fc4598f5340 	kLZ4HCCompression supported: 1
2022/02/11-15:32:41.455877 7fc4598f5340 	kLZ4Compression supported: 1
2022/02/11-15:32:41.455879 7fc4598f5340 	kBZip2Compression supported: 1
2022/02/11-15:32:41.455880 7fc4598f5340 	kZlibCompression supported: 1
2022/02/11-15:32:41.455882 7fc4598f5340 	kSnappyCompression supported: 1
2022/02/11-15:32:41.455884 7fc4598f5340 Fast CRC32 supported: Not supported on x86
2022/02/11-15:32:41.455956 7fc4598f5340 [db/version_set.cc:4626] Recovering from manifest file: ./client_db/k#84ed1352d9c5e0335252cbc8fb2dccc29d0601ad3c4f8fb07eca02be1472b4af/MANIFEST-000139
2022/02/11-15:32:41.456129 7fc4598f5340 [db/column_family.cc:596] --------------- Options for column family [default]:
2022/02/11-15:32:41.456133 7fc4598f5340               Options.comparator: leveldb.BytewiseComparator
2022/02/11-15:32:41.456135 7fc4598f5340           Options.merge_operator: None
2022/02/11-15:32:41.456136 7fc4598f5340        Options.compaction_filter: None
2022/02/11-15:32:41.456138 7fc4598f5340        Options.compaction_filter_factory: None
2022/02/11-15:32:41.456139 7fc4598f5340  Options.sst_partitioner_factory: None
2022/02/11-15:32:41.456141 7fc4598f5340         Options.memtable_factory: SkipListFactory
2022/02/11-15:32:41.456142 7fc4598f5340            Options.table_factory: BlockBasedTable
2022/02/11-15:32:41.456185 7fc4598f5340            table_factory options:   flush_block_policy_factory: FlushBlockBySizePolicyFactory (0x55c74c5ec4f0)
  cache_index_and_filter_blocks: 0
  cache_index_and_filter_blocks_with_high_priority: 1
  pin_l0_filter_and_index_blocks_in_cache: 0
  pin_top_level_index_and_filter: 1
  index_type: 0
  data_block_index_type: 0
  index_shortening: 1
  data_block_hash_table_util_ratio: 0.750000
  hash_index_allow_collision: 1
  checksum: 1
  no_block_cache: 0
  block_cache: 0x55c74c600260
  block_cache_name: LRUCache
  block_cache_options:
    capacity : 8388608
    num_shard_bits : 4
    strict_capacity_limit : 0
    memory_allocator : None
    high_pri_pool_ratio: 0.000
  block_cache_compressed: (nil)
  persistent_cache: (nil)
  block_size: 4096
  block_size_deviation: 10
  block_restart_interval: 16
  index_block_restart_interval: 1
  metadata_block_size: 4096
  partition_filters: 0
  use_delta_encoding: 1
  filter_policy: nullptr
  whole_key_filtering: 1
  verify_compression: 0
  read_amp_bytes_per_bit: 0
  format_version: 5
  enable_index_compression: 1
  block_align: 0
2022/02/11-15:32:41.456187 7fc4598f5340        Options.write_buffer_size: 67108864
2022/02/11-15:32:41.456189 7fc4598f5340  Options.max_write_buffer_number: 2
2022/02/11-15:32:41.456191 7fc4598f5340          Options.compression: Snappy
2022/02/11-15:32:41.456192 7fc4598f5340                  Options.bottommost_compression: Disabled
2022/02/11-15:32:41.456194 7fc4598f5340       Options.prefix_extractor: nullptr
2022/02/11-15:32:41.456195 7fc4598f5340   Options.memtable_insert_with_hint_prefix_extractor: nullptr
2022/02/11-15:32:41.456197 7fc4598f5340             Options.num_levels: 7
2022/02/11-15:32:41.456198 7fc4598f5340        Options.min_write_buffer_number_to_merge: 1
2022/02/11-15:32:41.456199 7fc4598f5340     Options.max_write_buffer_number_to_maintain: 0
2022/02/11-15:32:41.456201 7fc4598f5340     Options.max_write_buffer_size_to_maintain: 0
2022/02/11-15:32:41.456202 7fc4598f5340            Options.bottommost_compression_opts.window_bits: -14
2022/02/11-15:32:41.456204 7fc4598f5340                  Options.bottommost_compression_opts.level: 32767
2022/02/11-15:32:41.456217 7fc4598f5340               Options.bottommost_compression_opts.strategy: 0
2022/02/11-15:32:41.456219 7fc4598f5340         Options.bottommost_compression_opts.max_dict_bytes: 0
2022/02/11-15:32:41.456221 7fc4598f5340         Options.bottommost_compression_opts.zstd_max_train_bytes: 0
2022/02/11-15:32:41.456222 7fc4598f5340         Options.bottommost_compression_opts.parallel_threads: 1
2022/02/11-15:32:41.456224 7fc4598f5340                  Options.bottommost_compression_opts.enabled: false
2022/02/11-15:32:41.456225 7fc4598f5340         Options.bottommost_compression_opts.max_dict_buffer_bytes: 0
2022/02/11-15:32:41.456227 7fc4598f5340            Options.compression_opts.window_bits: -14
2022/02/11-15:32:41.456228 7fc4598f5340                  Options.compression_opts.level: 32767
2022/02/11-15:32:41.456230 7fc4598f5340               Options.compression_opts.strategy: 0
2022/02/11-15:32:41.456231 7fc4598f5340         Options.compression_opts.max_dict_bytes: 0
2022/02/11-15:32:41.456232 7fc4598f5340         Options.compression_opts.zstd_max_train_bytes: 0
2022/02/11-15:32:41.456234 7fc4598f5340         Options.compression_opts.parallel_threads: 1
2022/02/11-15:32:41.456235 7fc4598f5340                  Options.compression_opts.enabled: false
2022/02/11-15:32:41.456236 7fc4598f5340         Options.compression_opts.max_dict_buffer_bytes: 0
2022/02/11-15:32:41.456238 7fc4598f5340      Options.level0_file_num_compaction_trigger: 4
2022/02/11-15:32:41.456239 7fc4598f5340          Options.level0_slowdown_writes_trigger: 20
2022/02/11-15:32:41.456240 7fc4598f5340              Options.level0_stop_writes_trigger: 36
2022/02/11-15:32:41.456242 7fc4598f5340                   Options.target_file_size_base: 67108864
2022/02/11-15:32:41.456243 7fc4598f5340             Options.target_file_size_multiplier: 1
2022/02/11-15:32:41.456244 7fc4598f5340                Options.max_bytes_for_level_base: 268435456
2022/02/11-15:32:41.456246 7fc4598f5340 Options.level_compaction_dynamic_level_bytes: 0
2022/02/11-15:32:41.456247 7fc4598f5340          Options.max_bytes_for_level_multiplier: 10.000000
2022/02/11-15:32:41.456251 7fc4598f5340 Options.max_bytes_for_level_multiplier_addtl[0]: 1
2022/02/11-15:32:41.456253 7fc4598f5340 Options.max_bytes_for_level_multiplier_addtl[1]: 1
2022/02/11-15:32:41.456255 7fc4598f5340 Options.max_bytes_for_level_multiplier_addtl[2]: 1
2022/02/11-15:32:41.456256 7fc4598f5340 Options.max_bytes_for_level_multiplier_addtl[3]: 1
2022/02/11-15:32:41.456257 7fc4598f5340 Options.max_bytes_for_level_multiplier_addtl[4]: 1
2022/02/11-15:32:41.456259 7fc4598f5340 Options.max_bytes_for_level_multiplier_addtl[5]: 1
2022/02/11-15:32:41.456260 7fc4598f5340 Options.max_bytes_for_level_multiplier_addtl[6]: 1
2022/02/11-15:32:41.456261 7fc4598f5340       Options.max_sequential_skip_in_iterations: 8
2022/02/11-15:32:41.456263 7fc4598f5340                    Options.max_compaction_bytes: 1677721600
2022/02/11-15:32:41.456264 7fc4598f5340                        Options.arena_block_size: 8388608
2022/02/11-15:32:41.456266 7fc4598f5340   Options.soft_pending_compaction_bytes_limit: 68719476736
2022/02/11-15:32:41.456267 7fc4598f5340   Options.hard_pending_compaction_bytes_limit: 274877906944
2022/02/11-15:32:41.456269 7fc4598f5340       Options.rate_limit_delay_max_milliseconds: 100
2022/02/11-15:32:41.456270 7fc4598f5340                Options.disable_auto_compactions: 0
2022/02/11-15:32:41.456272 7fc4598f5340                        Options.compaction_style: kCompactionStyleLevel
2022/02/11-15:32:41.456275 7fc4598f5340                          Options.compaction_pri: kMinOverlappingRatio
2022/02/11-15:32:41.456276 7fc4598f5340 Options.compaction_options_universal.size_ratio: 1
2022/02/11-15:32:41.456277 7fc4598f5340 Options.compaction_options_universal.min_merge_width: 2
2022/02/11-15:32:41.456279 7fc4598f5340 Options.compaction_options_universal.max_merge_width: 4294967295
2022/02/11-15:32:41.456280 7fc4598f5340 Options.compaction_options_universal.max_size_amplification_percent: 200
2022/02/11-15:32:41.456292 7fc4598f5340 Options.compaction_options_universal.compression_size_percent: -1
2022/02/11-15:32:41.456295 7fc4598f5340 Options.compaction_options_universal.stop_style: kCompactionStopStyleTotalSize
2022/02/11-15:32:41.456297 7fc4598f5340 Options.compaction_options_fifo.max_table_files_size: 1073741824
2022/02/11-15:32:41.456298 7fc4598f5340 Options.compaction_options_fifo.allow_compaction: 0
2022/02/11-15:32:41.456305 7fc4598f5340                   Options.table_properties_collectors: 
2022/02/11-15:32:41.456307 7fc4598f5340                   Options.inplace_update_support: 0
2022/02/11-15:32:41.456308 7fc4598f5340                 Options.inplace_update_num_locks: 10000
2022/02/11-15:32:41.456309 7fc4598f5340               Options.memtable_prefix_bloom_size_ratio: 0.000000
2022/02/11-15:32:41.456311 7fc4598f5340               Options.memtable_whole_key_filtering: 0
2022/02/11-15:32:41.456313 7fc4598f5340   Options.memtable_huge_page_size: 0
2022/02/11-15:32:41.456314 7fc4598f5340                           Options.bloom_locality: 0
2022/02/11-15:32:41.456315 7fc4598f5340                    Options.max_successive_merges: 0
2022/02/11-15:32:41.456317 7fc4598f5340                Options.optimize_filters_for_hits: 0
2022/02/11-15:32:41.456318 7fc4598f5340                Options.paranoid_file_checks: 0
2022/02/11-15:32:41.456319 7fc4598f5340                Options.force_consistency_checks: 1
2022/02/11-15:32:41.456321 7fc4598f5340                Options.report_bg_io_stats: 0
2022/02/11-15:32:41.456322 7fc4598f5340                               Options.ttl: 2592000
2022/02/11-15:32:41.456323 7fc4598f5340          Options.periodic_compaction_seconds: 0
2022/02/11-15:32:41.456325 7fc4598f5340                    Options.enable_blob_files: false
2022/02/11-15:32:41.456326 7fc4598f5340                        Options.min_blob_size: 0
2022/02/11-15:32:41.456328 7fc4598f5340                       Options.blob_file_size: 268435456
2022/02/11-15:32:41.456329 7fc4598f5340                Options.blob_compression_type: NoCompression
2022/02/11-15:32:41.456331 7fc4598f5340       Options.enable_blob_garbage_collection: false
2022/02/11-15:32:41.456332 7fc4598f5340   Options.blob_garbage_collection_age_cutoff: 0.250000
2022/02/11-15:32:41.456406 7fc4598f5340 [db/column_family.cc:596] --------------- Options for column family [pending_orders]:
2022/02/11-15:32:41.456409 7fc4598f5340               Options.comparator: leveldb.BytewiseComparator
2022/02/11-15:32:41.456410 7fc4598f5340           Options.merge_operator: None
2022/02/11-15:32:41.456411 7fc4598f5340        Options.compaction_filter: None
2022/02/11-15:32:41.456413 7fc4598f5340        Options.compaction_filter_factory: None
2022/02/11-15:32:41.456414 7fc4598f5340  Options.sst_partitioner_factory: None
2022/02/11-15:32:41.456416 7fc4598f5340         Options.memtable_factory: SkipListFactory
2022/02/11-15:32:41.456417 7fc4598f5340            Options.table_factory: BlockBasedTable
2022/02/11-15:32:41.456447 7fc4598f5340            table_factory options:   flush_block_policy_factory: FlushBlockBySizePolicyFactory (0x55c74c601290)
  cache_index_and_filter_blocks: 0
  cache_index_and_filter_blocks_with_high_priority: 1
  pin_l0_filter_and_index_blocks_in_cache: 0
  pin_top_level_index_and_filter: 1
  index_type: 0
  data_block_index_type: 0
  index_shortening: 1
  data_block_hash_table_util_ratio: 0.750000
  hash_index_allow_collision: 1
  checksum: 1
  no_block_cache: 0
  block_cache: 0x55c74c6032d0
  block_cache_name: LRUCache
  block_cache_options:
    capacity : 8388608
    num_shard_bits : 4
    strict_capacity_limit : 0
    memory_allocator : None
    high_pri_pool_ratio: 0.000
  block_cache_compressed: (nil)
  persistent_cache: (nil)
  block_size: 4096
  block_size_deviation: 10
  block_restart_interval: 16
  index_block_restart_interval: 1
  metadata_block_size: 4096
  partition_filters: 0
  use_delta_encoding: 1
  filter_policy: nullptr
  whole_key_filtering: 1
  verify_compression: 0
  read_amp_bytes_per_bit: 0
  format_version: 5
  enable_index_compression: 1
  block_align: 0
2022/02/11-15:32:41.456458 7fc4598f5340        Options.write_buffer_size: 67108864
2022/02/11-15:32:41.456461 7fc4598f5340  Options.max_write_buffer_number: 2
2022/02/11-15:32:41.456462 7fc4598f5340          Options.compression: Snappy
2022/02/11-15:32:41.456464 7fc4598f5340                  Options.bottommost_compression: Disabled
2022/02/11-15:32:41.456465 7fc4598f5340       Options.prefix_extractor: nullptr
2022/02/11-15:32:41.456466 7fc4598f5340   Options.memtable_insert_with_hint_prefix_extractor: nullptr
2022/02/11-15:32:41.456468 7fc4598f5340             Options.num_levels: 7
2022/02/11-15:32:41.456469 7fc4598f5340        Options.min_write_buffer_number_to_merge: 1
2022/02/11-15:32:41.456513 7fc4598f5340     Options.max_write_buffer_number_to_maintain: 0
2022/02/11-15:32:41.456518 7fc4598f5340     Options.max_write_buffer_size_to_maintain: 0
2022/02/11-15:32:41.456521 7fc4598f5340            Options.bottommost_compression_opts.window_bits: -14
2022/02/11-15:32:41.456524 7fc4598f5340                  Options.bottommost_compression_opts.level: 32767
2022/02/11-15:32:41.456650 7fc4598f5340               Options.bottommost_compression_opts.strategy: 0
2022/02/11-15:32:41.456658 7fc4598f5340         Options.bottommost_compression_opts.max_dict_bytes: 0
2022/02/11-15:32:41.456661 7fc4598f5340         Options.bottommost_compression_opts.zstd_max_train_bytes: 0
2022/02/11-15:32:41.456663 7fc4598f5340         Options.bottommost_compression_opts.parallel_threads: 1
2022/02/11-15:32:41.456665 7fc4598f5340                  Options.bottommost_compression_opts.enabled: false
2022/02/11-15:32:41.456668 7fc4598f5340         Options.bottommost_compression_opts.max_dict_buffer_bytes: 0
2022/02/11-15:32:41.456671 7fc4598f5340            Options.compression_opts.window_bits: -14
2022/02/11-15:32:41.456674 7fc4598f5340                  Options.compression_opts.level: 32767
2022/02/11-15:32:41.456676 7fc4598f5340               Options.compression_opts.strategy: 0
2022/02/11-15:32:41.456678 7fc4598f5340         Options.compression_opts.max_dict_bytes: 0
2022/02/11-15:32:41.456680 7fc4598f5340         Options.compression_opts.zstd_max_train_bytes: 0
2022/02/11-15:32:41.456683 7fc4598f5340         Options.compression_opts.parallel_threads: 1
2022/02/11-15:32:41.456685 7fc4598f5340                  Options.compression_opts.enabled: false
2022/02/11-15:32:41.456687 7fc4598f5340         Options.compression_opts.max_dict_buffer_bytes: 0
2022/02/11-15:32:41.456689 7fc4598f5340      Options.level0_file_num_compaction_trigger: 4
2022/02/11-15:32:41.456692 7fc4598f5340          Options.level0_slowdown_writes_trigger: 20
2022/02/11-15:32:41.456694 7fc4598f5340              Options.level0_stop_writes_trigger: 36
2022/02/11-15:32:41.456697 7fc4598f5340                   Options.target_file_size_base: 67108864
2022/02/11-15:32:41.456699 7fc4598f5340             Options.target_file_size_multiplier: 1
2022/02/11-15:32:41.456701 7fc4598f5340                Options.max_bytes_for_level_base: 268435456
2022/02/11-15:32:41.456704 7fc4598f5340 Options.level_compaction_dynamic_level_bytes: 0
2022/02/11-15:32:41.456706 7fc4598f5340          Options.max_bytes_for_level_multiplier: 10.000000
2022/02/11-15:32:41.456713 7fc4598f5340 Options.max_bytes_for_level_multiplier_addtl[0]: 1
2022/02/11-15:32:41.456716 7fc4598f5340 Options.max_bytes_for_level_multiplier_addtl[1]: 1
2022/02/11-15:32:41.456719 7fc4598f5340 Options.max_bytes_for_level_multiplier_addtl[2]: 1
2022/02/11-15:32:41.456721 7fc4598f5340 Options.max_bytes_for_level_multiplier_addtl[3]: 1
2022/02/11-15:32:41.456723 7fc4598f5340 Options.max_bytes_for_level_multiplier_addtl[4]: 1
2022/02/11-15:32:41.456725 7fc4598f5340 Options.max_bytes_for_level_multiplier_addtl[5]: 1
2022/02/11-15:32:41.456727 7fc4598f5340 Options.max_bytes_for_level_multiplier_addtl[6]: 1
2022/02/11-15:32:41.456730 7fc4598f5340       Options.max_sequential_skip_in_iterations: 8
2022/02/11-15:32:41.456732 7fc4598f5340                    Options.max_compaction_bytes: 1677721600
2022/02/11-15:32:41.456735 7fc4598f5340                        Options.arena_block_size: 8388608
2022/02/11-15:32:41.456776 7fc4598f5340   Options.soft_pending_compaction_bytes_limit: 68719476736
2022/02/11-15:32:41.456779 7fc4598f5340   Options.hard_pending_compaction_bytes_limit: 274877906944
2022/02/11-15:32:41.456781 7fc4598f5340       Options.rate_limit_delay_max_milliseconds: 100
2022/02/11-15:32:41.456783 7fc4598f5340                Options.disable_auto_compactions: 0
2022/02/11-15:32:41.456789 7fc4598f5340                        Options.compaction_style: kCompactionStyleLevel
2022/02/11-15:32:41.456792 7fc4598f5340                          Options.compaction_pri: kMinOverlappingRatio
2022/02/11-15:32:41.456794 7fc4598f5340 Options.compaction_options_universal.size_ratio: 1
2022/02/11-15:32:41.456797 7fc4598f5340 Options.compaction_options_universal.min_merge_width: 2
2022/02/11-15:32:41.456799 7fc4598f5340 Options.compaction_options_universal.max_merge_width: 4294967295
2022/02/11-15:32:41.456801 7fc4598f5340 Options.compaction_options_universal.max_size_amplification_percent: 200
2022/02/11-15:32:41.456804 7fc4598f5340 Options.compaction_options_universal.compression_size_percent: -1
2022/02/11-15:32:41.456807 7fc4598f5340 Options.compaction_options_universal.stop_style: kCompactionStopStyleTotalSize
2022/02/11-15:32:41.456810 7fc4598f5340 Options.compaction_options_fifo.max_table_files_size: 1073741824
2022/02/11-15:32:41.456812 7fc4598f5340 Options.compaction_options_fifo.allow_compaction: 0
2022/02/11-15:32:41.456822 7fc4598f5340                   Options.table_properties_collectors: 
2022/02/11-15:32:41.456825 7fc4598f5340                   Options.inplace_update_support: 0
2022/02/11-15:32:41.456827 7fc4598f5340                 Options.inplace_update_num_locks: 10000
2022/02/11-15:32:41.456829 7fc4598f5340               Options.memtable_prefix_bloom_size_ratio: 0.000000
2022/02/11-15:32:41.456832 7fc4598f5340               Options.memtable_whole_key_filtering: 0
2022/02/11-15:32:41.456835 7fc4598f5340   Options.memtable_huge_page_size: 0
2022/02/11-15:32:41.456837 7fc4598f5340                           Options.bloom_locality: 0
2022/02/11-15:32:41.456839 7fc4598f5340                    Options.max_successive_merges: 0
2022/02/11-15:32:41.456841 7fc4598f5340                Options.optimize_filters_for_hits: 0
2022/02/11-15:32:41.456843 7fc4598f5340                Options.paranoid_file_checks: 0
2022/02/11-15:32:41.456845 7fc4598f5340                Options.force_consistency_checks: 1
2022/02/11-15:32:41.456848 7fc4598f5340                Options.report_bg_io_stats: 0
2022/02/11-15:32:41.456850 7fc4598f5340                               Options.ttl: 2592000
2022/02/11-15:32:41.456852 7fc4598f5340          Options.periodic_compaction_seconds: 0
2022/02/11-15:32:41.456854 7fc4598f5340                    Options.enable_blob_files: false
2022/02/11-15:32:41.456856 7fc4598f5340                        Options.min_blob_size: 0
2022/02/11-15:32:41.456858 7fc4598f5340                       Options.blob_file_size: 268435456
2022/02/11-15:32:41.456861 7fc4598f5340                Options.blob_compression_type: NoCompression
2022/02/11-15:32:41.456863 7fc4598f5340       Options.enable_blob_garbage_collection: false
2022/02/11-15:32:41.456865 7fc4598f5340   Options.blob_garbage_collection_age_cutoff: 0.250000
2022/02/11-15:32:41.457003 7fc4598f5340 [db/column_family.cc:596] --------------- Options for column family [certificates]:
2022/02/11-15:32:41.457007 7fc4598f5340               Options.comparator: leveldb.BytewiseComparator
2022/02/11-15:32:41.457009 7fc4598f5340           Options.merge_operator: None
2022/02/11-15:32:41.457011 7fc4598f5340        Options.compaction_filter: None
2022/02/11-15:32:41.457013 7fc4598f5340        Options.compaction_filter_factory: None
2022/02/11-15:32:41.457015 7fc4598f5340  Options.sst_partitioner_factory: None
2022/02/11-15:32:41.457018 7fc4598f5340         Options.memtable_factory: SkipListFactory
2022/02/11-15:32:41.457020 7fc4598f5340            Options.table_factory: BlockBasedTable
2022/02/11-15:32:41.457068 7fc4598f5340            table_factory options:   flush_block_policy_factory: FlushBlockBySizePolicyFactory (0x55c74c605470)
  cache_index_and_filter_blocks: 0
  cache_index_and_filter_blocks_with_high_priority: 1
  pin_l0_filter_and_index_blocks_in_cache: 0
  pin_top_level_index_and_filter: 1
  index_type: 0
  data_block_index_type: 0
  index_shortening: 1
  data_block_hash_table_util_ratio: 0.750000
  hash_index_allow_collision: 1
  checksum: 1
  no_block_cache: 0
  block_cache: 0x55c74c6054c0
  block_cache_name: LRUCache
  block_cache_options:
    capacity : 8388608
    num_shard_bits : 4
    strict_capacity_limit : 0
    memory_allocator : None
    high_pri_pool_ratio: 0.000
  block_cache_compressed: (nil)
  persistent_cache: (nil)
  block_size: 4096
  block_size_deviation: 10
  block_restart_interval: 16
  index_block_restart_interval: 1
  metadata_block_size: 4096
  partition_filters: 0
  use_delta_encoding: 1
  filter_policy: nullptr
  whole_key_filtering: 1
  verify_compression: 0
  read_amp_bytes_per_bit: 0
  format_version: 5
  enable_index_compression: 1
  block_align: 0
2022/02/11-15:32:41.457090 7fc4598f5340        Options.write_buffer_size: 67108864
2022/02/11-15:32:41.457093 7fc4598f5340  Options.max_write_buffer_number: 2
2022/02/11-15:32:41.457095 7fc4598f5340          Options.compression: Snappy
2022/02/11-15:32:41.457097 7fc4598f5340                  Options.bottommost_compression: Disabled
2022/02/11-15:32:41.457099 7fc4598f5340       Options.prefix_extractor: nullptr
2022/02/11-15:32:41.457101 7fc4598f5340   Options.memtable_insert_with_hint_prefix_extractor: nullptr
2022/02/11-15:32:41.457104 7fc4598f5340             Options.num_levels: 7
2022/02/11-15:32:41.457106 7fc4598f5340        Options.min_write_buffer_number_to_merge: 1
2022/02/11-15:32:41.457109 7fc4598f5340     Options.max_write_buffer_number_to_maintain: 0
2022/02/11-15:32:41.457111 7fc4598f5340     Options.max_write_buffer_size_to_maintain: 0
2022/02/11-15:32:41.457113 7fc4598f5340            Options.bottommost_compression_opts.window_bits: -14
2022/02/11-15:32:41.457115 7fc4598f5340                  Options.bottommost_compression_opts.level: 32767
2022/02/11-15:32:41.457118 7fc4598f5340               Options.bottommost_compression_opts.strategy: 0
2022/02/11-15:32:41.457120 7fc4598f5340         Options.bottommost_compression_opts.max_dict_bytes: 0
2022/02/11-15:32:41.457122 7fc4598f5340         Options.bottommost_compression_opts.zstd_max_train_bytes: 0
2022/02/11-15:32:41.457124 7fc4598f5340         Options.bottommost_compression_opts.parallel_threads: 1
2022/02/11-15:32:41.457126 7fc4598f5340                  Options.bottommost_compression_opts.enabled: false
2022/02/11-15:32:41.457128 7fc4598f5340         Options.bottommost_compression_opts.max_dict_buffer_bytes: 0
2022/02/11-15:32:41.457130 7fc4598f5340            Options.compression_opts.window_bits: -14
2022/02/11-15:32:41.457133 7fc4598f5340                  Options.compression_opts.level: 32767
2022/02/11-15:32:41.457135 7fc4598f5340               Options.compression_opts.strategy: 0
2022/02/11-15:32:41.457137 7fc4598f5340         Options.compression_opts.max_dict_bytes: 0
2022/02/11-15:32:41.457139 7fc4598f5340         Options.compression_opts.zstd_max_train_bytes: 0
2022/02/11-15:32:41.457141 7fc4598f5340         Options.compression_opts.parallel_threads: 1
2022/02/11-15:32:41.457143 7fc4598f5340                  Options.compression_opts.enabled: false
2022/02/11-15:32:41.457146 7fc4598f5340         Options.compression_opts.max_dict_buffer_bytes: 0
2022/02/11-15:32:41.457148 7fc4598f5340      Options.level0_file_num_compaction_trigger: 4
2022/02/11-15:32:41.457150 7fc4598f5340          Options.level0_slowdown_writes_trigger: 20
2022/02/11-15:32:41.457153 7fc4598f5340              Options.level0_stop_writes_trigger: 36
2022/02/11-15:32:41.457155 7fc4598f5340                   Options.target_file_size_base: 67108864
2022/02/11-15:32:41.457158 7fc4598f5340             Options.target_file_size_multiplier: 1
2022/02/11-15:32:41.457161 7fc4598f5340                Options.max_bytes_for_level_base: 268435456
2022/02/11-15:32:41.457173 7fc4598f5340 Options.level_compaction_dynamic_level_bytes: 0
2022/02/11-15:32:41.457176 7fc4598f5340          Options.max_bytes_for_level_multiplier: 10.000000
2022/02/11-15:32:41.457180 7fc4598f5340 Options.max_bytes_for_level_multiplier_addtl[0]: 1
2022/02/11-15:32:41.457182 7fc4598f5340 Options.max_bytes_for_level_multiplier_addtl[1]: 1
2022/02/11-15:32:41.457185 7fc4598f5340 Options.max_bytes_for_level_multiplier_addtl[2]: 1
2022/02/11-15:32:41.457187 7fc4598f5340 Options.max_bytes_for_level_multiplier_addtl[3]: 1
2022/02/11-15:32:41.457190 7fc4598f5340 Options.max_bytes_for_level_multiplier_addtl[4]: 1
2022/02/11-15:32:41.457192 7fc4598f5340 Options.max_bytes_for_level_multiplier_addtl[5]: 1
2022/02/11-15:32:41.457195 7fc4598f5340 Options.max_bytes_for_level_multiplier_addtl[6]: 1
2022/02/11-15:32:41.457198 7fc4598f5340       Options.max_sequential_skip_in_iterations: 8
2022/02/11-15:32:41.457200 7fc4598f5340                    Options.max_compaction_bytes: 1677721600
2022/02/11-15:32:41.457203 7fc4598f5340                        Options.arena_block_size: 8388608
2022/02/11-15:32:41.457206 7fc4598f5340   Options.soft_pending_compaction_bytes_limit: 68719476736
2022/02/11-15:32:41.457209 7fc4598f5340   Options.hard_pending_compaction_bytes_limit: 274877906944
2022/02/11-15:32:41.457211 7fc4598f5340       Options.rate_limit_delay_max_milliseconds: 100
2022/02/11-15:32:41.457214 7fc4598f5340                Options.disable_auto_compactions: 0
2022/02/11-15:32:41.457217 7fc4598f5340                        Options.compaction_style: kCompactionStyleLevel
2022/02/11-15:32:41.457219 7fc4598f5340                          Options.compaction_pri: kMinOverlappingRatio
2022/02/11-15:32:41.457221 7fc4598f5340 Options.compaction_options_universal.size_ratio: 1
2022/02/11-15:32:41.457224 7fc4598f5340 Options.compaction_options_universal.min_merge_width: 2
2022/02/11-15:32:41.457226 7fc4598f5340 Options.compaction_options_universal.max_merge_width: 4294967295
2022/02/11-15:32:41.457228 7fc4598f5340 Options.compaction_options_universal.max_size_amplification_percent: 200
2022/02/11-15:32:41.457230 7fc4598f5340 Options.compaction_options_universal.compression_size_percent: -1
2022/02/11-15:32:41.457233 7fc4598f5340 Options.compaction_options_universal.stop_style: kCompactionStopStyleTotalSize
2022/02/11-15:32:41.457235 7fc4598f5340 Options.compaction_options_fifo.max_table_files_size: 1073741824
2022/02/11-15:32:41.457237 7fc4598f5340 Options.compaction_options_fifo.allow_compaction: 0
2022/02/11-15:32:41.457242 7fc4598f5340                   Options.table_properties_collectors: 
2022/02/11-15:32:41.457245 7fc4598f5340                   Options.inplace_update_support: 0
2022/02/11-15:32:41.457247 7fc4598f5340                 Options.inplace_update_num_locks: 10000
2022/02/11-15:32:41.457249 7fc4598f5340               Options.memtable_prefix_bloom_size_ratio: 0.000000
2022/02/11-15:32:41.457252 7fc4598f5340               Options.memtable_whole_key_filtering: 0
2022/02/11-15:32:41.457254 7fc4598f5340   Options.memtable_huge_page_size: 0
2022/02/11-15:32:41.457256 7fc4598f5340                           Options.bloom_locality: 0
2022/02/11-15:32:41.457258 7fc4598f5340                    Options.max_successive_merges: 0
2022/02/11-15:32:41.457261 7fc4598f5340                Options.optimize_filters_for_hits: 0
2022/02/11-15:32:41.457263 7fc4598f5340                Options.paranoid_file_checks: 0
2022/02/11-15:32:41.457265 7fc4598f5340                Options.force_consistency_checks: 1
2022/02/11-15:32:41.457267 7fc4598f5340                Options.report_bg_io_stats: 0
2022/02/11-15:32:41.457269 7fc4598f5340                               Options.ttl: 2592000
2022/02/11-15:32:41.457271 7fc4598f5340          Options.periodic_compaction_seconds: 0
2022/02/11-15:32:41.457273 7fc4598f5340                    Options.enable_blob_files: false
2022/02/11-15:32:41.457275 7fc4598f5340                        Options.min_blob_size: 0
2022/02/11-15:32:41.457278 7fc4598f5340                       Options.blob_file_size: 268435456
2022/02/11-15:32:41.457291 7fc4598f5340                Options.blob_compression_type: NoCompression
2022/02/11-15:32:41.457294 7fc4598f5340       Options.enable_blob_garbage_collection: false
2022/02/11-15:32:41.457296 7fc4598f5340   Options.blob_garbage_collection_age_cutoff: 0.250000
2022/02/11-15:32:41.457384 7fc4598f5340 [db/column_family.cc:596] --------------- Options for column family [object_certs]:
2022/02/11-15:32:41.457387 7fc4598f5340               Options.comparator: leveldb.BytewiseComparator
2022/02/11-15:32:41.457389 7fc4598f5340           Options.merge_operator: None
2022/02/11-15:32:41.457391 7fc4598f5340        Options.compaction_filter: None
2022/02/11-15:32:41.457394 7fc4598f5340        Options.compaction_filter_factory: None
2022/02/11-15:32:41.457396 7fc4598f5340  Options.sst_partitioner_factory: None
2022/02/11-15:32:41.457398 7fc4598f5340         Options.memtable_factory: SkipListFactory
2022/02/11-15:32:41.457400 7fc4598f5340            Options.table_factory: BlockBasedTable
2022/02/11-15:32:41.457443 7fc4598f5340            table_factory options:   flush_block_policy_factory: FlushBlockBySizePolicyFactory (0x55c74c607140)
  cache_index_and_filter_blocks: 0
  cache_index_and_filter_blocks_with_high_priority: 1
  pin_l0_filter_and_index_blocks_in_cache: 0
  pin_top_level_index_and_filter: 1
  index_type: 0
  data_block_index_type: 0
  index_shortening: 1
  data_block_hash_table_util_ratio: 0.750000
  hash_index_allow_collision: 1
  checksum: 1
  no_block_cache: 0
  block_cache: 0x55c74c607190
  block_cache_name: LRUCache
  block_cache_options:
    capacity : 8388608
    num_shard_bits : 4
    strict_capacity_limit : 0
    memory_allocator : None
    high_pri_pool_ratio: 0.000
  block_cache_compressed: (nil)
  persistent_cache: (nil)
  block_size: 4096
  block_size_deviation: 10
  block_restart_interval: 16
  index_block_restart_interval: 1
  metadata_block_size: 4096
  partition_filters: 0
  use_delta_encoding: 1
  filter_policy: nullptr
  whole_key_filtering: 1
  verify_compression: 0
  read_amp_bytes_per_bit: 0
  format_version: 5
  enable_index_compression: 1
  block_align: 0
2022/02/11-15:32:41.457447 7fc4598f5340        Options.write_buffer_size: 67108864
2022/02/11-15:32:41.457450 7fc4598f5340  Options.max_write_buffer_number: 2
2022/02/11-15:32:41.457452 7fc4598f5340          Options.compression: Snappy
2022/02/11-15:32:41.457455 7fc4598f5340                  Options.bottommost_compression: Disabled
2022/02/11-15:32:41.457457 7fc4598f5340       Options.prefix_extractor: nullptr
2022/02/11-15:32:41.457459 7fc4598f5340   Options.memtable_insert_with_hint_prefix_extractor: nullptr
2022/02/11-15:32:41.457462 7fc4598f5340             Options.num_levels: 7
2022/02/11-15:32:41.457464 7fc4598f5340        Options.min_write_buffer_number_to_merge: 1
2022/02/11-15:32:41.457466 7fc4598f5340     Options.max_write_buffer_number_to_maintain: 0
2022/02/11-15:32:41.457468 7fc4598f5340     Options.max_write_buffer_size_to_maintain: 0
