2022/02/11-15:32:43.006754 7fbcf6989340 RocksDB version: 6.20.3
2022/02/11-15:32:43.006784 7fbcf6989340 Git sha 8608d75d85f8e1b3b64b73a4fb6d19baec61ba5c
2022/02/11-15:32:43.006787 7fbcf6989340 Compile date 2021-05-05 20:35:30
2022/02/11-15:32:43.006841 7fbcf6989340 DB SUMMARY
2022/02/11-15:32:43.006844 7fbcf6989340 DB Session ID:  4MS4YI09X5G6K0GM45SY
2022/02/11-15:32:43.006888 7fbcf6989340 CURRENT file:  CURRENT
2022/02/11-15:32:43.006890 7fbcf6989340 IDENTITY file:  IDENTITY
2022/02/11-15:32:43.006894 7fbcf6989340 MANIFEST file:  MANIFEST-000125 size: 1673 Bytes
2022/02/11-15:32:43.006897 7fbcf6989340 SST files in ./client_db/k#390debfa89d78e27f26681591dab15d34e147f6a9a91c29c8cd2c367f4f3ba1e dir, Total Num: 6, files: 000042.sst 000058.sst 000074.sst 000090.sst 000106.sst 000122.sst 
2022/02/11-15:32:43.006899 7fbcf6989340 Write Ahead Log file in ./client_db/k#390debfa89d78e27f26681591dab15d34e147f6a9a91c29c8cd2c367f4f3ba1e: 000126.log size: 830 ; 
2022/02/11-15:32:43.006902 7fbcf6989340                         Options.error_if_exists: 0
2022/02/11-15:32:43.006905 7fbcf6989340                       Options.create_if_missing: 1
2022/02/11-15:32:43.006906 7fbcf6989340                         Options.paranoid_checks: 1
2022/02/11-15:32:43.006907 7fbcf6989340                               Options.track_and_verify_wals_in_manifest: 0
2022/02/11-15:32:43.006909 7fbcf6989340                                     Options.env: 0x56382aac9420
2022/02/11-15:32:43.006911 7fbcf6989340                                      Options.fs: Posix File System
2022/02/11-15:32:43.006913 7fbcf6989340                                Options.info_log: 0x56382be43ed0
2022/02/11-15:32:43.006914 7fbcf6989340                Options.max_file_opening_threads: 16
2022/02/11-15:32:43.006916 7fbcf6989340                              Options.statistics: (nil)
2022/02/11-15:32:43.006918 7fbcf6989340                               Options.use_fsync: 0
2022/02/11-15:32:43.006919 7fbcf6989340                       Options.max_log_file_size: 0
2022/02/11-15:32:43.006920 7fbcf6989340                  Options.max_manifest_file_size: 1073741824
2022/02/11-15:32:43.006922 7fbcf6989340                   Options.log_file_time_to_roll: 0
2022/02/11-15:32:43.006923 7fbcf6989340                       Options.keep_log_file_num: 1000
2022/02/11-15:32:43.006925 7fbcf6989340                    Options.recycle_log_file_num: 0
2022/02/11-15:32:43.006926 7fbcf6989340                         Options.allow_fallocate: 1
2022/02/11-15:32:43.006927 7fbcf6989340                        Options.allow_mmap_reads: 0
2022/02/11-15:32:43.006929 7fbcf6989340                       Options.allow_mmap_writes: 0
2022/02/11-15:32:43.006930 7fbcf6989340                        Options.use_direct_reads: 0
2022/02/11-15:32:43.006931 7fbcf6989340                        Options.use_direct_io_for_flush_and_compaction: 0
2022/02/11-15:32:43.006933 7fbcf6989340          Options.create_missing_column_families: 1
2022/02/11-15:32:43.006934 7fbcf6989340                              Options.db_log_dir: 
2022/02/11-15:32:43.006936 7fbcf6989340                                 Options.wal_dir: ./client_db/k#390debfa89d78e27f26681591dab15d34e147f6a9a91c29c8cd2c367f4f3ba1e
2022/02/11-15:32:43.006937 7fbcf6989340                Options.table_cache_numshardbits: 6
2022/02/11-15:32:43.006939 7fbcf6989340                         Options.WAL_ttl_seconds: 0
2022/02/11-15:32:43.006940 7fbcf6989340                       Options.WAL_size_limit_MB: 0
2022/02/11-15:32:43.006941 7fbcf6989340                        Options.max_write_batch_group_size_bytes: 1048576
2022/02/11-15:32:43.006943 7fbcf6989340             Options.manifest_preallocation_size: 4194304
2022/02/11-15:32:43.006945 7fbcf6989340                     Options.is_fd_close_on_exec: 1
2022/02/11-15:32:43.006946 7fbcf6989340                   Options.advise_random_on_open: 1
2022/02/11-15:32:43.006947 7fbcf6989340                    Options.db_write_buffer_size: 0
2022/02/11-15:32:43.006949 7fbcf6989340                    Options.write_buffer_manager: 0x56382beb4aa0
2022/02/11-15:32:43.006950 7fbcf6989340         Options.access_hint_on_compaction_start: 1
2022/02/11-15:32:43.006963 7fbcf6989340  Options.new_table_reader_for_compaction_inputs: 0
2022/02/11-15:32:43.006965 7fbcf6989340           Options.random_access_max_buffer_size: 1048576
2022/02/11-15:32:43.006967 7fbcf6989340                      Options.use_adaptive_mutex: 0
2022/02/11-15:32:43.006968 7fbcf6989340                            Options.rate_limiter: (nil)
2022/02/11-15:32:43.006970 7fbcf6989340     Options.sst_file_manager.rate_bytes_per_sec: 0
2022/02/11-15:32:43.006972 7fbcf6989340                       Options.wal_recovery_mode: 2
2022/02/11-15:32:43.006973 7fbcf6989340                  Options.enable_thread_tracking: 0
2022/02/11-15:32:43.006975 7fbcf6989340                  Options.enable_pipelined_write: 0
2022/02/11-15:32:43.006976 7fbcf6989340                  Options.unordered_write: 0
2022/02/11-15:32:43.006977 7fbcf6989340         Options.allow_concurrent_memtable_write: 1
2022/02/11-15:32:43.006979 7fbcf6989340      Options.enable_write_thread_adaptive_yield: 1
2022/02/11-15:32:43.006980 7fbcf6989340             Options.write_thread_max_yield_usec: 100
2022/02/11-15:32:43.006981 7fbcf6989340            Options.write_thread_slow_yield_usec: 3
2022/02/11-15:32:43.006983 7fbcf6989340                               Options.row_cache: None
2022/02/11-15:32:43.006984 7fbcf6989340                              Options.wal_filter: None
2022/02/11-15:32:43.006986 7fbcf6989340             Options.avoid_flush_during_recovery: 0
2022/02/11-15:32:43.006987 7fbcf6989340             Options.allow_ingest_behind: 0
2022/02/11-15:32:43.006989 7fbcf6989340             Options.preserve_deletes: 0
2022/02/11-15:32:43.006990 7fbcf6989340             Options.two_write_queues: 0
2022/02/11-15:32:43.006991 7fbcf6989340             Options.manual_wal_flush: 0
2022/02/11-15:32:43.006993 7fbcf6989340             Options.atomic_flush: 0
2022/02/11-15:32:43.006994 7fbcf6989340             Options.avoid_unnecessary_blocking_io: 0
2022/02/11-15:32:43.006995 7fbcf6989340                 Options.persist_stats_to_disk: 0
2022/02/11-15:32:43.006997 7fbcf6989340                 Options.write_dbid_to_manifest: 0
2022/02/11-15:32:43.006998 7fbcf6989340                 Options.log_readahead_size: 0
2022/02/11-15:32:43.007000 7fbcf6989340                 Options.file_checksum_gen_factory: Unknown
2022/02/11-15:32:43.007001 7fbcf6989340                 Options.best_efforts_recovery: 0
2022/02/11-15:32:43.007002 7fbcf6989340                Options.max_bgerror_resume_count: 2147483647
2022/02/11-15:32:43.007004 7fbcf6989340            Options.bgerror_resume_retry_interval: 1000000
2022/02/11-15:32:43.007005 7fbcf6989340             Options.allow_data_in_errors: 0
2022/02/11-15:32:43.007007 7fbcf6989340             Options.db_host_id: __hostname__
2022/02/11-15:32:43.007008 7fbcf6989340             Options.max_background_jobs: 2
2022/02/11-15:32:43.007010 7fbcf6989340             Options.max_background_compactions: -1
2022/02/11-15:32:43.007011 7fbcf6989340             Options.max_subcompactions: 1
2022/02/11-15:32:43.007012 7fbcf6989340             Options.avoid_flush_during_shutdown: 0
2022/02/11-15:32:43.007014 7fbcf6989340           Options.writable_file_max_buffer_size: 1048576
2022/02/11-15:32:43.007015 7fbcf6989340             Options.delayed_write_rate : 16777216
2022/02/11-15:32:43.007017 7fbcf6989340             Options.max_total_wal_size: 0
2022/02/11-15:32:43.007018 7fbcf6989340             Options.delete_obsolete_files_period_micros: 21600000000
2022/02/11-15:32:43.007020 7fbcf6989340                   Options.stats_dump_period_sec: 600
2022/02/11-15:32:43.007021 7fbcf6989340                 Options.stats_persist_period_sec: 600
2022/02/11-15:32:43.007023 7fbcf6989340                 Options.stats_history_buffer_size: 1048576
2022/02/11-15:32:43.007025 7fbcf6989340                          Options.max_open_files: -1
2022/02/11-15:32:43.007026 7fbcf6989340                          Options.bytes_per_sync: 0
2022/02/11-15:32:43.007027 7fbcf6989340                      Options.wal_bytes_per_sync: 0
2022/02/11-15:32:43.007029 7fbcf6989340                   Options.strict_bytes_per_sync: 0
2022/02/11-15:32:43.007038 7fbcf6989340       Options.compaction_readahead_size: 0
2022/02/11-15:32:43.007039 7fbcf6989340                  Options.max_background_flushes: -1
2022/02/11-15:32:43.007041 7fbcf6989340 Compression algorithms supported:
2022/02/11-15:32:43.007043 7fbcf6989340 	kZSTDNotFinalCompression supported: 1
2022/02/11-15:32:43.007045 7fbcf6989340 	kZSTD supported: 1
2022/02/11-15:32:43.007047 7fbcf6989340 	kXpressCompression supported: 0
2022/02/11-15:32:43.007049 7fbcf6989340 	kLZ4HCCompression supported: 1
2022/02/11-15:32:43.007050 7fbcf6989340 	kLZ4Compression supported: 1
2022/02/11-15:32:43.007052 7fbcf6989340 	kBZip2Compression supported: 1
2022/02/11-15:32:43.007053 7fbcf6989340 	kZlibCompression supported: 1
2022/02/11-15:32:43.007055 7fbcf6989340 	kSnappyCompression supported: 1
2022/02/11-15:32:43.007057 7fbcf6989340 Fast CRC32 supported: Not supported on x86
2022/02/11-15:32:43.007109 7fbcf6989340 [db/version_set.cc:4626] Recovering from manifest file: ./client_db/k#390debfa89d78e27f26681591dab15d34e147f6a9a91c29c8cd2c367f4f3ba1e/MANIFEST-000125
2022/02/11-15:32:43.007264 7fbcf6989340 [db/column_family.cc:596] --------------- Options for column family [default]:
2022/02/11-15:32:43.007268 7fbcf6989340               Options.comparator: leveldb.BytewiseComparator
2022/02/11-15:32:43.007270 7fbcf6989340           Options.merge_operator: None
2022/02/11-15:32:43.007271 7fbcf6989340        Options.compaction_filter: None
2022/02/11-15:32:43.007273 7fbcf6989340        Options.compaction_filter_factory: None
2022/02/11-15:32:43.007274 7fbcf6989340  Options.sst_partitioner_factory: None
2022/02/11-15:32:43.007276 7fbcf6989340         Options.memtable_factory: SkipListFactory
2022/02/11-15:32:43.007277 7fbcf6989340            Options.table_factory: BlockBasedTable
2022/02/11-15:32:43.007313 7fbcf6989340            table_factory options:   flush_block_policy_factory: FlushBlockBySizePolicyFactory (0x56382bf47c40)
  cache_index_and_filter_blocks: 0
  cache_index_and_filter_blocks_with_high_priority: 1
  pin_l0_filter_and_index_blocks_in_cache: 0
  pin_top_level_index_and_filter: 1
  index_type: 0
  data_block_index_type: 0
  index_shortening: 1
  data_block_hash_table_util_ratio: 0.750000
  hash_index_allow_collision: 1
  checksum: 1
  no_block_cache: 0
  block_cache: 0x56382be6c980
  block_cache_name: LRUCache
  block_cache_options:
    capacity : 8388608
    num_shard_bits : 4
    strict_capacity_limit : 0
    memory_allocator : None
    high_pri_pool_ratio: 0.000
  block_cache_compressed: (nil)
  persistent_cache: (nil)
  block_size: 4096
  block_size_deviation: 10
  block_restart_interval: 16
  index_block_restart_interval: 1
  metadata_block_size: 4096
  partition_filters: 0
  use_delta_encoding: 1
  filter_policy: nullptr
  whole_key_filtering: 1
  verify_compression: 0
  read_amp_bytes_per_bit: 0
  format_version: 5
  enable_index_compression: 1
  block_align: 0
2022/02/11-15:32:43.007315 7fbcf6989340        Options.write_buffer_size: 67108864
2022/02/11-15:32:43.007317 7fbcf6989340  Options.max_write_buffer_number: 2
2022/02/11-15:32:43.007318 7fbcf6989340          Options.compression: Snappy
2022/02/11-15:32:43.007320 7fbcf6989340                  Options.bottommost_compression: Disabled
2022/02/11-15:32:43.007321 7fbcf6989340       Options.prefix_extractor: nullptr
2022/02/11-15:32:43.007323 7fbcf6989340   Options.memtable_insert_with_hint_prefix_extractor: nullptr
2022/02/11-15:32:43.007324 7fbcf6989340             Options.num_levels: 7
2022/02/11-15:32:43.007326 7fbcf6989340        Options.min_write_buffer_number_to_merge: 1
2022/02/11-15:32:43.007327 7fbcf6989340     Options.max_write_buffer_number_to_maintain: 0
2022/02/11-15:32:43.007328 7fbcf6989340     Options.max_write_buffer_size_to_maintain: 0
2022/02/11-15:32:43.007330 7fbcf6989340            Options.bottommost_compression_opts.window_bits: -14
2022/02/11-15:32:43.007331 7fbcf6989340                  Options.bottommost_compression_opts.level: 32767
2022/02/11-15:32:43.007415 7fbcf6989340               Options.bottommost_compression_opts.strategy: 0
2022/02/11-15:32:43.007420 7fbcf6989340         Options.bottommost_compression_opts.max_dict_bytes: 0
2022/02/11-15:32:43.007422 7fbcf6989340         Options.bottommost_compression_opts.zstd_max_train_bytes: 0
2022/02/11-15:32:43.007424 7fbcf6989340         Options.bottommost_compression_opts.parallel_threads: 1
2022/02/11-15:32:43.007425 7fbcf6989340                  Options.bottommost_compression_opts.enabled: false
2022/02/11-15:32:43.007427 7fbcf6989340         Options.bottommost_compression_opts.max_dict_buffer_bytes: 0
2022/02/11-15:32:43.007429 7fbcf6989340            Options.compression_opts.window_bits: -14
2022/02/11-15:32:43.007430 7fbcf6989340                  Options.compression_opts.level: 32767
2022/02/11-15:32:43.007432 7fbcf6989340               Options.compression_opts.strategy: 0
2022/02/11-15:32:43.007433 7fbcf6989340         Options.compression_opts.max_dict_bytes: 0
2022/02/11-15:32:43.007435 7fbcf6989340         Options.compression_opts.zstd_max_train_bytes: 0
2022/02/11-15:32:43.007436 7fbcf6989340         Options.compression_opts.parallel_threads: 1
2022/02/11-15:32:43.007438 7fbcf6989340                  Options.compression_opts.enabled: false
2022/02/11-15:32:43.007439 7fbcf6989340         Options.compression_opts.max_dict_buffer_bytes: 0
2022/02/11-15:32:43.007440 7fbcf6989340      Options.level0_file_num_compaction_trigger: 4
2022/02/11-15:32:43.007442 7fbcf6989340          Options.level0_slowdown_writes_trigger: 20
2022/02/11-15:32:43.007443 7fbcf6989340              Options.level0_stop_writes_trigger: 36
2022/02/11-15:32:43.007445 7fbcf6989340                   Options.target_file_size_base: 67108864
2022/02/11-15:32:43.007446 7fbcf6989340             Options.target_file_size_multiplier: 1
2022/02/11-15:32:43.007448 7fbcf6989340                Options.max_bytes_for_level_base: 268435456
2022/02/11-15:32:43.007449 7fbcf6989340 Options.level_compaction_dynamic_level_bytes: 0
2022/02/11-15:32:43.007451 7fbcf6989340          Options.max_bytes_for_level_multiplier: 10.000000
2022/02/11-15:32:43.007456 7fbcf6989340 Options.max_bytes_for_level_multiplier_addtl[0]: 1
2022/02/11-15:32:43.007458 7fbcf6989340 Options.max_bytes_for_level_multiplier_addtl[1]: 1
2022/02/11-15:32:43.007460 7fbcf6989340 Options.max_bytes_for_level_multiplier_addtl[2]: 1
2022/02/11-15:32:43.007461 7fbcf6989340 Options.max_bytes_for_level_multiplier_addtl[3]: 1
2022/02/11-15:32:43.007462 7fbcf6989340 Options.max_bytes_for_level_multiplier_addtl[4]: 1
2022/02/11-15:32:43.007464 7fbcf6989340 Options.max_bytes_for_level_multiplier_addtl[5]: 1
2022/02/11-15:32:43.007465 7fbcf6989340 Options.max_bytes_for_level_multiplier_addtl[6]: 1
2022/02/11-15:32:43.007467 7fbcf6989340       Options.max_sequential_skip_in_iterations: 8
2022/02/11-15:32:43.007468 7fbcf6989340                    Options.max_compaction_bytes: 1677721600
2022/02/11-15:32:43.007470 7fbcf6989340                        Options.arena_block_size: 8388608
2022/02/11-15:32:43.007471 7fbcf6989340   Options.soft_pending_compaction_bytes_limit: 68719476736
2022/02/11-15:32:43.007473 7fbcf6989340   Options.hard_pending_compaction_bytes_limit: 274877906944
2022/02/11-15:32:43.007474 7fbcf6989340       Options.rate_limit_delay_max_milliseconds: 100
2022/02/11-15:32:43.007476 7fbcf6989340                Options.disable_auto_compactions: 0
2022/02/11-15:32:43.007479 7fbcf6989340                        Options.compaction_style: kCompactionStyleLevel
2022/02/11-15:32:43.007481 7fbcf6989340                          Options.compaction_pri: kMinOverlappingRatio
2022/02/11-15:32:43.007482 7fbcf6989340 Options.compaction_options_universal.size_ratio: 1
2022/02/11-15:32:43.007484 7fbcf6989340 Options.compaction_options_universal.min_merge_width: 2
2022/02/11-15:32:43.007485 7fbcf6989340 Options.compaction_options_universal.max_merge_width: 4294967295
2022/02/11-15:32:43.007487 7fbcf6989340 Options.compaction_options_universal.max_size_amplification_percent: 200
2022/02/11-15:32:43.007488 7fbcf6989340 Options.compaction_options_universal.compression_size_percent: -1
2022/02/11-15:32:43.007536 7fbcf6989340 Options.compaction_options_universal.stop_style: kCompactionStopStyleTotalSize
2022/02/11-15:32:43.007540 7fbcf6989340 Options.compaction_options_fifo.max_table_files_size: 1073741824
2022/02/11-15:32:43.007543 7fbcf6989340 Options.compaction_options_fifo.allow_compaction: 0
2022/02/11-15:32:43.007622 7fbcf6989340                   Options.table_properties_collectors: 
2022/02/11-15:32:43.007627 7fbcf6989340                   Options.inplace_update_support: 0
2022/02/11-15:32:43.007629 7fbcf6989340                 Options.inplace_update_num_locks: 10000
2022/02/11-15:32:43.007631 7fbcf6989340               Options.memtable_prefix_bloom_size_ratio: 0.000000
2022/02/11-15:32:43.007634 7fbcf6989340               Options.memtable_whole_key_filtering: 0
2022/02/11-15:32:43.007635 7fbcf6989340   Options.memtable_huge_page_size: 0
2022/02/11-15:32:43.007637 7fbcf6989340                           Options.bloom_locality: 0
2022/02/11-15:32:43.007638 7fbcf6989340                    Options.max_successive_merges: 0
2022/02/11-15:32:43.007640 7fbcf6989340                Options.optimize_filters_for_hits: 0
2022/02/11-15:32:43.007642 7fbcf6989340                Options.paranoid_file_checks: 0
2022/02/11-15:32:43.007643 7fbcf6989340                Options.force_consistency_checks: 1
2022/02/11-15:32:43.007645 7fbcf6989340                Options.report_bg_io_stats: 0
2022/02/11-15:32:43.007646 7fbcf6989340                               Options.ttl: 2592000
2022/02/11-15:32:43.007648 7fbcf6989340          Options.periodic_compaction_seconds: 0
2022/02/11-15:32:43.007649 7fbcf6989340                    Options.enable_blob_files: false
2022/02/11-15:32:43.007651 7fbcf6989340                        Options.min_blob_size: 0
2022/02/11-15:32:43.007652 7fbcf6989340                       Options.blob_file_size: 268435456
2022/02/11-15:32:43.007654 7fbcf6989340                Options.blob_compression_type: NoCompression
2022/02/11-15:32:43.007655 7fbcf6989340       Options.enable_blob_garbage_collection: false
2022/02/11-15:32:43.007657 7fbcf6989340   Options.blob_garbage_collection_age_cutoff: 0.250000
2022/02/11-15:32:43.007872 7fbcf6989340 [db/column_family.cc:596] --------------- Options for column family [pending_orders]:
2022/02/11-15:32:43.007879 7fbcf6989340               Options.comparator: leveldb.BytewiseComparator
2022/02/11-15:32:43.007881 7fbcf6989340           Options.merge_operator: None
2022/02/11-15:32:43.007884 7fbcf6989340        Options.compaction_filter: None
2022/02/11-15:32:43.007886 7fbcf6989340        Options.compaction_filter_factory: None
2022/02/11-15:32:43.007888 7fbcf6989340  Options.sst_partitioner_factory: None
2022/02/11-15:32:43.007889 7fbcf6989340         Options.memtable_factory: SkipListFactory
2022/02/11-15:32:43.007891 7fbcf6989340            Options.table_factory: BlockBasedTable
2022/02/11-15:32:43.008024 7fbcf6989340            table_factory options:   flush_block_policy_factory: FlushBlockBySizePolicyFactory (0x56382be22f20)
  cache_index_and_filter_blocks: 0
  cache_index_and_filter_blocks_with_high_priority: 1
  pin_l0_filter_and_index_blocks_in_cache: 0
  pin_top_level_index_and_filter: 1
  index_type: 0
  data_block_index_type: 0
  index_shortening: 1
  data_block_hash_table_util_ratio: 0.750000
  hash_index_allow_collision: 1
  checksum: 1
  no_block_cache: 0
  block_cache: 0x56382be1cd60
  block_cache_name: LRUCache
  block_cache_options:
    capacity : 8388608
    num_shard_bits : 4
    strict_capacity_limit : 0
    memory_allocator : None
    high_pri_pool_ratio: 0.000
  block_cache_compressed: (nil)
  persistent_cache: (nil)
  block_size: 4096
  block_size_deviation: 10
  block_restart_interval: 16
  index_block_restart_interval: 1
  metadata_block_size: 4096
  partition_filters: 0
  use_delta_encoding: 1
  filter_policy: nullptr
  whole_key_filtering: 1
  verify_compression: 0
  read_amp_bytes_per_bit: 0
  format_version: 5
  enable_index_compression: 1
  block_align: 0
2022/02/11-15:32:43.008112 7fbcf6989340        Options.write_buffer_size: 67108864
2022/02/11-15:32:43.008117 7fbcf6989340  Options.max_write_buffer_number: 2
2022/02/11-15:32:43.008119 7fbcf6989340          Options.compression: Snappy
2022/02/11-15:32:43.008121 7fbcf6989340                  Options.bottommost_compression: Disabled
2022/02/11-15:32:43.008122 7fbcf6989340       Options.prefix_extractor: nullptr
2022/02/11-15:32:43.008124 7fbcf6989340   Options.memtable_insert_with_hint_prefix_extractor: nullptr
2022/02/11-15:32:43.008125 7fbcf6989340             Options.num_levels: 7
2022/02/11-15:32:43.008127 7fbcf6989340        Options.min_write_buffer_number_to_merge: 1
2022/02/11-15:32:43.008128 7fbcf6989340     Options.max_write_buffer_number_to_maintain: 0
2022/02/11-15:32:43.008130 7fbcf6989340     Options.max_write_buffer_size_to_maintain: 0
2022/02/11-15:32:43.008131 7fbcf6989340            Options.bottommost_compression_opts.window_bits: -14
2022/02/11-15:32:43.008133 7fbcf6989340                  Options.bottommost_compression_opts.level: 32767
2022/02/11-15:32:43.008134 7fbcf6989340               Options.bottommost_compression_opts.strategy: 0
2022/02/11-15:32:43.008135 7fbcf6989340         Options.bottommost_compression_opts.max_dict_bytes: 0
2022/02/11-15:32:43.008137 7fbcf6989340         Options.bottommost_compression_opts.zstd_max_train_bytes: 0
2022/02/11-15:32:43.008138 7fbcf6989340         Options.bottommost_compression_opts.parallel_threads: 1
2022/02/11-15:32:43.008140 7fbcf6989340                  Options.bottommost_compression_opts.enabled: false
2022/02/11-15:32:43.008141 7fbcf6989340         Options.bottommost_compression_opts.max_dict_buffer_bytes: 0
2022/02/11-15:32:43.008143 7fbcf6989340            Options.compression_opts.window_bits: -14
2022/02/11-15:32:43.008144 7fbcf6989340                  Options.compression_opts.level: 32767
2022/02/11-15:32:43.008145 7fbcf6989340               Options.compression_opts.strategy: 0
2022/02/11-15:32:43.008147 7fbcf6989340         Options.compression_opts.max_dict_bytes: 0
2022/02/11-15:32:43.008148 7fbcf6989340         Options.compression_opts.zstd_max_train_bytes: 0
2022/02/11-15:32:43.008149 7fbcf6989340         Options.compression_opts.parallel_threads: 1
2022/02/11-15:32:43.008151 7fbcf6989340                  Options.compression_opts.enabled: false
2022/02/11-15:32:43.008152 7fbcf6989340         Options.compression_opts.max_dict_buffer_bytes: 0
2022/02/11-15:32:43.008153 7fbcf6989340      Options.level0_file_num_compaction_trigger: 4
2022/02/11-15:32:43.008155 7fbcf6989340          Options.level0_slowdown_writes_trigger: 20
2022/02/11-15:32:43.008156 7fbcf6989340              Options.level0_stop_writes_trigger: 36
2022/02/11-15:32:43.008158 7fbcf6989340                   Options.target_file_size_base: 67108864
2022/02/11-15:32:43.008159 7fbcf6989340             Options.target_file_size_multiplier: 1
2022/02/11-15:32:43.008160 7fbcf6989340                Options.max_bytes_for_level_base: 268435456
2022/02/11-15:32:43.008162 7fbcf6989340 Options.level_compaction_dynamic_level_bytes: 0
2022/02/11-15:32:43.008163 7fbcf6989340          Options.max_bytes_for_level_multiplier: 10.000000
2022/02/11-15:32:43.008166 7fbcf6989340 Options.max_bytes_for_level_multiplier_addtl[0]: 1
2022/02/11-15:32:43.008168 7fbcf6989340 Options.max_bytes_for_level_multiplier_addtl[1]: 1
2022/02/11-15:32:43.008170 7fbcf6989340 Options.max_bytes_for_level_multiplier_addtl[2]: 1
2022/02/11-15:32:43.008171 7fbcf6989340 Options.max_bytes_for_level_multiplier_addtl[3]: 1
2022/02/11-15:32:43.008173 7fbcf6989340 Options.max_bytes_for_level_multiplier_addtl[4]: 1
2022/02/11-15:32:43.008174 7fbcf6989340 Options.max_bytes_for_level_multiplier_addtl[5]: 1
2022/02/11-15:32:43.008175 7fbcf6989340 Options.max_bytes_for_level_multiplier_addtl[6]: 1
2022/02/11-15:32:43.008177 7fbcf6989340       Options.max_sequential_skip_in_iterations: 8
2022/02/11-15:32:43.008178 7fbcf6989340                    Options.max_compaction_bytes: 1677721600
2022/02/11-15:32:43.008180 7fbcf6989340                        Options.arena_block_size: 8388608
2022/02/11-15:32:43.008224 7fbcf6989340   Options.soft_pending_compaction_bytes_limit: 68719476736
2022/02/11-15:32:43.008229 7fbcf6989340   Options.hard_pending_compaction_bytes_limit: 274877906944
2022/02/11-15:32:43.008232 7fbcf6989340       Options.rate_limit_delay_max_milliseconds: 100
2022/02/11-15:32:43.008234 7fbcf6989340                Options.disable_auto_compactions: 0
2022/02/11-15:32:43.008237 7fbcf6989340                        Options.compaction_style: kCompactionStyleLevel
2022/02/11-15:32:43.008239 7fbcf6989340                          Options.compaction_pri: kMinOverlappingRatio
2022/02/11-15:32:43.008241 7fbcf6989340 Options.compaction_options_universal.size_ratio: 1
2022/02/11-15:32:43.008242 7fbcf6989340 Options.compaction_options_universal.min_merge_width: 2
2022/02/11-15:32:43.008244 7fbcf6989340 Options.compaction_options_universal.max_merge_width: 4294967295
2022/02/11-15:32:43.008245 7fbcf6989340 Options.compaction_options_universal.max_size_amplification_percent: 200
2022/02/11-15:32:43.008247 7fbcf6989340 Options.compaction_options_universal.compression_size_percent: -1
2022/02/11-15:32:43.008249 7fbcf6989340 Options.compaction_options_universal.stop_style: kCompactionStopStyleTotalSize
2022/02/11-15:32:43.008250 7fbcf6989340 Options.compaction_options_fifo.max_table_files_size: 1073741824
2022/02/11-15:32:43.008252 7fbcf6989340 Options.compaction_options_fifo.allow_compaction: 0
2022/02/11-15:32:43.008256 7fbcf6989340                   Options.table_properties_collectors: 
2022/02/11-15:32:43.008258 7fbcf6989340                   Options.inplace_update_support: 0
2022/02/11-15:32:43.008260 7fbcf6989340                 Options.inplace_update_num_locks: 10000
2022/02/11-15:32:43.008261 7fbcf6989340               Options.memtable_prefix_bloom_size_ratio: 0.000000
2022/02/11-15:32:43.008264 7fbcf6989340               Options.memtable_whole_key_filtering: 0
2022/02/11-15:32:43.008265 7fbcf6989340   Options.memtable_huge_page_size: 0
2022/02/11-15:32:43.008266 7fbcf6989340                           Options.bloom_locality: 0
2022/02/11-15:32:43.008268 7fbcf6989340                    Options.max_successive_merges: 0
2022/02/11-15:32:43.008269 7fbcf6989340                Options.optimize_filters_for_hits: 0
2022/02/11-15:32:43.008271 7fbcf6989340                Options.paranoid_file_checks: 0
2022/02/11-15:32:43.008272 7fbcf6989340                Options.force_consistency_checks: 1
2022/02/11-15:32:43.008273 7fbcf6989340                Options.report_bg_io_stats: 0
2022/02/11-15:32:43.008275 7fbcf6989340                               Options.ttl: 2592000
2022/02/11-15:32:43.008276 7fbcf6989340          Options.periodic_compaction_seconds: 0
2022/02/11-15:32:43.008277 7fbcf6989340                    Options.enable_blob_files: false
2022/02/11-15:32:43.008279 7fbcf6989340                        Options.min_blob_size: 0
2022/02/11-15:32:43.008280 7fbcf6989340                       Options.blob_file_size: 268435456
2022/02/11-15:32:43.008282 7fbcf6989340                Options.blob_compression_type: NoCompression
2022/02/11-15:32:43.008283 7fbcf6989340       Options.enable_blob_garbage_collection: false
2022/02/11-15:32:43.008284 7fbcf6989340   Options.blob_garbage_collection_age_cutoff: 0.250000
2022/02/11-15:32:43.008389 7fbcf6989340 [db/column_family.cc:596] --------------- Options for column family [certificates]:
2022/02/11-15:32:43.008394 7fbcf6989340               Options.comparator: leveldb.BytewiseComparator
2022/02/11-15:32:43.008397 7fbcf6989340           Options.merge_operator: None
2022/02/11-15:32:43.008400 7fbcf6989340        Options.compaction_filter: None
2022/02/11-15:32:43.008402 7fbcf6989340        Options.compaction_filter_factory: None
2022/02/11-15:32:43.008404 7fbcf6989340  Options.sst_partitioner_factory: None
2022/02/11-15:32:43.008405 7fbcf6989340         Options.memtable_factory: SkipListFactory
2022/02/11-15:32:43.008407 7fbcf6989340            Options.table_factory: BlockBasedTable
2022/02/11-15:32:43.008530 7fbcf6989340            table_factory options:   flush_block_policy_factory: FlushBlockBySizePolicyFactory (0x56382beb0410)
  cache_index_and_filter_blocks: 0
  cache_index_and_filter_blocks_with_high_priority: 1
  pin_l0_filter_and_index_blocks_in_cache: 0
  pin_top_level_index_and_filter: 1
  index_type: 0
  data_block_index_type: 0
  index_shortening: 1
  data_block_hash_table_util_ratio: 0.750000
  hash_index_allow_collision: 1
  checksum: 1
  no_block_cache: 0
  block_cache: 0x56382bebc190
  block_cache_name: LRUCache
  block_cache_options:
    capacity : 8388608
    num_shard_bits : 4
    strict_capacity_limit : 0
    memory_allocator : None
    high_pri_pool_ratio: 0.000
  block_cache_compressed: (nil)
  persistent_cache: (nil)
  block_size: 4096
  block_size_deviation: 10
  block_restart_interval: 16
  index_block_restart_interval: 1
  metadata_block_size: 4096
  partition_filters: 0
  use_delta_encoding: 1
  filter_policy: nullptr
  whole_key_filtering: 1
  verify_compression: 0
  read_amp_bytes_per_bit: 0
  format_version: 5
  enable_index_compression: 1
  block_align: 0
2022/02/11-15:32:43.008578 7fbcf6989340        Options.write_buffer_size: 67108864
2022/02/11-15:32:43.008583 7fbcf6989340  Options.max_write_buffer_number: 2
2022/02/11-15:32:43.008585 7fbcf6989340          Options.compression: Snappy
2022/02/11-15:32:43.008587 7fbcf6989340                  Options.bottommost_compression: Disabled
2022/02/11-15:32:43.008588 7fbcf6989340       Options.prefix_extractor: nullptr
2022/02/11-15:32:43.008590 7fbcf6989340   Options.memtable_insert_with_hint_prefix_extractor: nullptr
2022/02/11-15:32:43.008591 7fbcf6989340             Options.num_levels: 7
2022/02/11-15:32:43.008593 7fbcf6989340        Options.min_write_buffer_number_to_merge: 1
2022/02/11-15:32:43.008594 7fbcf6989340     Options.max_write_buffer_number_to_maintain: 0
2022/02/11-15:32:43.008596 7fbcf6989340     Options.max_write_buffer_size_to_maintain: 0
2022/02/11-15:32:43.008597 7fbcf6989340            Options.bottommost_compression_opts.window_bits: -14
2022/02/11-15:32:43.008598 7fbcf6989340                  Options.bottommost_compression_opts.level: 32767
2022/02/11-15:32:43.008600 7fbcf6989340               Options.bottommost_compression_opts.strategy: 0
2022/02/11-15:32:43.008602 7fbcf6989340         Options.bottommost_compression_opts.max_dict_bytes: 0
2022/02/11-15:32:43.008603 7fbcf6989340         Options.bottommost_compression_opts.zstd_max_train_bytes: 0
2022/02/11-15:32:43.008604 7fbcf6989340         Options.bottommost_compression_opts.parallel_threads: 1
2022/02/11-15:32:43.008606 7fbcf6989340                  Options.bottommost_compression_opts.enabled: false
2022/02/11-15:32:43.008607 7fbcf6989340         Options.bottommost_compression_opts.max_dict_buffer_bytes: 0
2022/02/11-15:32:43.008609 7fbcf6989340            Options.compression_opts.window_bits: -14
2022/02/11-15:32:43.008610 7fbcf6989340                  Options.compression_opts.level: 32767
2022/02/11-15:32:43.008612 7fbcf6989340               Options.compression_opts.strategy: 0
2022/02/11-15:32:43.008613 7fbcf6989340         Options.compression_opts.max_dict_bytes: 0
2022/02/11-15:32:43.008615 7fbcf6989340         Options.compression_opts.zstd_max_train_bytes: 0
2022/02/11-15:32:43.008616 7fbcf6989340         Options.compression_opts.parallel_threads: 1
2022/02/11-15:32:43.008618 7fbcf6989340                  Options.compression_opts.enabled: false
2022/02/11-15:32:43.008619 7fbcf6989340         Options.compression_opts.max_dict_buffer_bytes: 0
2022/02/11-15:32:43.008621 7fbcf6989340      Options.level0_file_num_compaction_trigger: 4
2022/02/11-15:32:43.008622 7fbcf6989340          Options.level0_slowdown_writes_trigger: 20
2022/02/11-15:32:43.008623 7fbcf6989340              Options.level0_stop_writes_trigger: 36
2022/02/11-15:32:43.008625 7fbcf6989340                   Options.target_file_size_base: 67108864
2022/02/11-15:32:43.008626 7fbcf6989340             Options.target_file_size_multiplier: 1
2022/02/11-15:32:43.008628 7fbcf6989340                Options.max_bytes_for_level_base: 268435456
2022/02/11-15:32:43.008629 7fbcf6989340 Options.level_compaction_dynamic_level_bytes: 0
2022/02/11-15:32:43.008678 7fbcf6989340          Options.max_bytes_for_level_multiplier: 10.000000
2022/02/11-15:32:43.008684 7fbcf6989340 Options.max_bytes_for_level_multiplier_addtl[0]: 1
2022/02/11-15:32:43.008687 7fbcf6989340 Options.max_bytes_for_level_multiplier_addtl[1]: 1
2022/02/11-15:32:43.008689 7fbcf6989340 Options.max_bytes_for_level_multiplier_addtl[2]: 1
2022/02/11-15:32:43.008691 7fbcf6989340 Options.max_bytes_for_level_multiplier_addtl[3]: 1
2022/02/11-15:32:43.008693 7fbcf6989340 Options.max_bytes_for_level_multiplier_addtl[4]: 1
2022/02/11-15:32:43.008694 7fbcf6989340 Options.max_bytes_for_level_multiplier_addtl[5]: 1
2022/02/11-15:32:43.008695 7fbcf6989340 Options.max_bytes_for_level_multiplier_addtl[6]: 1
2022/02/11-15:32:43.008697 7fbcf6989340       Options.max_sequential_skip_in_iterations: 8
2022/02/11-15:32:43.008698 7fbcf6989340                    Options.max_compaction_bytes: 1677721600
2022/02/11-15:32:43.008700 7fbcf6989340                        Options.arena_block_size: 8388608
2022/02/11-15:32:43.008702 7fbcf6989340   Options.soft_pending_compaction_bytes_limit: 68719476736
2022/02/11-15:32:43.008703 7fbcf6989340   Options.hard_pending_compaction_bytes_limit: 274877906944
2022/02/11-15:32:43.008705 7fbcf6989340       Options.rate_limit_delay_max_milliseconds: 100
2022/02/11-15:32:43.008707 7fbcf6989340                Options.disable_auto_compactions: 0
2022/02/11-15:32:43.008708 7fbcf6989340                        Options.compaction_style: kCompactionStyleLevel
2022/02/11-15:32:43.008710 7fbcf6989340                          Options.compaction_pri: kMinOverlappingRatio
2022/02/11-15:32:43.008712 7fbcf6989340 Options.compaction_options_universal.size_ratio: 1
2022/02/11-15:32:43.008713 7fbcf6989340 Options.compaction_options_universal.min_merge_width: 2
2022/02/11-15:32:43.008715 7fbcf6989340 Options.compaction_options_universal.max_merge_width: 4294967295
2022/02/11-15:32:43.008716 7fbcf6989340 Options.compaction_options_universal.max_size_amplification_percent: 200
2022/02/11-15:32:43.008717 7fbcf6989340 Options.compaction_options_universal.compression_size_percent: -1
2022/02/11-15:32:43.008719 7fbcf6989340 Options.compaction_options_universal.stop_style: kCompactionStopStyleTotalSize
2022/02/11-15:32:43.008721 7fbcf6989340 Options.compaction_options_fifo.max_table_files_size: 1073741824
2022/02/11-15:32:43.008722 7fbcf6989340 Options.compaction_options_fifo.allow_compaction: 0
2022/02/11-15:32:43.008726 7fbcf6989340                   Options.table_properties_collectors: 
2022/02/11-15:32:43.008728 7fbcf6989340                   Options.inplace_update_support: 0
2022/02/11-15:32:43.008729 7fbcf6989340                 Options.inplace_update_num_locks: 10000
2022/02/11-15:32:43.008731 7fbcf6989340               Options.memtable_prefix_bloom_size_ratio: 0.000000
2022/02/11-15:32:43.008733 7fbcf6989340               Options.memtable_whole_key_filtering: 0
2022/02/11-15:32:43.008734 7fbcf6989340   Options.memtable_huge_page_size: 0
2022/02/11-15:32:43.008736 7fbcf6989340                           Options.bloom_locality: 0
2022/02/11-15:32:43.008737 7fbcf6989340                    Options.max_successive_merges: 0
2022/02/11-15:32:43.008738 7fbcf6989340                Options.optimize_filters_for_hits: 0
2022/02/11-15:32:43.008740 7fbcf6989340                Options.paranoid_file_checks: 0
2022/02/11-15:32:43.008741 7fbcf6989340                Options.force_consistency_checks: 1
2022/02/11-15:32:43.008742 7fbcf6989340                Options.report_bg_io_stats: 0
2022/02/11-15:32:43.008744 7fbcf6989340                               Options.ttl: 2592000
2022/02/11-15:32:43.008745 7fbcf6989340          Options.periodic_compaction_seconds: 0
2022/02/11-15:32:43.008746 7fbcf6989340                    Options.enable_blob_files: false
2022/02/11-15:32:43.008748 7fbcf6989340                        Options.min_blob_size: 0
2022/02/11-15:32:43.008749 7fbcf6989340                       Options.blob_file_size: 268435456
2022/02/11-15:32:43.008751 7fbcf6989340                Options.blob_compression_type: NoCompression
2022/02/11-15:32:43.008793 7fbcf6989340       Options.enable_blob_garbage_collection: false
2022/02/11-15:32:43.008798 7fbcf6989340   Options.blob_garbage_collection_age_cutoff: 0.250000
2022/02/11-15:32:43.009024 7fbcf6989340 [db/column_family.cc:596] --------------- Options for column family [object_certs]:
2022/02/11-15:32:43.009029 7fbcf6989340               Options.comparator: leveldb.BytewiseComparator
2022/02/11-15:32:43.009031 7fbcf6989340           Options.merge_operator: None
2022/02/11-15:32:43.009032 7fbcf6989340        Options.compaction_filter: None
2022/02/11-15:32:43.009034 7fbcf6989340        Options.compaction_filter_factory: None
2022/02/11-15:32:43.009035 7fbcf6989340  Options.sst_partitioner_factory: None
2022/02/11-15:32:43.009037 7fbcf6989340         Options.memtable_factory: SkipListFactory
2022/02/11-15:32:43.009038 7fbcf6989340            Options.table_factory: BlockBasedTable
2022/02/11-15:32:43.009132 7fbcf6989340            table_factory options:   flush_block_policy_factory: FlushBlockBySizePolicyFactory (0x56382bcfcf50)
  cache_index_and_filter_blocks: 0
  cache_index_and_filter_blocks_with_high_priority: 1
  pin_l0_filter_and_index_blocks_in_cache: 0
  pin_top_level_index_and_filter: 1
  index_type: 0
  data_block_index_type: 0
  index_shortening: 1
  data_block_hash_table_util_ratio: 0.750000
  hash_index_allow_collision: 1
  checksum: 1
  no_block_cache: 0
  block_cache: 0x56382be0e300
  block_cache_name: LRUCache
  block_cache_options:
    capacity : 8388608
    num_shard_bits : 4
    strict_capacity_limit : 0
    memory_allocator : None
    high_pri_pool_ratio: 0.000
  block_cache_compressed: (nil)
  persistent_cache: (nil)
  block_size: 4096
  block_size_deviation: 10
  block_restart_interval: 16
  index_block_restart_interval: 1
  metadata_block_size: 4096
  partition_filters: 0
  use_delta_encoding: 1
  filter_policy: nullptr
  whole_key_filtering: 1
  verify_compression: 0
  read_amp_bytes_per_bit: 0
  format_version: 5
  enable_index_compression: 1
  block_align: 0
2022/02/11-15:32:43.009139 7fbcf6989340        Options.write_buffer_size: 67108864
2022/02/11-15:32:43.009141 7fbcf6989340  Options.max_write_buffer_number: 2
2022/02/11-15:32:43.009143 7fbcf6989340          Options.compression: Snappy
2022/02/11-15:32:43.009145 7fbcf6989340                  Options.bottommost_compression: Disabled
2022/02/11-15:32:43.009146 7fbcf6989340       Options.prefix_extractor: nullptr
2022/02/11-15:32:43.009148 7fbcf6989340   Options.memtable_insert_with_hint_prefix_extractor: nullptr
2022/02/11-15:32:43.009149 7fbcf6989340             Options.num_levels: 7
2022/02/11-15:32:43.009151 7fbcf6989340        Options.min_write_buffer_number_to_merge: 1
2022/02/11-15:32:43.009152 7fbcf6989340     Options.max_write_buffer_number_to_maintain: 0
2022/02/11-15:32:43.009154 7fbcf6989340     Options.max_write_buffer_size_to_maintain: 0
