2022/02/11-15:51:22.320731 7fcf56d78340 RocksDB version: 6.20.3
2022/02/11-15:51:22.320740 7fcf56d78340 Git sha 8608d75d85f8e1b3b64b73a4fb6d19baec61ba5c
2022/02/11-15:51:22.320741 7fcf56d78340 Compile date 2021-05-05 20:35:30
2022/02/11-15:51:22.320764 7fcf56d78340 DB SUMMARY
2022/02/11-15:51:22.320765 7fcf56d78340 DB Session ID:  ZH3RAGJVQSGHTWYV41AP
2022/02/11-15:51:22.320795 7fcf56d78340 CURRENT file:  CURRENT
2022/02/11-15:51:22.320796 7fcf56d78340 IDENTITY file:  IDENTITY
2022/02/11-15:51:22.320797 7fcf56d78340 MANIFEST file:  MANIFEST-000271 size: 1452 Bytes
2022/02/11-15:51:22.320798 7fcf56d78340 SST files in ./client_db/k#390debfa89d78e27f26681591dab15d34e147f6a9a91c29c8cd2c367f4f3ba1e dir, Total Num: 4, files: 000226.sst 000236.sst 000252.sst 000268.sst 
2022/02/11-15:51:22.320799 7fcf56d78340 Write Ahead Log file in ./client_db/k#390debfa89d78e27f26681591dab15d34e147f6a9a91c29c8cd2c367f4f3ba1e: 000272.log size: 830 ; 
2022/02/11-15:51:22.320800 7fcf56d78340                         Options.error_if_exists: 0
2022/02/11-15:51:22.320801 7fcf56d78340                       Options.create_if_missing: 1
2022/02/11-15:51:22.320802 7fcf56d78340                         Options.paranoid_checks: 1
2022/02/11-15:51:22.320802 7fcf56d78340                               Options.track_and_verify_wals_in_manifest: 0
2022/02/11-15:51:22.320803 7fcf56d78340                                     Options.env: 0x561d55bcc420
2022/02/11-15:51:22.320804 7fcf56d78340                                      Options.fs: Posix File System
2022/02/11-15:51:22.320804 7fcf56d78340                                Options.info_log: 0x561d57c0be40
2022/02/11-15:51:22.320805 7fcf56d78340                Options.max_file_opening_threads: 16
2022/02/11-15:51:22.320805 7fcf56d78340                              Options.statistics: (nil)
2022/02/11-15:51:22.320806 7fcf56d78340                               Options.use_fsync: 0
2022/02/11-15:51:22.320806 7fcf56d78340                       Options.max_log_file_size: 0
2022/02/11-15:51:22.320807 7fcf56d78340                  Options.max_manifest_file_size: 1073741824
2022/02/11-15:51:22.320807 7fcf56d78340                   Options.log_file_time_to_roll: 0
2022/02/11-15:51:22.320808 7fcf56d78340                       Options.keep_log_file_num: 1000
2022/02/11-15:51:22.320808 7fcf56d78340                    Options.recycle_log_file_num: 0
2022/02/11-15:51:22.320809 7fcf56d78340                         Options.allow_fallocate: 1
2022/02/11-15:51:22.320809 7fcf56d78340                        Options.allow_mmap_reads: 0
2022/02/11-15:51:22.320810 7fcf56d78340                       Options.allow_mmap_writes: 0
2022/02/11-15:51:22.320810 7fcf56d78340                        Options.use_direct_reads: 0
2022/02/11-15:51:22.320810 7fcf56d78340                        Options.use_direct_io_for_flush_and_compaction: 0
2022/02/11-15:51:22.320811 7fcf56d78340          Options.create_missing_column_families: 1
2022/02/11-15:51:22.320811 7fcf56d78340                              Options.db_log_dir: 
2022/02/11-15:51:22.320812 7fcf56d78340                                 Options.wal_dir: ./client_db/k#390debfa89d78e27f26681591dab15d34e147f6a9a91c29c8cd2c367f4f3ba1e
2022/02/11-15:51:22.320812 7fcf56d78340                Options.table_cache_numshardbits: 6
2022/02/11-15:51:22.320813 7fcf56d78340                         Options.WAL_ttl_seconds: 0
2022/02/11-15:51:22.320813 7fcf56d78340                       Options.WAL_size_limit_MB: 0
2022/02/11-15:51:22.320814 7fcf56d78340                        Options.max_write_batch_group_size_bytes: 1048576
2022/02/11-15:51:22.320814 7fcf56d78340             Options.manifest_preallocation_size: 4194304
2022/02/11-15:51:22.320815 7fcf56d78340                     Options.is_fd_close_on_exec: 1
2022/02/11-15:51:22.320815 7fcf56d78340                   Options.advise_random_on_open: 1
2022/02/11-15:51:22.320815 7fcf56d78340                    Options.db_write_buffer_size: 0
2022/02/11-15:51:22.320816 7fcf56d78340                    Options.write_buffer_manager: 0x561d57b07c10
2022/02/11-15:51:22.320816 7fcf56d78340         Options.access_hint_on_compaction_start: 1
2022/02/11-15:51:22.320822 7fcf56d78340  Options.new_table_reader_for_compaction_inputs: 0
2022/02/11-15:51:22.320823 7fcf56d78340           Options.random_access_max_buffer_size: 1048576
2022/02/11-15:51:22.320824 7fcf56d78340                      Options.use_adaptive_mutex: 0
2022/02/11-15:51:22.320824 7fcf56d78340                            Options.rate_limiter: (nil)
2022/02/11-15:51:22.320825 7fcf56d78340     Options.sst_file_manager.rate_bytes_per_sec: 0
2022/02/11-15:51:22.320825 7fcf56d78340                       Options.wal_recovery_mode: 2
2022/02/11-15:51:22.320826 7fcf56d78340                  Options.enable_thread_tracking: 0
2022/02/11-15:51:22.320826 7fcf56d78340                  Options.enable_pipelined_write: 0
2022/02/11-15:51:22.320826 7fcf56d78340                  Options.unordered_write: 0
2022/02/11-15:51:22.320827 7fcf56d78340         Options.allow_concurrent_memtable_write: 1
2022/02/11-15:51:22.320827 7fcf56d78340      Options.enable_write_thread_adaptive_yield: 1
2022/02/11-15:51:22.320828 7fcf56d78340             Options.write_thread_max_yield_usec: 100
2022/02/11-15:51:22.320828 7fcf56d78340            Options.write_thread_slow_yield_usec: 3
2022/02/11-15:51:22.320829 7fcf56d78340                               Options.row_cache: None
2022/02/11-15:51:22.320829 7fcf56d78340                              Options.wal_filter: None
2022/02/11-15:51:22.320830 7fcf56d78340             Options.avoid_flush_during_recovery: 0
2022/02/11-15:51:22.320830 7fcf56d78340             Options.allow_ingest_behind: 0
2022/02/11-15:51:22.320831 7fcf56d78340             Options.preserve_deletes: 0
2022/02/11-15:51:22.320831 7fcf56d78340             Options.two_write_queues: 0
2022/02/11-15:51:22.320831 7fcf56d78340             Options.manual_wal_flush: 0
2022/02/11-15:51:22.320832 7fcf56d78340             Options.atomic_flush: 0
2022/02/11-15:51:22.320832 7fcf56d78340             Options.avoid_unnecessary_blocking_io: 0
2022/02/11-15:51:22.320833 7fcf56d78340                 Options.persist_stats_to_disk: 0
2022/02/11-15:51:22.320833 7fcf56d78340                 Options.write_dbid_to_manifest: 0
2022/02/11-15:51:22.320834 7fcf56d78340                 Options.log_readahead_size: 0
2022/02/11-15:51:22.320834 7fcf56d78340                 Options.file_checksum_gen_factory: Unknown
2022/02/11-15:51:22.320835 7fcf56d78340                 Options.best_efforts_recovery: 0
2022/02/11-15:51:22.320835 7fcf56d78340                Options.max_bgerror_resume_count: 2147483647
2022/02/11-15:51:22.320835 7fcf56d78340            Options.bgerror_resume_retry_interval: 1000000
2022/02/11-15:51:22.320836 7fcf56d78340             Options.allow_data_in_errors: 0
2022/02/11-15:51:22.320836 7fcf56d78340             Options.db_host_id: __hostname__
2022/02/11-15:51:22.320837 7fcf56d78340             Options.max_background_jobs: 2
2022/02/11-15:51:22.320837 7fcf56d78340             Options.max_background_compactions: -1
2022/02/11-15:51:22.320838 7fcf56d78340             Options.max_subcompactions: 1
2022/02/11-15:51:22.320838 7fcf56d78340             Options.avoid_flush_during_shutdown: 0
2022/02/11-15:51:22.320839 7fcf56d78340           Options.writable_file_max_buffer_size: 1048576
2022/02/11-15:51:22.320839 7fcf56d78340             Options.delayed_write_rate : 16777216
2022/02/11-15:51:22.320840 7fcf56d78340             Options.max_total_wal_size: 0
2022/02/11-15:51:22.320840 7fcf56d78340             Options.delete_obsolete_files_period_micros: 21600000000
2022/02/11-15:51:22.320841 7fcf56d78340                   Options.stats_dump_period_sec: 600
2022/02/11-15:51:22.320841 7fcf56d78340                 Options.stats_persist_period_sec: 600
2022/02/11-15:51:22.320842 7fcf56d78340                 Options.stats_history_buffer_size: 1048576
2022/02/11-15:51:22.320842 7fcf56d78340                          Options.max_open_files: -1
2022/02/11-15:51:22.320842 7fcf56d78340                          Options.bytes_per_sync: 0
2022/02/11-15:51:22.320843 7fcf56d78340                      Options.wal_bytes_per_sync: 0
2022/02/11-15:51:22.320843 7fcf56d78340                   Options.strict_bytes_per_sync: 0
2022/02/11-15:51:22.320847 7fcf56d78340       Options.compaction_readahead_size: 0
2022/02/11-15:51:22.320847 7fcf56d78340                  Options.max_background_flushes: -1
2022/02/11-15:51:22.320848 7fcf56d78340 Compression algorithms supported:
2022/02/11-15:51:22.320849 7fcf56d78340 	kZSTDNotFinalCompression supported: 1
2022/02/11-15:51:22.320849 7fcf56d78340 	kZSTD supported: 1
2022/02/11-15:51:22.320850 7fcf56d78340 	kXpressCompression supported: 0
2022/02/11-15:51:22.320850 7fcf56d78340 	kLZ4HCCompression supported: 1
2022/02/11-15:51:22.320851 7fcf56d78340 	kLZ4Compression supported: 1
2022/02/11-15:51:22.320851 7fcf56d78340 	kBZip2Compression supported: 1
2022/02/11-15:51:22.320852 7fcf56d78340 	kZlibCompression supported: 1
2022/02/11-15:51:22.320852 7fcf56d78340 	kSnappyCompression supported: 1
2022/02/11-15:51:22.320853 7fcf56d78340 Fast CRC32 supported: Not supported on x86
2022/02/11-15:51:22.320874 7fcf56d78340 [db/version_set.cc:4626] Recovering from manifest file: ./client_db/k#390debfa89d78e27f26681591dab15d34e147f6a9a91c29c8cd2c367f4f3ba1e/MANIFEST-000271
2022/02/11-15:51:22.320930 7fcf56d78340 [db/column_family.cc:596] --------------- Options for column family [default]:
2022/02/11-15:51:22.320932 7fcf56d78340               Options.comparator: leveldb.BytewiseComparator
2022/02/11-15:51:22.320932 7fcf56d78340           Options.merge_operator: None
2022/02/11-15:51:22.320933 7fcf56d78340        Options.compaction_filter: None
2022/02/11-15:51:22.320933 7fcf56d78340        Options.compaction_filter_factory: None
2022/02/11-15:51:22.320934 7fcf56d78340  Options.sst_partitioner_factory: None
2022/02/11-15:51:22.320934 7fcf56d78340         Options.memtable_factory: SkipListFactory
2022/02/11-15:51:22.320935 7fcf56d78340            Options.table_factory: BlockBasedTable
2022/02/11-15:51:22.320952 7fcf56d78340            table_factory options:   flush_block_policy_factory: FlushBlockBySizePolicyFactory (0x561d57b7d930)
  cache_index_and_filter_blocks: 0
  cache_index_and_filter_blocks_with_high_priority: 1
  pin_l0_filter_and_index_blocks_in_cache: 0
  pin_top_level_index_and_filter: 1
  index_type: 0
  data_block_index_type: 0
  index_shortening: 1
  data_block_hash_table_util_ratio: 0.750000
  hash_index_allow_collision: 1
  checksum: 1
  no_block_cache: 0
  block_cache: 0x561d57a9dee0
  block_cache_name: LRUCache
  block_cache_options:
    capacity : 8388608
    num_shard_bits : 4
    strict_capacity_limit : 0
    memory_allocator : None
    high_pri_pool_ratio: 0.000
  block_cache_compressed: (nil)
  persistent_cache: (nil)
  block_size: 4096
  block_size_deviation: 10
  block_restart_interval: 16
  index_block_restart_interval: 1
  metadata_block_size: 4096
  partition_filters: 0
  use_delta_encoding: 1
  filter_policy: nullptr
  whole_key_filtering: 1
  verify_compression: 0
  read_amp_bytes_per_bit: 0
  format_version: 5
  enable_index_compression: 1
  block_align: 0
2022/02/11-15:51:22.320953 7fcf56d78340        Options.write_buffer_size: 67108864
2022/02/11-15:51:22.320954 7fcf56d78340  Options.max_write_buffer_number: 2
2022/02/11-15:51:22.320954 7fcf56d78340          Options.compression: Snappy
2022/02/11-15:51:22.320955 7fcf56d78340                  Options.bottommost_compression: Disabled
2022/02/11-15:51:22.320955 7fcf56d78340       Options.prefix_extractor: nullptr
2022/02/11-15:51:22.320956 7fcf56d78340   Options.memtable_insert_with_hint_prefix_extractor: nullptr
2022/02/11-15:51:22.320956 7fcf56d78340             Options.num_levels: 7
2022/02/11-15:51:22.320956 7fcf56d78340        Options.min_write_buffer_number_to_merge: 1
2022/02/11-15:51:22.320957 7fcf56d78340     Options.max_write_buffer_number_to_maintain: 0
2022/02/11-15:51:22.320957 7fcf56d78340     Options.max_write_buffer_size_to_maintain: 0
2022/02/11-15:51:22.320958 7fcf56d78340            Options.bottommost_compression_opts.window_bits: -14
2022/02/11-15:51:22.320958 7fcf56d78340                  Options.bottommost_compression_opts.level: 32767
2022/02/11-15:51:22.320959 7fcf56d78340               Options.bottommost_compression_opts.strategy: 0
2022/02/11-15:51:22.320963 7fcf56d78340         Options.bottommost_compression_opts.max_dict_bytes: 0
2022/02/11-15:51:22.320964 7fcf56d78340         Options.bottommost_compression_opts.zstd_max_train_bytes: 0
2022/02/11-15:51:22.320964 7fcf56d78340         Options.bottommost_compression_opts.parallel_threads: 1
2022/02/11-15:51:22.320964 7fcf56d78340                  Options.bottommost_compression_opts.enabled: false
2022/02/11-15:51:22.320965 7fcf56d78340         Options.bottommost_compression_opts.max_dict_buffer_bytes: 0
2022/02/11-15:51:22.320965 7fcf56d78340            Options.compression_opts.window_bits: -14
2022/02/11-15:51:22.320966 7fcf56d78340                  Options.compression_opts.level: 32767
2022/02/11-15:51:22.320966 7fcf56d78340               Options.compression_opts.strategy: 0
2022/02/11-15:51:22.320967 7fcf56d78340         Options.compression_opts.max_dict_bytes: 0
2022/02/11-15:51:22.320967 7fcf56d78340         Options.compression_opts.zstd_max_train_bytes: 0
2022/02/11-15:51:22.320968 7fcf56d78340         Options.compression_opts.parallel_threads: 1
2022/02/11-15:51:22.320968 7fcf56d78340                  Options.compression_opts.enabled: false
2022/02/11-15:51:22.320968 7fcf56d78340         Options.compression_opts.max_dict_buffer_bytes: 0
2022/02/11-15:51:22.320969 7fcf56d78340      Options.level0_file_num_compaction_trigger: 4
2022/02/11-15:51:22.320969 7fcf56d78340          Options.level0_slowdown_writes_trigger: 20
2022/02/11-15:51:22.320970 7fcf56d78340              Options.level0_stop_writes_trigger: 36
2022/02/11-15:51:22.320970 7fcf56d78340                   Options.target_file_size_base: 67108864
2022/02/11-15:51:22.320971 7fcf56d78340             Options.target_file_size_multiplier: 1
2022/02/11-15:51:22.320971 7fcf56d78340                Options.max_bytes_for_level_base: 268435456
2022/02/11-15:51:22.320972 7fcf56d78340 Options.level_compaction_dynamic_level_bytes: 0
2022/02/11-15:51:22.320972 7fcf56d78340          Options.max_bytes_for_level_multiplier: 10.000000
2022/02/11-15:51:22.320973 7fcf56d78340 Options.max_bytes_for_level_multiplier_addtl[0]: 1
2022/02/11-15:51:22.320974 7fcf56d78340 Options.max_bytes_for_level_multiplier_addtl[1]: 1
2022/02/11-15:51:22.320975 7fcf56d78340 Options.max_bytes_for_level_multiplier_addtl[2]: 1
2022/02/11-15:51:22.320975 7fcf56d78340 Options.max_bytes_for_level_multiplier_addtl[3]: 1
2022/02/11-15:51:22.320975 7fcf56d78340 Options.max_bytes_for_level_multiplier_addtl[4]: 1
2022/02/11-15:51:22.320976 7fcf56d78340 Options.max_bytes_for_level_multiplier_addtl[5]: 1
2022/02/11-15:51:22.320976 7fcf56d78340 Options.max_bytes_for_level_multiplier_addtl[6]: 1
2022/02/11-15:51:22.320977 7fcf56d78340       Options.max_sequential_skip_in_iterations: 8
2022/02/11-15:51:22.320977 7fcf56d78340                    Options.max_compaction_bytes: 1677721600
2022/02/11-15:51:22.320978 7fcf56d78340                        Options.arena_block_size: 8388608
2022/02/11-15:51:22.320978 7fcf56d78340   Options.soft_pending_compaction_bytes_limit: 68719476736
2022/02/11-15:51:22.320979 7fcf56d78340   Options.hard_pending_compaction_bytes_limit: 274877906944
2022/02/11-15:51:22.320979 7fcf56d78340       Options.rate_limit_delay_max_milliseconds: 100
2022/02/11-15:51:22.320980 7fcf56d78340                Options.disable_auto_compactions: 0
2022/02/11-15:51:22.320981 7fcf56d78340                        Options.compaction_style: kCompactionStyleLevel
2022/02/11-15:51:22.320981 7fcf56d78340                          Options.compaction_pri: kMinOverlappingRatio
2022/02/11-15:51:22.320982 7fcf56d78340 Options.compaction_options_universal.size_ratio: 1
2022/02/11-15:51:22.320982 7fcf56d78340 Options.compaction_options_universal.min_merge_width: 2
2022/02/11-15:51:22.320983 7fcf56d78340 Options.compaction_options_universal.max_merge_width: 4294967295
2022/02/11-15:51:22.320983 7fcf56d78340 Options.compaction_options_universal.max_size_amplification_percent: 200
2022/02/11-15:51:22.320984 7fcf56d78340 Options.compaction_options_universal.compression_size_percent: -1
2022/02/11-15:51:22.320990 7fcf56d78340 Options.compaction_options_universal.stop_style: kCompactionStopStyleTotalSize
2022/02/11-15:51:22.320991 7fcf56d78340 Options.compaction_options_fifo.max_table_files_size: 1073741824
2022/02/11-15:51:22.320991 7fcf56d78340 Options.compaction_options_fifo.allow_compaction: 0
2022/02/11-15:51:22.320997 7fcf56d78340                   Options.table_properties_collectors: 
2022/02/11-15:51:22.320998 7fcf56d78340                   Options.inplace_update_support: 0
2022/02/11-15:51:22.320998 7fcf56d78340                 Options.inplace_update_num_locks: 10000
2022/02/11-15:51:22.320999 7fcf56d78340               Options.memtable_prefix_bloom_size_ratio: 0.000000
2022/02/11-15:51:22.320999 7fcf56d78340               Options.memtable_whole_key_filtering: 0
2022/02/11-15:51:22.321000 7fcf56d78340   Options.memtable_huge_page_size: 0
2022/02/11-15:51:22.321000 7fcf56d78340                           Options.bloom_locality: 0
2022/02/11-15:51:22.321001 7fcf56d78340                    Options.max_successive_merges: 0
2022/02/11-15:51:22.321001 7fcf56d78340                Options.optimize_filters_for_hits: 0
2022/02/11-15:51:22.321001 7fcf56d78340                Options.paranoid_file_checks: 0
2022/02/11-15:51:22.321002 7fcf56d78340                Options.force_consistency_checks: 1
2022/02/11-15:51:22.321002 7fcf56d78340                Options.report_bg_io_stats: 0
2022/02/11-15:51:22.321003 7fcf56d78340                               Options.ttl: 2592000
2022/02/11-15:51:22.321003 7fcf56d78340          Options.periodic_compaction_seconds: 0
2022/02/11-15:51:22.321004 7fcf56d78340                    Options.enable_blob_files: false
2022/02/11-15:51:22.321004 7fcf56d78340                        Options.min_blob_size: 0
2022/02/11-15:51:22.321005 7fcf56d78340                       Options.blob_file_size: 268435456
2022/02/11-15:51:22.321005 7fcf56d78340                Options.blob_compression_type: NoCompression
2022/02/11-15:51:22.321006 7fcf56d78340       Options.enable_blob_garbage_collection: false
2022/02/11-15:51:22.321006 7fcf56d78340   Options.blob_garbage_collection_age_cutoff: 0.250000
2022/02/11-15:51:22.321029 7fcf56d78340 [db/column_family.cc:596] --------------- Options for column family [pending_orders]:
2022/02/11-15:51:22.321029 7fcf56d78340               Options.comparator: leveldb.BytewiseComparator
2022/02/11-15:51:22.321030 7fcf56d78340           Options.merge_operator: None
2022/02/11-15:51:22.321030 7fcf56d78340        Options.compaction_filter: None
2022/02/11-15:51:22.321031 7fcf56d78340        Options.compaction_filter_factory: None
2022/02/11-15:51:22.321031 7fcf56d78340  Options.sst_partitioner_factory: None
2022/02/11-15:51:22.321032 7fcf56d78340         Options.memtable_factory: SkipListFactory
2022/02/11-15:51:22.321032 7fcf56d78340            Options.table_factory: BlockBasedTable
2022/02/11-15:51:22.321043 7fcf56d78340            table_factory options:   flush_block_policy_factory: FlushBlockBySizePolicyFactory (0x561d579c79a0)
  cache_index_and_filter_blocks: 0
  cache_index_and_filter_blocks_with_high_priority: 1
  pin_l0_filter_and_index_blocks_in_cache: 0
  pin_top_level_index_and_filter: 1
  index_type: 0
  data_block_index_type: 0
  index_shortening: 1
  data_block_hash_table_util_ratio: 0.750000
  hash_index_allow_collision: 1
  checksum: 1
  no_block_cache: 0
  block_cache: 0x561d57b32a20
  block_cache_name: LRUCache
  block_cache_options:
    capacity : 8388608
    num_shard_bits : 4
    strict_capacity_limit : 0
    memory_allocator : None
    high_pri_pool_ratio: 0.000
  block_cache_compressed: (nil)
  persistent_cache: (nil)
  block_size: 4096
  block_size_deviation: 10
  block_restart_interval: 16
  index_block_restart_interval: 1
  metadata_block_size: 4096
  partition_filters: 0
  use_delta_encoding: 1
  filter_policy: nullptr
  whole_key_filtering: 1
  verify_compression: 0
  read_amp_bytes_per_bit: 0
  format_version: 5
  enable_index_compression: 1
  block_align: 0
2022/02/11-15:51:22.321043 7fcf56d78340        Options.write_buffer_size: 67108864
2022/02/11-15:51:22.321047 7fcf56d78340  Options.max_write_buffer_number: 2
2022/02/11-15:51:22.321047 7fcf56d78340          Options.compression: Snappy
2022/02/11-15:51:22.321048 7fcf56d78340                  Options.bottommost_compression: Disabled
2022/02/11-15:51:22.321048 7fcf56d78340       Options.prefix_extractor: nullptr
2022/02/11-15:51:22.321049 7fcf56d78340   Options.memtable_insert_with_hint_prefix_extractor: nullptr
2022/02/11-15:51:22.321049 7fcf56d78340             Options.num_levels: 7
2022/02/11-15:51:22.321050 7fcf56d78340        Options.min_write_buffer_number_to_merge: 1
2022/02/11-15:51:22.321050 7fcf56d78340     Options.max_write_buffer_number_to_maintain: 0
2022/02/11-15:51:22.321051 7fcf56d78340     Options.max_write_buffer_size_to_maintain: 0
2022/02/11-15:51:22.321051 7fcf56d78340            Options.bottommost_compression_opts.window_bits: -14
2022/02/11-15:51:22.321051 7fcf56d78340                  Options.bottommost_compression_opts.level: 32767
2022/02/11-15:51:22.321052 7fcf56d78340               Options.bottommost_compression_opts.strategy: 0
2022/02/11-15:51:22.321052 7fcf56d78340         Options.bottommost_compression_opts.max_dict_bytes: 0
2022/02/11-15:51:22.321053 7fcf56d78340         Options.bottommost_compression_opts.zstd_max_train_bytes: 0
2022/02/11-15:51:22.321053 7fcf56d78340         Options.bottommost_compression_opts.parallel_threads: 1
2022/02/11-15:51:22.321054 7fcf56d78340                  Options.bottommost_compression_opts.enabled: false
2022/02/11-15:51:22.321054 7fcf56d78340         Options.bottommost_compression_opts.max_dict_buffer_bytes: 0
2022/02/11-15:51:22.321055 7fcf56d78340            Options.compression_opts.window_bits: -14
2022/02/11-15:51:22.321055 7fcf56d78340                  Options.compression_opts.level: 32767
2022/02/11-15:51:22.321056 7fcf56d78340               Options.compression_opts.strategy: 0
2022/02/11-15:51:22.321056 7fcf56d78340         Options.compression_opts.max_dict_bytes: 0
2022/02/11-15:51:22.321056 7fcf56d78340         Options.compression_opts.zstd_max_train_bytes: 0
2022/02/11-15:51:22.321057 7fcf56d78340         Options.compression_opts.parallel_threads: 1
2022/02/11-15:51:22.321057 7fcf56d78340                  Options.compression_opts.enabled: false
2022/02/11-15:51:22.321058 7fcf56d78340         Options.compression_opts.max_dict_buffer_bytes: 0
2022/02/11-15:51:22.321058 7fcf56d78340      Options.level0_file_num_compaction_trigger: 4
2022/02/11-15:51:22.321059 7fcf56d78340          Options.level0_slowdown_writes_trigger: 20
2022/02/11-15:51:22.321059 7fcf56d78340              Options.level0_stop_writes_trigger: 36
2022/02/11-15:51:22.321059 7fcf56d78340                   Options.target_file_size_base: 67108864
2022/02/11-15:51:22.321060 7fcf56d78340             Options.target_file_size_multiplier: 1
2022/02/11-15:51:22.321060 7fcf56d78340                Options.max_bytes_for_level_base: 268435456
2022/02/11-15:51:22.321061 7fcf56d78340 Options.level_compaction_dynamic_level_bytes: 0
2022/02/11-15:51:22.321061 7fcf56d78340          Options.max_bytes_for_level_multiplier: 10.000000
2022/02/11-15:51:22.321062 7fcf56d78340 Options.max_bytes_for_level_multiplier_addtl[0]: 1
2022/02/11-15:51:22.321063 7fcf56d78340 Options.max_bytes_for_level_multiplier_addtl[1]: 1
2022/02/11-15:51:22.321063 7fcf56d78340 Options.max_bytes_for_level_multiplier_addtl[2]: 1
2022/02/11-15:51:22.321064 7fcf56d78340 Options.max_bytes_for_level_multiplier_addtl[3]: 1
2022/02/11-15:51:22.321064 7fcf56d78340 Options.max_bytes_for_level_multiplier_addtl[4]: 1
2022/02/11-15:51:22.321064 7fcf56d78340 Options.max_bytes_for_level_multiplier_addtl[5]: 1
2022/02/11-15:51:22.321065 7fcf56d78340 Options.max_bytes_for_level_multiplier_addtl[6]: 1
2022/02/11-15:51:22.321065 7fcf56d78340       Options.max_sequential_skip_in_iterations: 8
2022/02/11-15:51:22.321066 7fcf56d78340                    Options.max_compaction_bytes: 1677721600
2022/02/11-15:51:22.321066 7fcf56d78340                        Options.arena_block_size: 8388608
2022/02/11-15:51:22.321069 7fcf56d78340   Options.soft_pending_compaction_bytes_limit: 68719476736
2022/02/11-15:51:22.321070 7fcf56d78340   Options.hard_pending_compaction_bytes_limit: 274877906944
2022/02/11-15:51:22.321070 7fcf56d78340       Options.rate_limit_delay_max_milliseconds: 100
2022/02/11-15:51:22.321071 7fcf56d78340                Options.disable_auto_compactions: 0
2022/02/11-15:51:22.321071 7fcf56d78340                        Options.compaction_style: kCompactionStyleLevel
2022/02/11-15:51:22.321072 7fcf56d78340                          Options.compaction_pri: kMinOverlappingRatio
2022/02/11-15:51:22.321072 7fcf56d78340 Options.compaction_options_universal.size_ratio: 1
2022/02/11-15:51:22.321073 7fcf56d78340 Options.compaction_options_universal.min_merge_width: 2
2022/02/11-15:51:22.321073 7fcf56d78340 Options.compaction_options_universal.max_merge_width: 4294967295
2022/02/11-15:51:22.321073 7fcf56d78340 Options.compaction_options_universal.max_size_amplification_percent: 200
2022/02/11-15:51:22.321074 7fcf56d78340 Options.compaction_options_universal.compression_size_percent: -1
2022/02/11-15:51:22.321074 7fcf56d78340 Options.compaction_options_universal.stop_style: kCompactionStopStyleTotalSize
2022/02/11-15:51:22.321075 7fcf56d78340 Options.compaction_options_fifo.max_table_files_size: 1073741824
2022/02/11-15:51:22.321075 7fcf56d78340 Options.compaction_options_fifo.allow_compaction: 0
2022/02/11-15:51:22.321076 7fcf56d78340                   Options.table_properties_collectors: 
2022/02/11-15:51:22.321077 7fcf56d78340                   Options.inplace_update_support: 0
2022/02/11-15:51:22.321077 7fcf56d78340                 Options.inplace_update_num_locks: 10000
2022/02/11-15:51:22.321078 7fcf56d78340               Options.memtable_prefix_bloom_size_ratio: 0.000000
2022/02/11-15:51:22.321078 7fcf56d78340               Options.memtable_whole_key_filtering: 0
2022/02/11-15:51:22.321079 7fcf56d78340   Options.memtable_huge_page_size: 0
2022/02/11-15:51:22.321079 7fcf56d78340                           Options.bloom_locality: 0
2022/02/11-15:51:22.321080 7fcf56d78340                    Options.max_successive_merges: 0
2022/02/11-15:51:22.321080 7fcf56d78340                Options.optimize_filters_for_hits: 0
2022/02/11-15:51:22.321081 7fcf56d78340                Options.paranoid_file_checks: 0
2022/02/11-15:51:22.321081 7fcf56d78340                Options.force_consistency_checks: 1
2022/02/11-15:51:22.321081 7fcf56d78340                Options.report_bg_io_stats: 0
2022/02/11-15:51:22.321082 7fcf56d78340                               Options.ttl: 2592000
2022/02/11-15:51:22.321082 7fcf56d78340          Options.periodic_compaction_seconds: 0
2022/02/11-15:51:22.321083 7fcf56d78340                    Options.enable_blob_files: false
2022/02/11-15:51:22.321083 7fcf56d78340                        Options.min_blob_size: 0
2022/02/11-15:51:22.321084 7fcf56d78340                       Options.blob_file_size: 268435456
2022/02/11-15:51:22.321084 7fcf56d78340                Options.blob_compression_type: NoCompression
2022/02/11-15:51:22.321085 7fcf56d78340       Options.enable_blob_garbage_collection: false
2022/02/11-15:51:22.321085 7fcf56d78340   Options.blob_garbage_collection_age_cutoff: 0.250000
2022/02/11-15:51:22.321098 7fcf56d78340 [db/column_family.cc:596] --------------- Options for column family [certificates]:
2022/02/11-15:51:22.321099 7fcf56d78340               Options.comparator: leveldb.BytewiseComparator
2022/02/11-15:51:22.321099 7fcf56d78340           Options.merge_operator: None
2022/02/11-15:51:22.321100 7fcf56d78340        Options.compaction_filter: None
2022/02/11-15:51:22.321100 7fcf56d78340        Options.compaction_filter_factory: None
2022/02/11-15:51:22.321101 7fcf56d78340  Options.sst_partitioner_factory: None
2022/02/11-15:51:22.321101 7fcf56d78340         Options.memtable_factory: SkipListFactory
2022/02/11-15:51:22.321102 7fcf56d78340            Options.table_factory: BlockBasedTable
2022/02/11-15:51:22.321110 7fcf56d78340            table_factory options:   flush_block_policy_factory: FlushBlockBySizePolicyFactory (0x561d57a35ad0)
  cache_index_and_filter_blocks: 0
  cache_index_and_filter_blocks_with_high_priority: 1
  pin_l0_filter_and_index_blocks_in_cache: 0
  pin_top_level_index_and_filter: 1
  index_type: 0
  data_block_index_type: 0
  index_shortening: 1
  data_block_hash_table_util_ratio: 0.750000
  hash_index_allow_collision: 1
  checksum: 1
  no_block_cache: 0
  block_cache: 0x561d57b0fa90
  block_cache_name: LRUCache
  block_cache_options:
    capacity : 8388608
    num_shard_bits : 4
    strict_capacity_limit : 0
    memory_allocator : None
    high_pri_pool_ratio: 0.000
  block_cache_compressed: (nil)
  persistent_cache: (nil)
  block_size: 4096
  block_size_deviation: 10
  block_restart_interval: 16
  index_block_restart_interval: 1
  metadata_block_size: 4096
  partition_filters: 0
  use_delta_encoding: 1
  filter_policy: nullptr
  whole_key_filtering: 1
  verify_compression: 0
  read_amp_bytes_per_bit: 0
  format_version: 5
  enable_index_compression: 1
  block_align: 0
2022/02/11-15:51:22.321113 7fcf56d78340        Options.write_buffer_size: 67108864
2022/02/11-15:51:22.321114 7fcf56d78340  Options.max_write_buffer_number: 2
2022/02/11-15:51:22.321115 7fcf56d78340          Options.compression: Snappy
2022/02/11-15:51:22.321115 7fcf56d78340                  Options.bottommost_compression: Disabled
2022/02/11-15:51:22.321115 7fcf56d78340       Options.prefix_extractor: nullptr
2022/02/11-15:51:22.321116 7fcf56d78340   Options.memtable_insert_with_hint_prefix_extractor: nullptr
2022/02/11-15:51:22.321116 7fcf56d78340             Options.num_levels: 7
2022/02/11-15:51:22.321117 7fcf56d78340        Options.min_write_buffer_number_to_merge: 1
2022/02/11-15:51:22.321117 7fcf56d78340     Options.max_write_buffer_number_to_maintain: 0
2022/02/11-15:51:22.321118 7fcf56d78340     Options.max_write_buffer_size_to_maintain: 0
2022/02/11-15:51:22.321118 7fcf56d78340            Options.bottommost_compression_opts.window_bits: -14
2022/02/11-15:51:22.321119 7fcf56d78340                  Options.bottommost_compression_opts.level: 32767
2022/02/11-15:51:22.321119 7fcf56d78340               Options.bottommost_compression_opts.strategy: 0
2022/02/11-15:51:22.321119 7fcf56d78340         Options.bottommost_compression_opts.max_dict_bytes: 0
2022/02/11-15:51:22.321120 7fcf56d78340         Options.bottommost_compression_opts.zstd_max_train_bytes: 0
2022/02/11-15:51:22.321120 7fcf56d78340         Options.bottommost_compression_opts.parallel_threads: 1
2022/02/11-15:51:22.321121 7fcf56d78340                  Options.bottommost_compression_opts.enabled: false
2022/02/11-15:51:22.321121 7fcf56d78340         Options.bottommost_compression_opts.max_dict_buffer_bytes: 0
2022/02/11-15:51:22.321122 7fcf56d78340            Options.compression_opts.window_bits: -14
2022/02/11-15:51:22.321122 7fcf56d78340                  Options.compression_opts.level: 32767
2022/02/11-15:51:22.321123 7fcf56d78340               Options.compression_opts.strategy: 0
2022/02/11-15:51:22.321123 7fcf56d78340         Options.compression_opts.max_dict_bytes: 0
2022/02/11-15:51:22.321123 7fcf56d78340         Options.compression_opts.zstd_max_train_bytes: 0
2022/02/11-15:51:22.321124 7fcf56d78340         Options.compression_opts.parallel_threads: 1
2022/02/11-15:51:22.321124 7fcf56d78340                  Options.compression_opts.enabled: false
2022/02/11-15:51:22.321125 7fcf56d78340         Options.compression_opts.max_dict_buffer_bytes: 0
2022/02/11-15:51:22.321125 7fcf56d78340      Options.level0_file_num_compaction_trigger: 4
2022/02/11-15:51:22.321126 7fcf56d78340          Options.level0_slowdown_writes_trigger: 20
2022/02/11-15:51:22.321126 7fcf56d78340              Options.level0_stop_writes_trigger: 36
2022/02/11-15:51:22.321127 7fcf56d78340                   Options.target_file_size_base: 67108864
2022/02/11-15:51:22.321127 7fcf56d78340             Options.target_file_size_multiplier: 1
2022/02/11-15:51:22.321127 7fcf56d78340                Options.max_bytes_for_level_base: 268435456
2022/02/11-15:51:22.321128 7fcf56d78340 Options.level_compaction_dynamic_level_bytes: 0
2022/02/11-15:51:22.321131 7fcf56d78340          Options.max_bytes_for_level_multiplier: 10.000000
2022/02/11-15:51:22.321131 7fcf56d78340 Options.max_bytes_for_level_multiplier_addtl[0]: 1
2022/02/11-15:51:22.321132 7fcf56d78340 Options.max_bytes_for_level_multiplier_addtl[1]: 1
2022/02/11-15:51:22.321132 7fcf56d78340 Options.max_bytes_for_level_multiplier_addtl[2]: 1
2022/02/11-15:51:22.321133 7fcf56d78340 Options.max_bytes_for_level_multiplier_addtl[3]: 1
2022/02/11-15:51:22.321133 7fcf56d78340 Options.max_bytes_for_level_multiplier_addtl[4]: 1
2022/02/11-15:51:22.321134 7fcf56d78340 Options.max_bytes_for_level_multiplier_addtl[5]: 1
2022/02/11-15:51:22.321134 7fcf56d78340 Options.max_bytes_for_level_multiplier_addtl[6]: 1
2022/02/11-15:51:22.321135 7fcf56d78340       Options.max_sequential_skip_in_iterations: 8
2022/02/11-15:51:22.321135 7fcf56d78340                    Options.max_compaction_bytes: 1677721600
2022/02/11-15:51:22.321135 7fcf56d78340                        Options.arena_block_size: 8388608
2022/02/11-15:51:22.321136 7fcf56d78340   Options.soft_pending_compaction_bytes_limit: 68719476736
2022/02/11-15:51:22.321136 7fcf56d78340   Options.hard_pending_compaction_bytes_limit: 274877906944
2022/02/11-15:51:22.321137 7fcf56d78340       Options.rate_limit_delay_max_milliseconds: 100
2022/02/11-15:51:22.321137 7fcf56d78340                Options.disable_auto_compactions: 0
2022/02/11-15:51:22.321138 7fcf56d78340                        Options.compaction_style: kCompactionStyleLevel
2022/02/11-15:51:22.321138 7fcf56d78340                          Options.compaction_pri: kMinOverlappingRatio
2022/02/11-15:51:22.321139 7fcf56d78340 Options.compaction_options_universal.size_ratio: 1
2022/02/11-15:51:22.321139 7fcf56d78340 Options.compaction_options_universal.min_merge_width: 2
2022/02/11-15:51:22.321140 7fcf56d78340 Options.compaction_options_universal.max_merge_width: 4294967295
2022/02/11-15:51:22.321140 7fcf56d78340 Options.compaction_options_universal.max_size_amplification_percent: 200
2022/02/11-15:51:22.321141 7fcf56d78340 Options.compaction_options_universal.compression_size_percent: -1
2022/02/11-15:51:22.321141 7fcf56d78340 Options.compaction_options_universal.stop_style: kCompactionStopStyleTotalSize
2022/02/11-15:51:22.321142 7fcf56d78340 Options.compaction_options_fifo.max_table_files_size: 1073741824
2022/02/11-15:51:22.321142 7fcf56d78340 Options.compaction_options_fifo.allow_compaction: 0
2022/02/11-15:51:22.321143 7fcf56d78340                   Options.table_properties_collectors: 
2022/02/11-15:51:22.321143 7fcf56d78340                   Options.inplace_update_support: 0
2022/02/11-15:51:22.321144 7fcf56d78340                 Options.inplace_update_num_locks: 10000
2022/02/11-15:51:22.321144 7fcf56d78340               Options.memtable_prefix_bloom_size_ratio: 0.000000
2022/02/11-15:51:22.321145 7fcf56d78340               Options.memtable_whole_key_filtering: 0
2022/02/11-15:51:22.321145 7fcf56d78340   Options.memtable_huge_page_size: 0
2022/02/11-15:51:22.321146 7fcf56d78340                           Options.bloom_locality: 0
2022/02/11-15:51:22.321146 7fcf56d78340                    Options.max_successive_merges: 0
2022/02/11-15:51:22.321146 7fcf56d78340                Options.optimize_filters_for_hits: 0
2022/02/11-15:51:22.321147 7fcf56d78340                Options.paranoid_file_checks: 0
2022/02/11-15:51:22.321147 7fcf56d78340                Options.force_consistency_checks: 1
2022/02/11-15:51:22.321148 7fcf56d78340                Options.report_bg_io_stats: 0
2022/02/11-15:51:22.321148 7fcf56d78340                               Options.ttl: 2592000
2022/02/11-15:51:22.321149 7fcf56d78340          Options.periodic_compaction_seconds: 0
2022/02/11-15:51:22.321149 7fcf56d78340                    Options.enable_blob_files: false
2022/02/11-15:51:22.321149 7fcf56d78340                        Options.min_blob_size: 0
2022/02/11-15:51:22.321150 7fcf56d78340                       Options.blob_file_size: 268435456
2022/02/11-15:51:22.321150 7fcf56d78340                Options.blob_compression_type: NoCompression
2022/02/11-15:51:22.321153 7fcf56d78340       Options.enable_blob_garbage_collection: false
2022/02/11-15:51:22.321154 7fcf56d78340   Options.blob_garbage_collection_age_cutoff: 0.250000
2022/02/11-15:51:22.321174 7fcf56d78340 [db/column_family.cc:596] --------------- Options for column family [object_certs]:
2022/02/11-15:51:22.321175 7fcf56d78340               Options.comparator: leveldb.BytewiseComparator
2022/02/11-15:51:22.321175 7fcf56d78340           Options.merge_operator: None
2022/02/11-15:51:22.321176 7fcf56d78340        Options.compaction_filter: None
2022/02/11-15:51:22.321176 7fcf56d78340        Options.compaction_filter_factory: None
2022/02/11-15:51:22.321177 7fcf56d78340  Options.sst_partitioner_factory: None
2022/02/11-15:51:22.321177 7fcf56d78340         Options.memtable_factory: SkipListFactory
2022/02/11-15:51:22.321177 7fcf56d78340            Options.table_factory: BlockBasedTable
2022/02/11-15:51:22.321186 7fcf56d78340            table_factory options:   flush_block_policy_factory: FlushBlockBySizePolicyFactory (0x561d579d1800)
  cache_index_and_filter_blocks: 0
  cache_index_and_filter_blocks_with_high_priority: 1
  pin_l0_filter_and_index_blocks_in_cache: 0
  pin_top_level_index_and_filter: 1
  index_type: 0
  data_block_index_type: 0
  index_shortening: 1
  data_block_hash_table_util_ratio: 0.750000
  hash_index_allow_collision: 1
  checksum: 1
  no_block_cache: 0
  block_cache: 0x561d57c0c050
  block_cache_name: LRUCache
  block_cache_options:
    capacity : 8388608
    num_shard_bits : 4
    strict_capacity_limit : 0
    memory_allocator : None
    high_pri_pool_ratio: 0.000
  block_cache_compressed: (nil)
  persistent_cache: (nil)
  block_size: 4096
  block_size_deviation: 10
  block_restart_interval: 16
  index_block_restart_interval: 1
  metadata_block_size: 4096
  partition_filters: 0
  use_delta_encoding: 1
  filter_policy: nullptr
  whole_key_filtering: 1
  verify_compression: 0
  read_amp_bytes_per_bit: 0
  format_version: 5
  enable_index_compression: 1
  block_align: 0
2022/02/11-15:51:22.321186 7fcf56d78340        Options.write_buffer_size: 67108864
2022/02/11-15:51:22.321187 7fcf56d78340  Options.max_write_buffer_number: 2
2022/02/11-15:51:22.321187 7fcf56d78340          Options.compression: Snappy
2022/02/11-15:51:22.321188 7fcf56d78340                  Options.bottommost_compression: Disabled
2022/02/11-15:51:22.321188 7fcf56d78340       Options.prefix_extractor: nullptr
2022/02/11-15:51:22.321189 7fcf56d78340   Options.memtable_insert_with_hint_prefix_extractor: nullptr
2022/02/11-15:51:22.321189 7fcf56d78340             Options.num_levels: 7
2022/02/11-15:51:22.321189 7fcf56d78340        Options.min_write_buffer_number_to_merge: 1
2022/02/11-15:51:22.321190 7fcf56d78340     Options.max_write_buffer_number_to_maintain: 0
2022/02/11-15:51:22.321190 7fcf56d78340     Options.max_write_buffer_size_to_maintain: 0
