2022/02/11-15:32:40.338564 7feacc4dd340 RocksDB version: 6.20.3
2022/02/11-15:32:40.338598 7feacc4dd340 Git sha 8608d75d85f8e1b3b64b73a4fb6d19baec61ba5c
2022/02/11-15:32:40.338601 7feacc4dd340 Compile date 2021-05-05 20:35:30
2022/02/11-15:32:40.338659 7feacc4dd340 DB SUMMARY
2022/02/11-15:32:40.338661 7feacc4dd340 DB Session ID:  2GFQY87593E0VYC9OL0M
2022/02/11-15:32:40.338707 7feacc4dd340 CURRENT file:  CURRENT
2022/02/11-15:32:40.338709 7feacc4dd340 IDENTITY file:  IDENTITY
2022/02/11-15:32:40.338714 7feacc4dd340 MANIFEST file:  MANIFEST-000077 size: 1288 Bytes
2022/02/11-15:32:40.338717 7feacc4dd340 SST files in ./client_db/k#390debfa89d78e27f26681591dab15d34e147f6a9a91c29c8cd2c367f4f3ba1e dir, Total Num: 3, files: 000042.sst 000058.sst 000074.sst 
2022/02/11-15:32:40.338719 7feacc4dd340 Write Ahead Log file in ./client_db/k#390debfa89d78e27f26681591dab15d34e147f6a9a91c29c8cd2c367f4f3ba1e: 000078.log size: 830 ; 
2022/02/11-15:32:40.338723 7feacc4dd340                         Options.error_if_exists: 0
2022/02/11-15:32:40.338726 7feacc4dd340                       Options.create_if_missing: 1
2022/02/11-15:32:40.338729 7feacc4dd340                         Options.paranoid_checks: 1
2022/02/11-15:32:40.338731 7feacc4dd340                               Options.track_and_verify_wals_in_manifest: 0
2022/02/11-15:32:40.338734 7feacc4dd340                                     Options.env: 0x5639e2dfa420
2022/02/11-15:32:40.338737 7feacc4dd340                                      Options.fs: Posix File System
2022/02/11-15:32:40.338740 7feacc4dd340                                Options.info_log: 0x5639e3984890
2022/02/11-15:32:40.338742 7feacc4dd340                Options.max_file_opening_threads: 16
2022/02/11-15:32:40.338744 7feacc4dd340                              Options.statistics: (nil)
2022/02/11-15:32:40.338747 7feacc4dd340                               Options.use_fsync: 0
2022/02/11-15:32:40.338749 7feacc4dd340                       Options.max_log_file_size: 0
2022/02/11-15:32:40.338751 7feacc4dd340                  Options.max_manifest_file_size: 1073741824
2022/02/11-15:32:40.338754 7feacc4dd340                   Options.log_file_time_to_roll: 0
2022/02/11-15:32:40.338756 7feacc4dd340                       Options.keep_log_file_num: 1000
2022/02/11-15:32:40.338758 7feacc4dd340                    Options.recycle_log_file_num: 0
2022/02/11-15:32:40.338760 7feacc4dd340                         Options.allow_fallocate: 1
2022/02/11-15:32:40.338762 7feacc4dd340                        Options.allow_mmap_reads: 0
2022/02/11-15:32:40.338765 7feacc4dd340                       Options.allow_mmap_writes: 0
2022/02/11-15:32:40.338767 7feacc4dd340                        Options.use_direct_reads: 0
2022/02/11-15:32:40.338770 7feacc4dd340                        Options.use_direct_io_for_flush_and_compaction: 0
2022/02/11-15:32:40.338772 7feacc4dd340          Options.create_missing_column_families: 1
2022/02/11-15:32:40.338775 7feacc4dd340                              Options.db_log_dir: 
2022/02/11-15:32:40.338777 7feacc4dd340                                 Options.wal_dir: ./client_db/k#390debfa89d78e27f26681591dab15d34e147f6a9a91c29c8cd2c367f4f3ba1e
2022/02/11-15:32:40.338779 7feacc4dd340                Options.table_cache_numshardbits: 6
2022/02/11-15:32:40.338782 7feacc4dd340                         Options.WAL_ttl_seconds: 0
2022/02/11-15:32:40.338784 7feacc4dd340                       Options.WAL_size_limit_MB: 0
2022/02/11-15:32:40.338785 7feacc4dd340                        Options.max_write_batch_group_size_bytes: 1048576
2022/02/11-15:32:40.338786 7feacc4dd340             Options.manifest_preallocation_size: 4194304
2022/02/11-15:32:40.338788 7feacc4dd340                     Options.is_fd_close_on_exec: 1
2022/02/11-15:32:40.338789 7feacc4dd340                   Options.advise_random_on_open: 1
2022/02/11-15:32:40.338791 7feacc4dd340                    Options.db_write_buffer_size: 0
2022/02/11-15:32:40.338792 7feacc4dd340                    Options.write_buffer_manager: 0x5639e39cf2d0
2022/02/11-15:32:40.338794 7feacc4dd340         Options.access_hint_on_compaction_start: 1
2022/02/11-15:32:40.338795 7feacc4dd340  Options.new_table_reader_for_compaction_inputs: 0
2022/02/11-15:32:40.338810 7feacc4dd340           Options.random_access_max_buffer_size: 1048576
2022/02/11-15:32:40.338812 7feacc4dd340                      Options.use_adaptive_mutex: 0
2022/02/11-15:32:40.338814 7feacc4dd340                            Options.rate_limiter: (nil)
2022/02/11-15:32:40.338816 7feacc4dd340     Options.sst_file_manager.rate_bytes_per_sec: 0
2022/02/11-15:32:40.338817 7feacc4dd340                       Options.wal_recovery_mode: 2
2022/02/11-15:32:40.338819 7feacc4dd340                  Options.enable_thread_tracking: 0
2022/02/11-15:32:40.338820 7feacc4dd340                  Options.enable_pipelined_write: 0
2022/02/11-15:32:40.338821 7feacc4dd340                  Options.unordered_write: 0
2022/02/11-15:32:40.338823 7feacc4dd340         Options.allow_concurrent_memtable_write: 1
2022/02/11-15:32:40.338824 7feacc4dd340      Options.enable_write_thread_adaptive_yield: 1
2022/02/11-15:32:40.338825 7feacc4dd340             Options.write_thread_max_yield_usec: 100
2022/02/11-15:32:40.338827 7feacc4dd340            Options.write_thread_slow_yield_usec: 3
2022/02/11-15:32:40.338828 7feacc4dd340                               Options.row_cache: None
2022/02/11-15:32:40.338829 7feacc4dd340                              Options.wal_filter: None
2022/02/11-15:32:40.338831 7feacc4dd340             Options.avoid_flush_during_recovery: 0
2022/02/11-15:32:40.338832 7feacc4dd340             Options.allow_ingest_behind: 0
2022/02/11-15:32:40.338834 7feacc4dd340             Options.preserve_deletes: 0
2022/02/11-15:32:40.338835 7feacc4dd340             Options.two_write_queues: 0
2022/02/11-15:32:40.338836 7feacc4dd340             Options.manual_wal_flush: 0
2022/02/11-15:32:40.338838 7feacc4dd340             Options.atomic_flush: 0
2022/02/11-15:32:40.338839 7feacc4dd340             Options.avoid_unnecessary_blocking_io: 0
2022/02/11-15:32:40.338840 7feacc4dd340                 Options.persist_stats_to_disk: 0
2022/02/11-15:32:40.338842 7feacc4dd340                 Options.write_dbid_to_manifest: 0
2022/02/11-15:32:40.338843 7feacc4dd340                 Options.log_readahead_size: 0
2022/02/11-15:32:40.338844 7feacc4dd340                 Options.file_checksum_gen_factory: Unknown
2022/02/11-15:32:40.338846 7feacc4dd340                 Options.best_efforts_recovery: 0
2022/02/11-15:32:40.338847 7feacc4dd340                Options.max_bgerror_resume_count: 2147483647
2022/02/11-15:32:40.338849 7feacc4dd340            Options.bgerror_resume_retry_interval: 1000000
2022/02/11-15:32:40.338850 7feacc4dd340             Options.allow_data_in_errors: 0
2022/02/11-15:32:40.338852 7feacc4dd340             Options.db_host_id: __hostname__
2022/02/11-15:32:40.338853 7feacc4dd340             Options.max_background_jobs: 2
2022/02/11-15:32:40.338855 7feacc4dd340             Options.max_background_compactions: -1
2022/02/11-15:32:40.338856 7feacc4dd340             Options.max_subcompactions: 1
2022/02/11-15:32:40.338858 7feacc4dd340             Options.avoid_flush_during_shutdown: 0
2022/02/11-15:32:40.338859 7feacc4dd340           Options.writable_file_max_buffer_size: 1048576
2022/02/11-15:32:40.338860 7feacc4dd340             Options.delayed_write_rate : 16777216
2022/02/11-15:32:40.338862 7feacc4dd340             Options.max_total_wal_size: 0
2022/02/11-15:32:40.338863 7feacc4dd340             Options.delete_obsolete_files_period_micros: 21600000000
2022/02/11-15:32:40.338865 7feacc4dd340                   Options.stats_dump_period_sec: 600
2022/02/11-15:32:40.338866 7feacc4dd340                 Options.stats_persist_period_sec: 600
2022/02/11-15:32:40.338868 7feacc4dd340                 Options.stats_history_buffer_size: 1048576
2022/02/11-15:32:40.338870 7feacc4dd340                          Options.max_open_files: -1
2022/02/11-15:32:40.338871 7feacc4dd340                          Options.bytes_per_sync: 0
2022/02/11-15:32:40.338872 7feacc4dd340                      Options.wal_bytes_per_sync: 0
2022/02/11-15:32:40.338874 7feacc4dd340                   Options.strict_bytes_per_sync: 0
2022/02/11-15:32:40.338883 7feacc4dd340       Options.compaction_readahead_size: 0
2022/02/11-15:32:40.338885 7feacc4dd340                  Options.max_background_flushes: -1
2022/02/11-15:32:40.338886 7feacc4dd340 Compression algorithms supported:
2022/02/11-15:32:40.338888 7feacc4dd340 	kZSTDNotFinalCompression supported: 1
2022/02/11-15:32:40.338891 7feacc4dd340 	kZSTD supported: 1
2022/02/11-15:32:40.338892 7feacc4dd340 	kXpressCompression supported: 0
2022/02/11-15:32:40.338894 7feacc4dd340 	kLZ4HCCompression supported: 1
2022/02/11-15:32:40.338895 7feacc4dd340 	kLZ4Compression supported: 1
2022/02/11-15:32:40.338897 7feacc4dd340 	kBZip2Compression supported: 1
2022/02/11-15:32:40.338899 7feacc4dd340 	kZlibCompression supported: 1
2022/02/11-15:32:40.338900 7feacc4dd340 	kSnappyCompression supported: 1
2022/02/11-15:32:40.338903 7feacc4dd340 Fast CRC32 supported: Not supported on x86
2022/02/11-15:32:40.338970 7feacc4dd340 [db/version_set.cc:4626] Recovering from manifest file: ./client_db/k#390debfa89d78e27f26681591dab15d34e147f6a9a91c29c8cd2c367f4f3ba1e/MANIFEST-000077
2022/02/11-15:32:40.339124 7feacc4dd340 [db/column_family.cc:596] --------------- Options for column family [default]:
2022/02/11-15:32:40.339127 7feacc4dd340               Options.comparator: leveldb.BytewiseComparator
2022/02/11-15:32:40.339129 7feacc4dd340           Options.merge_operator: None
2022/02/11-15:32:40.339131 7feacc4dd340        Options.compaction_filter: None
2022/02/11-15:32:40.339132 7feacc4dd340        Options.compaction_filter_factory: None
2022/02/11-15:32:40.339134 7feacc4dd340  Options.sst_partitioner_factory: None
2022/02/11-15:32:40.339135 7feacc4dd340         Options.memtable_factory: SkipListFactory
2022/02/11-15:32:40.339137 7feacc4dd340            Options.table_factory: BlockBasedTable
2022/02/11-15:32:40.339178 7feacc4dd340            table_factory options:   flush_block_policy_factory: FlushBlockBySizePolicyFactory (0x5639e39339f0)
  cache_index_and_filter_blocks: 0
  cache_index_and_filter_blocks_with_high_priority: 1
  pin_l0_filter_and_index_blocks_in_cache: 0
  pin_top_level_index_and_filter: 1
  index_type: 0
  data_block_index_type: 0
  index_shortening: 1
  data_block_hash_table_util_ratio: 0.750000
  hash_index_allow_collision: 1
  checksum: 1
  no_block_cache: 0
  block_cache: 0x5639e3a11b80
  block_cache_name: LRUCache
  block_cache_options:
    capacity : 8388608
    num_shard_bits : 4
    strict_capacity_limit : 0
    memory_allocator : None
    high_pri_pool_ratio: 0.000
  block_cache_compressed: (nil)
  persistent_cache: (nil)
  block_size: 4096
  block_size_deviation: 10
  block_restart_interval: 16
  index_block_restart_interval: 1
  metadata_block_size: 4096
  partition_filters: 0
  use_delta_encoding: 1
  filter_policy: nullptr
  whole_key_filtering: 1
  verify_compression: 0
  read_amp_bytes_per_bit: 0
  format_version: 5
  enable_index_compression: 1
  block_align: 0
2022/02/11-15:32:40.339180 7feacc4dd340        Options.write_buffer_size: 67108864
2022/02/11-15:32:40.339182 7feacc4dd340  Options.max_write_buffer_number: 2
2022/02/11-15:32:40.339183 7feacc4dd340          Options.compression: Snappy
2022/02/11-15:32:40.339185 7feacc4dd340                  Options.bottommost_compression: Disabled
2022/02/11-15:32:40.339186 7feacc4dd340       Options.prefix_extractor: nullptr
2022/02/11-15:32:40.339188 7feacc4dd340   Options.memtable_insert_with_hint_prefix_extractor: nullptr
2022/02/11-15:32:40.339189 7feacc4dd340             Options.num_levels: 7
2022/02/11-15:32:40.339191 7feacc4dd340        Options.min_write_buffer_number_to_merge: 1
2022/02/11-15:32:40.339192 7feacc4dd340     Options.max_write_buffer_number_to_maintain: 0
2022/02/11-15:32:40.339194 7feacc4dd340     Options.max_write_buffer_size_to_maintain: 0
2022/02/11-15:32:40.339195 7feacc4dd340            Options.bottommost_compression_opts.window_bits: -14
2022/02/11-15:32:40.339197 7feacc4dd340                  Options.bottommost_compression_opts.level: 32767
2022/02/11-15:32:40.339198 7feacc4dd340               Options.bottommost_compression_opts.strategy: 0
2022/02/11-15:32:40.339211 7feacc4dd340         Options.bottommost_compression_opts.max_dict_bytes: 0
2022/02/11-15:32:40.339213 7feacc4dd340         Options.bottommost_compression_opts.zstd_max_train_bytes: 0
2022/02/11-15:32:40.339214 7feacc4dd340         Options.bottommost_compression_opts.parallel_threads: 1
2022/02/11-15:32:40.339216 7feacc4dd340                  Options.bottommost_compression_opts.enabled: false
2022/02/11-15:32:40.339217 7feacc4dd340         Options.bottommost_compression_opts.max_dict_buffer_bytes: 0
2022/02/11-15:32:40.339219 7feacc4dd340            Options.compression_opts.window_bits: -14
2022/02/11-15:32:40.339220 7feacc4dd340                  Options.compression_opts.level: 32767
2022/02/11-15:32:40.339222 7feacc4dd340               Options.compression_opts.strategy: 0
2022/02/11-15:32:40.339223 7feacc4dd340         Options.compression_opts.max_dict_bytes: 0
2022/02/11-15:32:40.339224 7feacc4dd340         Options.compression_opts.zstd_max_train_bytes: 0
2022/02/11-15:32:40.339226 7feacc4dd340         Options.compression_opts.parallel_threads: 1
2022/02/11-15:32:40.339227 7feacc4dd340                  Options.compression_opts.enabled: false
2022/02/11-15:32:40.339228 7feacc4dd340         Options.compression_opts.max_dict_buffer_bytes: 0
2022/02/11-15:32:40.339230 7feacc4dd340      Options.level0_file_num_compaction_trigger: 4
2022/02/11-15:32:40.339231 7feacc4dd340          Options.level0_slowdown_writes_trigger: 20
2022/02/11-15:32:40.339233 7feacc4dd340              Options.level0_stop_writes_trigger: 36
2022/02/11-15:32:40.339234 7feacc4dd340                   Options.target_file_size_base: 67108864
2022/02/11-15:32:40.339235 7feacc4dd340             Options.target_file_size_multiplier: 1
2022/02/11-15:32:40.339237 7feacc4dd340                Options.max_bytes_for_level_base: 268435456
2022/02/11-15:32:40.339238 7feacc4dd340 Options.level_compaction_dynamic_level_bytes: 0
2022/02/11-15:32:40.339240 7feacc4dd340          Options.max_bytes_for_level_multiplier: 10.000000
2022/02/11-15:32:40.339243 7feacc4dd340 Options.max_bytes_for_level_multiplier_addtl[0]: 1
2022/02/11-15:32:40.339245 7feacc4dd340 Options.max_bytes_for_level_multiplier_addtl[1]: 1
2022/02/11-15:32:40.339247 7feacc4dd340 Options.max_bytes_for_level_multiplier_addtl[2]: 1
2022/02/11-15:32:40.339248 7feacc4dd340 Options.max_bytes_for_level_multiplier_addtl[3]: 1
2022/02/11-15:32:40.339249 7feacc4dd340 Options.max_bytes_for_level_multiplier_addtl[4]: 1
2022/02/11-15:32:40.339251 7feacc4dd340 Options.max_bytes_for_level_multiplier_addtl[5]: 1
2022/02/11-15:32:40.339252 7feacc4dd340 Options.max_bytes_for_level_multiplier_addtl[6]: 1
2022/02/11-15:32:40.339253 7feacc4dd340       Options.max_sequential_skip_in_iterations: 8
2022/02/11-15:32:40.339255 7feacc4dd340                    Options.max_compaction_bytes: 1677721600
2022/02/11-15:32:40.339256 7feacc4dd340                        Options.arena_block_size: 8388608
2022/02/11-15:32:40.339258 7feacc4dd340   Options.soft_pending_compaction_bytes_limit: 68719476736
2022/02/11-15:32:40.339259 7feacc4dd340   Options.hard_pending_compaction_bytes_limit: 274877906944
2022/02/11-15:32:40.339261 7feacc4dd340       Options.rate_limit_delay_max_milliseconds: 100
2022/02/11-15:32:40.339262 7feacc4dd340                Options.disable_auto_compactions: 0
2022/02/11-15:32:40.339264 7feacc4dd340                        Options.compaction_style: kCompactionStyleLevel
2022/02/11-15:32:40.339266 7feacc4dd340                          Options.compaction_pri: kMinOverlappingRatio
2022/02/11-15:32:40.339268 7feacc4dd340 Options.compaction_options_universal.size_ratio: 1
2022/02/11-15:32:40.339269 7feacc4dd340 Options.compaction_options_universal.min_merge_width: 2
2022/02/11-15:32:40.339271 7feacc4dd340 Options.compaction_options_universal.max_merge_width: 4294967295
2022/02/11-15:32:40.339272 7feacc4dd340 Options.compaction_options_universal.max_size_amplification_percent: 200
2022/02/11-15:32:40.339274 7feacc4dd340 Options.compaction_options_universal.compression_size_percent: -1
2022/02/11-15:32:40.339283 7feacc4dd340 Options.compaction_options_universal.stop_style: kCompactionStopStyleTotalSize
2022/02/11-15:32:40.339285 7feacc4dd340 Options.compaction_options_fifo.max_table_files_size: 1073741824
2022/02/11-15:32:40.339286 7feacc4dd340 Options.compaction_options_fifo.allow_compaction: 0
2022/02/11-15:32:40.339297 7feacc4dd340                   Options.table_properties_collectors: 
2022/02/11-15:32:40.339299 7feacc4dd340                   Options.inplace_update_support: 0
2022/02/11-15:32:40.339302 7feacc4dd340                 Options.inplace_update_num_locks: 10000
2022/02/11-15:32:40.339305 7feacc4dd340               Options.memtable_prefix_bloom_size_ratio: 0.000000
2022/02/11-15:32:40.339308 7feacc4dd340               Options.memtable_whole_key_filtering: 0
2022/02/11-15:32:40.339310 7feacc4dd340   Options.memtable_huge_page_size: 0
2022/02/11-15:32:40.339312 7feacc4dd340                           Options.bloom_locality: 0
2022/02/11-15:32:40.339315 7feacc4dd340                    Options.max_successive_merges: 0
2022/02/11-15:32:40.339317 7feacc4dd340                Options.optimize_filters_for_hits: 0
2022/02/11-15:32:40.339319 7feacc4dd340                Options.paranoid_file_checks: 0
2022/02/11-15:32:40.339322 7feacc4dd340                Options.force_consistency_checks: 1
2022/02/11-15:32:40.339324 7feacc4dd340                Options.report_bg_io_stats: 0
2022/02/11-15:32:40.339326 7feacc4dd340                               Options.ttl: 2592000
2022/02/11-15:32:40.339329 7feacc4dd340          Options.periodic_compaction_seconds: 0
2022/02/11-15:32:40.339331 7feacc4dd340                    Options.enable_blob_files: false
2022/02/11-15:32:40.339333 7feacc4dd340                        Options.min_blob_size: 0
2022/02/11-15:32:40.339334 7feacc4dd340                       Options.blob_file_size: 268435456
2022/02/11-15:32:40.339336 7feacc4dd340                Options.blob_compression_type: NoCompression
2022/02/11-15:32:40.339337 7feacc4dd340       Options.enable_blob_garbage_collection: false
2022/02/11-15:32:40.339338 7feacc4dd340   Options.blob_garbage_collection_age_cutoff: 0.250000
2022/02/11-15:32:40.339397 7feacc4dd340 [db/column_family.cc:596] --------------- Options for column family [pending_orders]:
2022/02/11-15:32:40.339400 7feacc4dd340               Options.comparator: leveldb.BytewiseComparator
2022/02/11-15:32:40.339401 7feacc4dd340           Options.merge_operator: None
2022/02/11-15:32:40.339402 7feacc4dd340        Options.compaction_filter: None
2022/02/11-15:32:40.339404 7feacc4dd340        Options.compaction_filter_factory: None
2022/02/11-15:32:40.339405 7feacc4dd340  Options.sst_partitioner_factory: None
2022/02/11-15:32:40.339407 7feacc4dd340         Options.memtable_factory: SkipListFactory
2022/02/11-15:32:40.339408 7feacc4dd340            Options.table_factory: BlockBasedTable
2022/02/11-15:32:40.339442 7feacc4dd340            table_factory options:   flush_block_policy_factory: FlushBlockBySizePolicyFactory (0x5639e3907f90)
  cache_index_and_filter_blocks: 0
  cache_index_and_filter_blocks_with_high_priority: 1
  pin_l0_filter_and_index_blocks_in_cache: 0
  pin_top_level_index_and_filter: 1
  index_type: 0
  data_block_index_type: 0
  index_shortening: 1
  data_block_hash_table_util_ratio: 0.750000
  hash_index_allow_collision: 1
  checksum: 1
  no_block_cache: 0
  block_cache: 0x5639e3a6a720
  block_cache_name: LRUCache
  block_cache_options:
    capacity : 8388608
    num_shard_bits : 4
    strict_capacity_limit : 0
    memory_allocator : None
    high_pri_pool_ratio: 0.000
  block_cache_compressed: (nil)
  persistent_cache: (nil)
  block_size: 4096
  block_size_deviation: 10
  block_restart_interval: 16
  index_block_restart_interval: 1
  metadata_block_size: 4096
  partition_filters: 0
  use_delta_encoding: 1
  filter_policy: nullptr
  whole_key_filtering: 1
  verify_compression: 0
  read_amp_bytes_per_bit: 0
  format_version: 5
  enable_index_compression: 1
  block_align: 0
2022/02/11-15:32:40.339444 7feacc4dd340        Options.write_buffer_size: 67108864
2022/02/11-15:32:40.339456 7feacc4dd340  Options.max_write_buffer_number: 2
2022/02/11-15:32:40.339458 7feacc4dd340          Options.compression: Snappy
2022/02/11-15:32:40.339460 7feacc4dd340                  Options.bottommost_compression: Disabled
2022/02/11-15:32:40.339461 7feacc4dd340       Options.prefix_extractor: nullptr
2022/02/11-15:32:40.339462 7feacc4dd340   Options.memtable_insert_with_hint_prefix_extractor: nullptr
2022/02/11-15:32:40.339464 7feacc4dd340             Options.num_levels: 7
2022/02/11-15:32:40.339465 7feacc4dd340        Options.min_write_buffer_number_to_merge: 1
2022/02/11-15:32:40.339467 7feacc4dd340     Options.max_write_buffer_number_to_maintain: 0
2022/02/11-15:32:40.339468 7feacc4dd340     Options.max_write_buffer_size_to_maintain: 0
2022/02/11-15:32:40.339469 7feacc4dd340            Options.bottommost_compression_opts.window_bits: -14
2022/02/11-15:32:40.339471 7feacc4dd340                  Options.bottommost_compression_opts.level: 32767
2022/02/11-15:32:40.339472 7feacc4dd340               Options.bottommost_compression_opts.strategy: 0
2022/02/11-15:32:40.339474 7feacc4dd340         Options.bottommost_compression_opts.max_dict_bytes: 0
2022/02/11-15:32:40.339475 7feacc4dd340         Options.bottommost_compression_opts.zstd_max_train_bytes: 0
2022/02/11-15:32:40.339476 7feacc4dd340         Options.bottommost_compression_opts.parallel_threads: 1
2022/02/11-15:32:40.339478 7feacc4dd340                  Options.bottommost_compression_opts.enabled: false
2022/02/11-15:32:40.339479 7feacc4dd340         Options.bottommost_compression_opts.max_dict_buffer_bytes: 0
2022/02/11-15:32:40.339481 7feacc4dd340            Options.compression_opts.window_bits: -14
2022/02/11-15:32:40.339482 7feacc4dd340                  Options.compression_opts.level: 32767
2022/02/11-15:32:40.339483 7feacc4dd340               Options.compression_opts.strategy: 0
2022/02/11-15:32:40.339485 7feacc4dd340         Options.compression_opts.max_dict_bytes: 0
2022/02/11-15:32:40.339486 7feacc4dd340         Options.compression_opts.zstd_max_train_bytes: 0
2022/02/11-15:32:40.339487 7feacc4dd340         Options.compression_opts.parallel_threads: 1
2022/02/11-15:32:40.339489 7feacc4dd340                  Options.compression_opts.enabled: false
2022/02/11-15:32:40.339490 7feacc4dd340         Options.compression_opts.max_dict_buffer_bytes: 0
2022/02/11-15:32:40.339491 7feacc4dd340      Options.level0_file_num_compaction_trigger: 4
2022/02/11-15:32:40.339493 7feacc4dd340          Options.level0_slowdown_writes_trigger: 20
2022/02/11-15:32:40.339494 7feacc4dd340              Options.level0_stop_writes_trigger: 36
2022/02/11-15:32:40.339495 7feacc4dd340                   Options.target_file_size_base: 67108864
2022/02/11-15:32:40.339497 7feacc4dd340             Options.target_file_size_multiplier: 1
2022/02/11-15:32:40.339498 7feacc4dd340                Options.max_bytes_for_level_base: 268435456
2022/02/11-15:32:40.339499 7feacc4dd340 Options.level_compaction_dynamic_level_bytes: 0
2022/02/11-15:32:40.339501 7feacc4dd340          Options.max_bytes_for_level_multiplier: 10.000000
2022/02/11-15:32:40.339503 7feacc4dd340 Options.max_bytes_for_level_multiplier_addtl[0]: 1
2022/02/11-15:32:40.339505 7feacc4dd340 Options.max_bytes_for_level_multiplier_addtl[1]: 1
2022/02/11-15:32:40.339506 7feacc4dd340 Options.max_bytes_for_level_multiplier_addtl[2]: 1
2022/02/11-15:32:40.339508 7feacc4dd340 Options.max_bytes_for_level_multiplier_addtl[3]: 1
2022/02/11-15:32:40.339509 7feacc4dd340 Options.max_bytes_for_level_multiplier_addtl[4]: 1
2022/02/11-15:32:40.339510 7feacc4dd340 Options.max_bytes_for_level_multiplier_addtl[5]: 1
2022/02/11-15:32:40.339512 7feacc4dd340 Options.max_bytes_for_level_multiplier_addtl[6]: 1
2022/02/11-15:32:40.339513 7feacc4dd340       Options.max_sequential_skip_in_iterations: 8
2022/02/11-15:32:40.339514 7feacc4dd340                    Options.max_compaction_bytes: 1677721600
2022/02/11-15:32:40.339516 7feacc4dd340                        Options.arena_block_size: 8388608
2022/02/11-15:32:40.339524 7feacc4dd340   Options.soft_pending_compaction_bytes_limit: 68719476736
2022/02/11-15:32:40.339526 7feacc4dd340   Options.hard_pending_compaction_bytes_limit: 274877906944
2022/02/11-15:32:40.339527 7feacc4dd340       Options.rate_limit_delay_max_milliseconds: 100
2022/02/11-15:32:40.339529 7feacc4dd340                Options.disable_auto_compactions: 0
2022/02/11-15:32:40.339530 7feacc4dd340                        Options.compaction_style: kCompactionStyleLevel
2022/02/11-15:32:40.339532 7feacc4dd340                          Options.compaction_pri: kMinOverlappingRatio
2022/02/11-15:32:40.339533 7feacc4dd340 Options.compaction_options_universal.size_ratio: 1
2022/02/11-15:32:40.339535 7feacc4dd340 Options.compaction_options_universal.min_merge_width: 2
2022/02/11-15:32:40.339536 7feacc4dd340 Options.compaction_options_universal.max_merge_width: 4294967295
2022/02/11-15:32:40.339537 7feacc4dd340 Options.compaction_options_universal.max_size_amplification_percent: 200
2022/02/11-15:32:40.339539 7feacc4dd340 Options.compaction_options_universal.compression_size_percent: -1
2022/02/11-15:32:40.339540 7feacc4dd340 Options.compaction_options_universal.stop_style: kCompactionStopStyleTotalSize
2022/02/11-15:32:40.339542 7feacc4dd340 Options.compaction_options_fifo.max_table_files_size: 1073741824
2022/02/11-15:32:40.339543 7feacc4dd340 Options.compaction_options_fifo.allow_compaction: 0
2022/02/11-15:32:40.339546 7feacc4dd340                   Options.table_properties_collectors: 
2022/02/11-15:32:40.339548 7feacc4dd340                   Options.inplace_update_support: 0
2022/02/11-15:32:40.339549 7feacc4dd340                 Options.inplace_update_num_locks: 10000
2022/02/11-15:32:40.339550 7feacc4dd340               Options.memtable_prefix_bloom_size_ratio: 0.000000
2022/02/11-15:32:40.339552 7feacc4dd340               Options.memtable_whole_key_filtering: 0
2022/02/11-15:32:40.339554 7feacc4dd340   Options.memtable_huge_page_size: 0
2022/02/11-15:32:40.339555 7feacc4dd340                           Options.bloom_locality: 0
2022/02/11-15:32:40.339556 7feacc4dd340                    Options.max_successive_merges: 0
2022/02/11-15:32:40.339558 7feacc4dd340                Options.optimize_filters_for_hits: 0
2022/02/11-15:32:40.339559 7feacc4dd340                Options.paranoid_file_checks: 0
2022/02/11-15:32:40.339560 7feacc4dd340                Options.force_consistency_checks: 1
2022/02/11-15:32:40.339562 7feacc4dd340                Options.report_bg_io_stats: 0
2022/02/11-15:32:40.339563 7feacc4dd340                               Options.ttl: 2592000
2022/02/11-15:32:40.339564 7feacc4dd340          Options.periodic_compaction_seconds: 0
2022/02/11-15:32:40.339566 7feacc4dd340                    Options.enable_blob_files: false
2022/02/11-15:32:40.339567 7feacc4dd340                        Options.min_blob_size: 0
2022/02/11-15:32:40.339569 7feacc4dd340                       Options.blob_file_size: 268435456
2022/02/11-15:32:40.339570 7feacc4dd340                Options.blob_compression_type: NoCompression
2022/02/11-15:32:40.339571 7feacc4dd340       Options.enable_blob_garbage_collection: false
2022/02/11-15:32:40.339573 7feacc4dd340   Options.blob_garbage_collection_age_cutoff: 0.250000
2022/02/11-15:32:40.339614 7feacc4dd340 [db/column_family.cc:596] --------------- Options for column family [certificates]:
2022/02/11-15:32:40.339616 7feacc4dd340               Options.comparator: leveldb.BytewiseComparator
2022/02/11-15:32:40.339618 7feacc4dd340           Options.merge_operator: None
2022/02/11-15:32:40.339619 7feacc4dd340        Options.compaction_filter: None
2022/02/11-15:32:40.339620 7feacc4dd340        Options.compaction_filter_factory: None
2022/02/11-15:32:40.339622 7feacc4dd340  Options.sst_partitioner_factory: None
2022/02/11-15:32:40.339623 7feacc4dd340         Options.memtable_factory: SkipListFactory
2022/02/11-15:32:40.339624 7feacc4dd340            Options.table_factory: BlockBasedTable
2022/02/11-15:32:40.339648 7feacc4dd340            table_factory options:   flush_block_policy_factory: FlushBlockBySizePolicyFactory (0x5639e3985f20)
  cache_index_and_filter_blocks: 0
  cache_index_and_filter_blocks_with_high_priority: 1
  pin_l0_filter_and_index_blocks_in_cache: 0
  pin_top_level_index_and_filter: 1
  index_type: 0
  data_block_index_type: 0
  index_shortening: 1
  data_block_hash_table_util_ratio: 0.750000
  hash_index_allow_collision: 1
  checksum: 1
  no_block_cache: 0
  block_cache: 0x5639e38b58e0
  block_cache_name: LRUCache
  block_cache_options:
    capacity : 8388608
    num_shard_bits : 4
    strict_capacity_limit : 0
    memory_allocator : None
    high_pri_pool_ratio: 0.000
  block_cache_compressed: (nil)
  persistent_cache: (nil)
  block_size: 4096
  block_size_deviation: 10
  block_restart_interval: 16
  index_block_restart_interval: 1
  metadata_block_size: 4096
  partition_filters: 0
  use_delta_encoding: 1
  filter_policy: nullptr
  whole_key_filtering: 1
  verify_compression: 0
  read_amp_bytes_per_bit: 0
  format_version: 5
  enable_index_compression: 1
  block_align: 0
2022/02/11-15:32:40.339659 7feacc4dd340        Options.write_buffer_size: 67108864
2022/02/11-15:32:40.339661 7feacc4dd340  Options.max_write_buffer_number: 2
2022/02/11-15:32:40.339663 7feacc4dd340          Options.compression: Snappy
2022/02/11-15:32:40.339664 7feacc4dd340                  Options.bottommost_compression: Disabled
2022/02/11-15:32:40.339665 7feacc4dd340       Options.prefix_extractor: nullptr
2022/02/11-15:32:40.339667 7feacc4dd340   Options.memtable_insert_with_hint_prefix_extractor: nullptr
2022/02/11-15:32:40.339668 7feacc4dd340             Options.num_levels: 7
2022/02/11-15:32:40.339670 7feacc4dd340        Options.min_write_buffer_number_to_merge: 1
2022/02/11-15:32:40.339671 7feacc4dd340     Options.max_write_buffer_number_to_maintain: 0
2022/02/11-15:32:40.339672 7feacc4dd340     Options.max_write_buffer_size_to_maintain: 0
2022/02/11-15:32:40.339674 7feacc4dd340            Options.bottommost_compression_opts.window_bits: -14
2022/02/11-15:32:40.339675 7feacc4dd340                  Options.bottommost_compression_opts.level: 32767
2022/02/11-15:32:40.339676 7feacc4dd340               Options.bottommost_compression_opts.strategy: 0
2022/02/11-15:32:40.339678 7feacc4dd340         Options.bottommost_compression_opts.max_dict_bytes: 0
2022/02/11-15:32:40.339679 7feacc4dd340         Options.bottommost_compression_opts.zstd_max_train_bytes: 0
2022/02/11-15:32:40.339680 7feacc4dd340         Options.bottommost_compression_opts.parallel_threads: 1
2022/02/11-15:32:40.339682 7feacc4dd340                  Options.bottommost_compression_opts.enabled: false
2022/02/11-15:32:40.339683 7feacc4dd340         Options.bottommost_compression_opts.max_dict_buffer_bytes: 0
2022/02/11-15:32:40.339685 7feacc4dd340            Options.compression_opts.window_bits: -14
2022/02/11-15:32:40.339686 7feacc4dd340                  Options.compression_opts.level: 32767
2022/02/11-15:32:40.339687 7feacc4dd340               Options.compression_opts.strategy: 0
2022/02/11-15:32:40.339689 7feacc4dd340         Options.compression_opts.max_dict_bytes: 0
2022/02/11-15:32:40.339690 7feacc4dd340         Options.compression_opts.zstd_max_train_bytes: 0
2022/02/11-15:32:40.339691 7feacc4dd340         Options.compression_opts.parallel_threads: 1
2022/02/11-15:32:40.339693 7feacc4dd340                  Options.compression_opts.enabled: false
2022/02/11-15:32:40.339694 7feacc4dd340         Options.compression_opts.max_dict_buffer_bytes: 0
2022/02/11-15:32:40.339695 7feacc4dd340      Options.level0_file_num_compaction_trigger: 4
2022/02/11-15:32:40.339697 7feacc4dd340          Options.level0_slowdown_writes_trigger: 20
2022/02/11-15:32:40.339698 7feacc4dd340              Options.level0_stop_writes_trigger: 36
2022/02/11-15:32:40.339699 7feacc4dd340                   Options.target_file_size_base: 67108864
2022/02/11-15:32:40.339701 7feacc4dd340             Options.target_file_size_multiplier: 1
2022/02/11-15:32:40.339702 7feacc4dd340                Options.max_bytes_for_level_base: 268435456
2022/02/11-15:32:40.339703 7feacc4dd340 Options.level_compaction_dynamic_level_bytes: 0
2022/02/11-15:32:40.339712 7feacc4dd340          Options.max_bytes_for_level_multiplier: 10.000000
2022/02/11-15:32:40.339715 7feacc4dd340 Options.max_bytes_for_level_multiplier_addtl[0]: 1
2022/02/11-15:32:40.339716 7feacc4dd340 Options.max_bytes_for_level_multiplier_addtl[1]: 1
2022/02/11-15:32:40.339718 7feacc4dd340 Options.max_bytes_for_level_multiplier_addtl[2]: 1
2022/02/11-15:32:40.339719 7feacc4dd340 Options.max_bytes_for_level_multiplier_addtl[3]: 1
2022/02/11-15:32:40.339720 7feacc4dd340 Options.max_bytes_for_level_multiplier_addtl[4]: 1
2022/02/11-15:32:40.339722 7feacc4dd340 Options.max_bytes_for_level_multiplier_addtl[5]: 1
2022/02/11-15:32:40.339723 7feacc4dd340 Options.max_bytes_for_level_multiplier_addtl[6]: 1
2022/02/11-15:32:40.339724 7feacc4dd340       Options.max_sequential_skip_in_iterations: 8
2022/02/11-15:32:40.339726 7feacc4dd340                    Options.max_compaction_bytes: 1677721600
2022/02/11-15:32:40.339727 7feacc4dd340                        Options.arena_block_size: 8388608
2022/02/11-15:32:40.339728 7feacc4dd340   Options.soft_pending_compaction_bytes_limit: 68719476736
2022/02/11-15:32:40.339730 7feacc4dd340   Options.hard_pending_compaction_bytes_limit: 274877906944
2022/02/11-15:32:40.339731 7feacc4dd340       Options.rate_limit_delay_max_milliseconds: 100
2022/02/11-15:32:40.339732 7feacc4dd340                Options.disable_auto_compactions: 0
2022/02/11-15:32:40.339734 7feacc4dd340                        Options.compaction_style: kCompactionStyleLevel
2022/02/11-15:32:40.339735 7feacc4dd340                          Options.compaction_pri: kMinOverlappingRatio
2022/02/11-15:32:40.339737 7feacc4dd340 Options.compaction_options_universal.size_ratio: 1
2022/02/11-15:32:40.339738 7feacc4dd340 Options.compaction_options_universal.min_merge_width: 2
2022/02/11-15:32:40.339739 7feacc4dd340 Options.compaction_options_universal.max_merge_width: 4294967295
2022/02/11-15:32:40.339741 7feacc4dd340 Options.compaction_options_universal.max_size_amplification_percent: 200
2022/02/11-15:32:40.339742 7feacc4dd340 Options.compaction_options_universal.compression_size_percent: -1
2022/02/11-15:32:40.339744 7feacc4dd340 Options.compaction_options_universal.stop_style: kCompactionStopStyleTotalSize
2022/02/11-15:32:40.339745 7feacc4dd340 Options.compaction_options_fifo.max_table_files_size: 1073741824
2022/02/11-15:32:40.339746 7feacc4dd340 Options.compaction_options_fifo.allow_compaction: 0
2022/02/11-15:32:40.339749 7feacc4dd340                   Options.table_properties_collectors: 
2022/02/11-15:32:40.339751 7feacc4dd340                   Options.inplace_update_support: 0
2022/02/11-15:32:40.339752 7feacc4dd340                 Options.inplace_update_num_locks: 10000
2022/02/11-15:32:40.339753 7feacc4dd340               Options.memtable_prefix_bloom_size_ratio: 0.000000
2022/02/11-15:32:40.339755 7feacc4dd340               Options.memtable_whole_key_filtering: 0
2022/02/11-15:32:40.339757 7feacc4dd340   Options.memtable_huge_page_size: 0
2022/02/11-15:32:40.339758 7feacc4dd340                           Options.bloom_locality: 0
2022/02/11-15:32:40.339759 7feacc4dd340                    Options.max_successive_merges: 0
2022/02/11-15:32:40.339761 7feacc4dd340                Options.optimize_filters_for_hits: 0
2022/02/11-15:32:40.339762 7feacc4dd340                Options.paranoid_file_checks: 0
2022/02/11-15:32:40.339763 7feacc4dd340                Options.force_consistency_checks: 1
2022/02/11-15:32:40.339765 7feacc4dd340                Options.report_bg_io_stats: 0
2022/02/11-15:32:40.339766 7feacc4dd340                               Options.ttl: 2592000
2022/02/11-15:32:40.339767 7feacc4dd340          Options.periodic_compaction_seconds: 0
2022/02/11-15:32:40.339769 7feacc4dd340                    Options.enable_blob_files: false
2022/02/11-15:32:40.339770 7feacc4dd340                        Options.min_blob_size: 0
2022/02/11-15:32:40.339772 7feacc4dd340                       Options.blob_file_size: 268435456
2022/02/11-15:32:40.339773 7feacc4dd340                Options.blob_compression_type: NoCompression
2022/02/11-15:32:40.339782 7feacc4dd340       Options.enable_blob_garbage_collection: false
2022/02/11-15:32:40.339784 7feacc4dd340   Options.blob_garbage_collection_age_cutoff: 0.250000
2022/02/11-15:32:40.339842 7feacc4dd340 [db/column_family.cc:596] --------------- Options for column family [object_certs]:
2022/02/11-15:32:40.339844 7feacc4dd340               Options.comparator: leveldb.BytewiseComparator
2022/02/11-15:32:40.339845 7feacc4dd340           Options.merge_operator: None
2022/02/11-15:32:40.339847 7feacc4dd340        Options.compaction_filter: None
2022/02/11-15:32:40.339848 7feacc4dd340        Options.compaction_filter_factory: None
2022/02/11-15:32:40.339849 7feacc4dd340  Options.sst_partitioner_factory: None
2022/02/11-15:32:40.339851 7feacc4dd340         Options.memtable_factory: SkipListFactory
2022/02/11-15:32:40.339852 7feacc4dd340            Options.table_factory: BlockBasedTable
2022/02/11-15:32:40.339876 7feacc4dd340            table_factory options:   flush_block_policy_factory: FlushBlockBySizePolicyFactory (0x5639e392d270)
  cache_index_and_filter_blocks: 0
  cache_index_and_filter_blocks_with_high_priority: 1
  pin_l0_filter_and_index_blocks_in_cache: 0
  pin_top_level_index_and_filter: 1
  index_type: 0
  data_block_index_type: 0
  index_shortening: 1
  data_block_hash_table_util_ratio: 0.750000
  hash_index_allow_collision: 1
  checksum: 1
  no_block_cache: 0
  block_cache: 0x5639e3a33140
  block_cache_name: LRUCache
  block_cache_options:
    capacity : 8388608
    num_shard_bits : 4
    strict_capacity_limit : 0
    memory_allocator : None
    high_pri_pool_ratio: 0.000
  block_cache_compressed: (nil)
  persistent_cache: (nil)
  block_size: 4096
  block_size_deviation: 10
  block_restart_interval: 16
  index_block_restart_interval: 1
  metadata_block_size: 4096
  partition_filters: 0
  use_delta_encoding: 1
  filter_policy: nullptr
  whole_key_filtering: 1
  verify_compression: 0
  read_amp_bytes_per_bit: 0
  format_version: 5
  enable_index_compression: 1
  block_align: 0
2022/02/11-15:32:40.339878 7feacc4dd340        Options.write_buffer_size: 67108864
2022/02/11-15:32:40.339880 7feacc4dd340  Options.max_write_buffer_number: 2
2022/02/11-15:32:40.339881 7feacc4dd340          Options.compression: Snappy
2022/02/11-15:32:40.339882 7feacc4dd340                  Options.bottommost_compression: Disabled
2022/02/11-15:32:40.339884 7feacc4dd340       Options.prefix_extractor: nullptr
2022/02/11-15:32:40.339885 7feacc4dd340   Options.memtable_insert_with_hint_prefix_extractor: nullptr
2022/02/11-15:32:40.339886 7feacc4dd340             Options.num_levels: 7
2022/02/11-15:32:40.339888 7feacc4dd340        Options.min_write_buffer_number_to_merge: 1
2022/02/11-15:32:40.339889 7feacc4dd340     Options.max_write_buffer_number_to_maintain: 0
2022/02/11-15:32:40.339890 7feacc4dd340     Options.max_write_buffer_size_to_maintain: 0
2022/02/11-15:32:40.339892 7feacc4dd340            Options.bottommost_compression_opts.window_bits: -14
