2022/02/11-15:32:39.645782 7fd8dabf0340 RocksDB version: 6.20.3
2022/02/11-15:32:39.645815 7fd8dabf0340 Git sha 8608d75d85f8e1b3b64b73a4fb6d19baec61ba5c
2022/02/11-15:32:39.645819 7fd8dabf0340 Compile date 2021-05-05 20:35:30
2022/02/11-15:32:39.645875 7fd8dabf0340 DB SUMMARY
2022/02/11-15:32:39.645878 7fd8dabf0340 DB Session ID:  DOLDE0AAJV14FSL941PE
2022/02/11-15:32:39.645912 7fd8dabf0340 CURRENT file:  CURRENT
2022/02/11-15:32:39.645914 7fd8dabf0340 IDENTITY file:  IDENTITY
2022/02/11-15:32:39.645918 7fd8dabf0340 MANIFEST file:  MANIFEST-000061 size: 1161 Bytes
2022/02/11-15:32:39.645921 7fd8dabf0340 SST files in ./client_db/k#390debfa89d78e27f26681591dab15d34e147f6a9a91c29c8cd2c367f4f3ba1e dir, Total Num: 2, files: 000042.sst 000058.sst 
2022/02/11-15:32:39.645924 7fd8dabf0340 Write Ahead Log file in ./client_db/k#390debfa89d78e27f26681591dab15d34e147f6a9a91c29c8cd2c367f4f3ba1e: 000062.log size: 830 ; 
2022/02/11-15:32:39.645926 7fd8dabf0340                         Options.error_if_exists: 0
2022/02/11-15:32:39.645929 7fd8dabf0340                       Options.create_if_missing: 1
2022/02/11-15:32:39.645930 7fd8dabf0340                         Options.paranoid_checks: 1
2022/02/11-15:32:39.645932 7fd8dabf0340                               Options.track_and_verify_wals_in_manifest: 0
2022/02/11-15:32:39.645933 7fd8dabf0340                                     Options.env: 0x55b88c43a420
2022/02/11-15:32:39.645936 7fd8dabf0340                                      Options.fs: Posix File System
2022/02/11-15:32:39.645938 7fd8dabf0340                                Options.info_log: 0x55b88cf4df30
2022/02/11-15:32:39.645939 7fd8dabf0340                Options.max_file_opening_threads: 16
2022/02/11-15:32:39.645940 7fd8dabf0340                              Options.statistics: (nil)
2022/02/11-15:32:39.645942 7fd8dabf0340                               Options.use_fsync: 0
2022/02/11-15:32:39.645944 7fd8dabf0340                       Options.max_log_file_size: 0
2022/02/11-15:32:39.645945 7fd8dabf0340                  Options.max_manifest_file_size: 1073741824
2022/02/11-15:32:39.645947 7fd8dabf0340                   Options.log_file_time_to_roll: 0
2022/02/11-15:32:39.645948 7fd8dabf0340                       Options.keep_log_file_num: 1000
2022/02/11-15:32:39.645949 7fd8dabf0340                    Options.recycle_log_file_num: 0
2022/02/11-15:32:39.645951 7fd8dabf0340                         Options.allow_fallocate: 1
2022/02/11-15:32:39.645952 7fd8dabf0340                        Options.allow_mmap_reads: 0
2022/02/11-15:32:39.645954 7fd8dabf0340                       Options.allow_mmap_writes: 0
2022/02/11-15:32:39.645955 7fd8dabf0340                        Options.use_direct_reads: 0
2022/02/11-15:32:39.645956 7fd8dabf0340                        Options.use_direct_io_for_flush_and_compaction: 0
2022/02/11-15:32:39.645957 7fd8dabf0340          Options.create_missing_column_families: 1
2022/02/11-15:32:39.645959 7fd8dabf0340                              Options.db_log_dir: 
2022/02/11-15:32:39.645960 7fd8dabf0340                                 Options.wal_dir: ./client_db/k#390debfa89d78e27f26681591dab15d34e147f6a9a91c29c8cd2c367f4f3ba1e
2022/02/11-15:32:39.645962 7fd8dabf0340                Options.table_cache_numshardbits: 6
2022/02/11-15:32:39.645963 7fd8dabf0340                         Options.WAL_ttl_seconds: 0
2022/02/11-15:32:39.645964 7fd8dabf0340                       Options.WAL_size_limit_MB: 0
2022/02/11-15:32:39.645966 7fd8dabf0340                        Options.max_write_batch_group_size_bytes: 1048576
2022/02/11-15:32:39.645967 7fd8dabf0340             Options.manifest_preallocation_size: 4194304
2022/02/11-15:32:39.645968 7fd8dabf0340                     Options.is_fd_close_on_exec: 1
2022/02/11-15:32:39.645970 7fd8dabf0340                   Options.advise_random_on_open: 1
2022/02/11-15:32:39.645971 7fd8dabf0340                    Options.db_write_buffer_size: 0
2022/02/11-15:32:39.645973 7fd8dabf0340                    Options.write_buffer_manager: 0x55b88cf84ec0
2022/02/11-15:32:39.645974 7fd8dabf0340         Options.access_hint_on_compaction_start: 1
2022/02/11-15:32:39.645976 7fd8dabf0340  Options.new_table_reader_for_compaction_inputs: 0
2022/02/11-15:32:39.645989 7fd8dabf0340           Options.random_access_max_buffer_size: 1048576
2022/02/11-15:32:39.645991 7fd8dabf0340                      Options.use_adaptive_mutex: 0
2022/02/11-15:32:39.645992 7fd8dabf0340                            Options.rate_limiter: (nil)
2022/02/11-15:32:39.645994 7fd8dabf0340     Options.sst_file_manager.rate_bytes_per_sec: 0
2022/02/11-15:32:39.645996 7fd8dabf0340                       Options.wal_recovery_mode: 2
2022/02/11-15:32:39.645998 7fd8dabf0340                  Options.enable_thread_tracking: 0
2022/02/11-15:32:39.645999 7fd8dabf0340                  Options.enable_pipelined_write: 0
2022/02/11-15:32:39.646000 7fd8dabf0340                  Options.unordered_write: 0
2022/02/11-15:32:39.646001 7fd8dabf0340         Options.allow_concurrent_memtable_write: 1
2022/02/11-15:32:39.646003 7fd8dabf0340      Options.enable_write_thread_adaptive_yield: 1
2022/02/11-15:32:39.646004 7fd8dabf0340             Options.write_thread_max_yield_usec: 100
2022/02/11-15:32:39.646006 7fd8dabf0340            Options.write_thread_slow_yield_usec: 3
2022/02/11-15:32:39.646007 7fd8dabf0340                               Options.row_cache: None
2022/02/11-15:32:39.646008 7fd8dabf0340                              Options.wal_filter: None
2022/02/11-15:32:39.646010 7fd8dabf0340             Options.avoid_flush_during_recovery: 0
2022/02/11-15:32:39.646011 7fd8dabf0340             Options.allow_ingest_behind: 0
2022/02/11-15:32:39.646013 7fd8dabf0340             Options.preserve_deletes: 0
2022/02/11-15:32:39.646014 7fd8dabf0340             Options.two_write_queues: 0
2022/02/11-15:32:39.646015 7fd8dabf0340             Options.manual_wal_flush: 0
2022/02/11-15:32:39.646016 7fd8dabf0340             Options.atomic_flush: 0
2022/02/11-15:32:39.646018 7fd8dabf0340             Options.avoid_unnecessary_blocking_io: 0
2022/02/11-15:32:39.646019 7fd8dabf0340                 Options.persist_stats_to_disk: 0
2022/02/11-15:32:39.646020 7fd8dabf0340                 Options.write_dbid_to_manifest: 0
2022/02/11-15:32:39.646022 7fd8dabf0340                 Options.log_readahead_size: 0
2022/02/11-15:32:39.646023 7fd8dabf0340                 Options.file_checksum_gen_factory: Unknown
2022/02/11-15:32:39.646025 7fd8dabf0340                 Options.best_efforts_recovery: 0
2022/02/11-15:32:39.646026 7fd8dabf0340                Options.max_bgerror_resume_count: 2147483647
2022/02/11-15:32:39.646027 7fd8dabf0340            Options.bgerror_resume_retry_interval: 1000000
2022/02/11-15:32:39.646029 7fd8dabf0340             Options.allow_data_in_errors: 0
2022/02/11-15:32:39.646030 7fd8dabf0340             Options.db_host_id: __hostname__
2022/02/11-15:32:39.646032 7fd8dabf0340             Options.max_background_jobs: 2
2022/02/11-15:32:39.646033 7fd8dabf0340             Options.max_background_compactions: -1
2022/02/11-15:32:39.646035 7fd8dabf0340             Options.max_subcompactions: 1
2022/02/11-15:32:39.646036 7fd8dabf0340             Options.avoid_flush_during_shutdown: 0
2022/02/11-15:32:39.646037 7fd8dabf0340           Options.writable_file_max_buffer_size: 1048576
2022/02/11-15:32:39.646039 7fd8dabf0340             Options.delayed_write_rate : 16777216
2022/02/11-15:32:39.646040 7fd8dabf0340             Options.max_total_wal_size: 0
2022/02/11-15:32:39.646042 7fd8dabf0340             Options.delete_obsolete_files_period_micros: 21600000000
2022/02/11-15:32:39.646043 7fd8dabf0340                   Options.stats_dump_period_sec: 600
2022/02/11-15:32:39.646044 7fd8dabf0340                 Options.stats_persist_period_sec: 600
2022/02/11-15:32:39.646047 7fd8dabf0340                 Options.stats_history_buffer_size: 1048576
2022/02/11-15:32:39.646048 7fd8dabf0340                          Options.max_open_files: -1
2022/02/11-15:32:39.646049 7fd8dabf0340                          Options.bytes_per_sync: 0
2022/02/11-15:32:39.646051 7fd8dabf0340                      Options.wal_bytes_per_sync: 0
2022/02/11-15:32:39.646052 7fd8dabf0340                   Options.strict_bytes_per_sync: 0
2022/02/11-15:32:39.646061 7fd8dabf0340       Options.compaction_readahead_size: 0
2022/02/11-15:32:39.646063 7fd8dabf0340                  Options.max_background_flushes: -1
2022/02/11-15:32:39.646064 7fd8dabf0340 Compression algorithms supported:
2022/02/11-15:32:39.646066 7fd8dabf0340 	kZSTDNotFinalCompression supported: 1
2022/02/11-15:32:39.646069 7fd8dabf0340 	kZSTD supported: 1
2022/02/11-15:32:39.646071 7fd8dabf0340 	kXpressCompression supported: 0
2022/02/11-15:32:39.646072 7fd8dabf0340 	kLZ4HCCompression supported: 1
2022/02/11-15:32:39.646074 7fd8dabf0340 	kLZ4Compression supported: 1
2022/02/11-15:32:39.646075 7fd8dabf0340 	kBZip2Compression supported: 1
2022/02/11-15:32:39.646077 7fd8dabf0340 	kZlibCompression supported: 1
2022/02/11-15:32:39.646078 7fd8dabf0340 	kSnappyCompression supported: 1
2022/02/11-15:32:39.646081 7fd8dabf0340 Fast CRC32 supported: Not supported on x86
2022/02/11-15:32:39.646133 7fd8dabf0340 [db/version_set.cc:4626] Recovering from manifest file: ./client_db/k#390debfa89d78e27f26681591dab15d34e147f6a9a91c29c8cd2c367f4f3ba1e/MANIFEST-000061
2022/02/11-15:32:39.646410 7fd8dabf0340 [db/column_family.cc:596] --------------- Options for column family [default]:
2022/02/11-15:32:39.646417 7fd8dabf0340               Options.comparator: leveldb.BytewiseComparator
2022/02/11-15:32:39.646419 7fd8dabf0340           Options.merge_operator: None
2022/02/11-15:32:39.646421 7fd8dabf0340        Options.compaction_filter: None
2022/02/11-15:32:39.646422 7fd8dabf0340        Options.compaction_filter_factory: None
2022/02/11-15:32:39.646424 7fd8dabf0340  Options.sst_partitioner_factory: None
2022/02/11-15:32:39.646425 7fd8dabf0340         Options.memtable_factory: SkipListFactory
2022/02/11-15:32:39.646427 7fd8dabf0340            Options.table_factory: BlockBasedTable
2022/02/11-15:32:39.646563 7fd8dabf0340            table_factory options:   flush_block_policy_factory: FlushBlockBySizePolicyFactory (0x55b88ceea990)
  cache_index_and_filter_blocks: 0
  cache_index_and_filter_blocks_with_high_priority: 1
  pin_l0_filter_and_index_blocks_in_cache: 0
  pin_top_level_index_and_filter: 1
  index_type: 0
  data_block_index_type: 0
  index_shortening: 1
  data_block_hash_table_util_ratio: 0.750000
  hash_index_allow_collision: 1
  checksum: 1
  no_block_cache: 0
  block_cache: 0x55b88cf3a6c0
  block_cache_name: LRUCache
  block_cache_options:
    capacity : 8388608
    num_shard_bits : 4
    strict_capacity_limit : 0
    memory_allocator : None
    high_pri_pool_ratio: 0.000
  block_cache_compressed: (nil)
  persistent_cache: (nil)
  block_size: 4096
  block_size_deviation: 10
  block_restart_interval: 16
  index_block_restart_interval: 1
  metadata_block_size: 4096
  partition_filters: 0
  use_delta_encoding: 1
  filter_policy: nullptr
  whole_key_filtering: 1
  verify_compression: 0
  read_amp_bytes_per_bit: 0
  format_version: 5
  enable_index_compression: 1
  block_align: 0
2022/02/11-15:32:39.646570 7fd8dabf0340        Options.write_buffer_size: 67108864
2022/02/11-15:32:39.646572 7fd8dabf0340  Options.max_write_buffer_number: 2
2022/02/11-15:32:39.646574 7fd8dabf0340          Options.compression: Snappy
2022/02/11-15:32:39.646576 7fd8dabf0340                  Options.bottommost_compression: Disabled
2022/02/11-15:32:39.646577 7fd8dabf0340       Options.prefix_extractor: nullptr
2022/02/11-15:32:39.646579 7fd8dabf0340   Options.memtable_insert_with_hint_prefix_extractor: nullptr
2022/02/11-15:32:39.646580 7fd8dabf0340             Options.num_levels: 7
2022/02/11-15:32:39.646581 7fd8dabf0340        Options.min_write_buffer_number_to_merge: 1
2022/02/11-15:32:39.646583 7fd8dabf0340     Options.max_write_buffer_number_to_maintain: 0
2022/02/11-15:32:39.646584 7fd8dabf0340     Options.max_write_buffer_size_to_maintain: 0
2022/02/11-15:32:39.646586 7fd8dabf0340            Options.bottommost_compression_opts.window_bits: -14
2022/02/11-15:32:39.646588 7fd8dabf0340                  Options.bottommost_compression_opts.level: 32767
2022/02/11-15:32:39.646589 7fd8dabf0340               Options.bottommost_compression_opts.strategy: 0
2022/02/11-15:32:39.646638 7fd8dabf0340         Options.bottommost_compression_opts.max_dict_bytes: 0
2022/02/11-15:32:39.646643 7fd8dabf0340         Options.bottommost_compression_opts.zstd_max_train_bytes: 0
2022/02/11-15:32:39.646645 7fd8dabf0340         Options.bottommost_compression_opts.parallel_threads: 1
2022/02/11-15:32:39.646648 7fd8dabf0340                  Options.bottommost_compression_opts.enabled: false
2022/02/11-15:32:39.646650 7fd8dabf0340         Options.bottommost_compression_opts.max_dict_buffer_bytes: 0
2022/02/11-15:32:39.646651 7fd8dabf0340            Options.compression_opts.window_bits: -14
2022/02/11-15:32:39.646653 7fd8dabf0340                  Options.compression_opts.level: 32767
2022/02/11-15:32:39.646654 7fd8dabf0340               Options.compression_opts.strategy: 0
2022/02/11-15:32:39.646656 7fd8dabf0340         Options.compression_opts.max_dict_bytes: 0
2022/02/11-15:32:39.646657 7fd8dabf0340         Options.compression_opts.zstd_max_train_bytes: 0
2022/02/11-15:32:39.646659 7fd8dabf0340         Options.compression_opts.parallel_threads: 1
2022/02/11-15:32:39.646660 7fd8dabf0340                  Options.compression_opts.enabled: false
2022/02/11-15:32:39.646662 7fd8dabf0340         Options.compression_opts.max_dict_buffer_bytes: 0
2022/02/11-15:32:39.646663 7fd8dabf0340      Options.level0_file_num_compaction_trigger: 4
2022/02/11-15:32:39.646665 7fd8dabf0340          Options.level0_slowdown_writes_trigger: 20
2022/02/11-15:32:39.646666 7fd8dabf0340              Options.level0_stop_writes_trigger: 36
2022/02/11-15:32:39.646668 7fd8dabf0340                   Options.target_file_size_base: 67108864
2022/02/11-15:32:39.646669 7fd8dabf0340             Options.target_file_size_multiplier: 1
2022/02/11-15:32:39.646670 7fd8dabf0340                Options.max_bytes_for_level_base: 268435456
2022/02/11-15:32:39.646672 7fd8dabf0340 Options.level_compaction_dynamic_level_bytes: 0
2022/02/11-15:32:39.646674 7fd8dabf0340          Options.max_bytes_for_level_multiplier: 10.000000
2022/02/11-15:32:39.646678 7fd8dabf0340 Options.max_bytes_for_level_multiplier_addtl[0]: 1
2022/02/11-15:32:39.646680 7fd8dabf0340 Options.max_bytes_for_level_multiplier_addtl[1]: 1
2022/02/11-15:32:39.646682 7fd8dabf0340 Options.max_bytes_for_level_multiplier_addtl[2]: 1
2022/02/11-15:32:39.646683 7fd8dabf0340 Options.max_bytes_for_level_multiplier_addtl[3]: 1
2022/02/11-15:32:39.646684 7fd8dabf0340 Options.max_bytes_for_level_multiplier_addtl[4]: 1
2022/02/11-15:32:39.646686 7fd8dabf0340 Options.max_bytes_for_level_multiplier_addtl[5]: 1
2022/02/11-15:32:39.646687 7fd8dabf0340 Options.max_bytes_for_level_multiplier_addtl[6]: 1
2022/02/11-15:32:39.646689 7fd8dabf0340       Options.max_sequential_skip_in_iterations: 8
2022/02/11-15:32:39.646690 7fd8dabf0340                    Options.max_compaction_bytes: 1677721600
2022/02/11-15:32:39.646692 7fd8dabf0340                        Options.arena_block_size: 8388608
2022/02/11-15:32:39.646693 7fd8dabf0340   Options.soft_pending_compaction_bytes_limit: 68719476736
2022/02/11-15:32:39.646695 7fd8dabf0340   Options.hard_pending_compaction_bytes_limit: 274877906944
2022/02/11-15:32:39.646696 7fd8dabf0340       Options.rate_limit_delay_max_milliseconds: 100
2022/02/11-15:32:39.646698 7fd8dabf0340                Options.disable_auto_compactions: 0
2022/02/11-15:32:39.646700 7fd8dabf0340                        Options.compaction_style: kCompactionStyleLevel
2022/02/11-15:32:39.646703 7fd8dabf0340                          Options.compaction_pri: kMinOverlappingRatio
2022/02/11-15:32:39.646705 7fd8dabf0340 Options.compaction_options_universal.size_ratio: 1
2022/02/11-15:32:39.646706 7fd8dabf0340 Options.compaction_options_universal.min_merge_width: 2
2022/02/11-15:32:39.646708 7fd8dabf0340 Options.compaction_options_universal.max_merge_width: 4294967295
2022/02/11-15:32:39.646710 7fd8dabf0340 Options.compaction_options_universal.max_size_amplification_percent: 200
2022/02/11-15:32:39.646711 7fd8dabf0340 Options.compaction_options_universal.compression_size_percent: -1
2022/02/11-15:32:39.646760 7fd8dabf0340 Options.compaction_options_universal.stop_style: kCompactionStopStyleTotalSize
2022/02/11-15:32:39.646765 7fd8dabf0340 Options.compaction_options_fifo.max_table_files_size: 1073741824
2022/02/11-15:32:39.646768 7fd8dabf0340 Options.compaction_options_fifo.allow_compaction: 0
2022/02/11-15:32:39.646782 7fd8dabf0340                   Options.table_properties_collectors: 
2022/02/11-15:32:39.646784 7fd8dabf0340                   Options.inplace_update_support: 0
2022/02/11-15:32:39.646786 7fd8dabf0340                 Options.inplace_update_num_locks: 10000
2022/02/11-15:32:39.646787 7fd8dabf0340               Options.memtable_prefix_bloom_size_ratio: 0.000000
2022/02/11-15:32:39.646790 7fd8dabf0340               Options.memtable_whole_key_filtering: 0
2022/02/11-15:32:39.646791 7fd8dabf0340   Options.memtable_huge_page_size: 0
2022/02/11-15:32:39.646793 7fd8dabf0340                           Options.bloom_locality: 0
2022/02/11-15:32:39.646794 7fd8dabf0340                    Options.max_successive_merges: 0
2022/02/11-15:32:39.646796 7fd8dabf0340                Options.optimize_filters_for_hits: 0
2022/02/11-15:32:39.646797 7fd8dabf0340                Options.paranoid_file_checks: 0
2022/02/11-15:32:39.646799 7fd8dabf0340                Options.force_consistency_checks: 1
2022/02/11-15:32:39.646800 7fd8dabf0340                Options.report_bg_io_stats: 0
2022/02/11-15:32:39.646802 7fd8dabf0340                               Options.ttl: 2592000
2022/02/11-15:32:39.646803 7fd8dabf0340          Options.periodic_compaction_seconds: 0
2022/02/11-15:32:39.646805 7fd8dabf0340                    Options.enable_blob_files: false
2022/02/11-15:32:39.646806 7fd8dabf0340                        Options.min_blob_size: 0
2022/02/11-15:32:39.646807 7fd8dabf0340                       Options.blob_file_size: 268435456
2022/02/11-15:32:39.646809 7fd8dabf0340                Options.blob_compression_type: NoCompression
2022/02/11-15:32:39.646811 7fd8dabf0340       Options.enable_blob_garbage_collection: false
2022/02/11-15:32:39.646812 7fd8dabf0340   Options.blob_garbage_collection_age_cutoff: 0.250000
2022/02/11-15:32:39.646978 7fd8dabf0340 [db/column_family.cc:596] --------------- Options for column family [pending_orders]:
2022/02/11-15:32:39.646984 7fd8dabf0340               Options.comparator: leveldb.BytewiseComparator
2022/02/11-15:32:39.646986 7fd8dabf0340           Options.merge_operator: None
2022/02/11-15:32:39.646989 7fd8dabf0340        Options.compaction_filter: None
2022/02/11-15:32:39.646991 7fd8dabf0340        Options.compaction_filter_factory: None
2022/02/11-15:32:39.646993 7fd8dabf0340  Options.sst_partitioner_factory: None
2022/02/11-15:32:39.646994 7fd8dabf0340         Options.memtable_factory: SkipListFactory
2022/02/11-15:32:39.646996 7fd8dabf0340            Options.table_factory: BlockBasedTable
2022/02/11-15:32:39.647088 7fd8dabf0340            table_factory options:   flush_block_policy_factory: FlushBlockBySizePolicyFactory (0x55b88cfde360)
  cache_index_and_filter_blocks: 0
  cache_index_and_filter_blocks_with_high_priority: 1
  pin_l0_filter_and_index_blocks_in_cache: 0
  pin_top_level_index_and_filter: 1
  index_type: 0
  data_block_index_type: 0
  index_shortening: 1
  data_block_hash_table_util_ratio: 0.750000
  hash_index_allow_collision: 1
  checksum: 1
  no_block_cache: 0
  block_cache: 0x55b88ce5ade0
  block_cache_name: LRUCache
  block_cache_options:
    capacity : 8388608
    num_shard_bits : 4
    strict_capacity_limit : 0
    memory_allocator : None
    high_pri_pool_ratio: 0.000
  block_cache_compressed: (nil)
  persistent_cache: (nil)
  block_size: 4096
  block_size_deviation: 10
  block_restart_interval: 16
  index_block_restart_interval: 1
  metadata_block_size: 4096
  partition_filters: 0
  use_delta_encoding: 1
  filter_policy: nullptr
  whole_key_filtering: 1
  verify_compression: 0
  read_amp_bytes_per_bit: 0
  format_version: 5
  enable_index_compression: 1
  block_align: 0
2022/02/11-15:32:39.647094 7fd8dabf0340        Options.write_buffer_size: 67108864
2022/02/11-15:32:39.647141 7fd8dabf0340  Options.max_write_buffer_number: 2
2022/02/11-15:32:39.647146 7fd8dabf0340          Options.compression: Snappy
2022/02/11-15:32:39.647148 7fd8dabf0340                  Options.bottommost_compression: Disabled
2022/02/11-15:32:39.647149 7fd8dabf0340       Options.prefix_extractor: nullptr
2022/02/11-15:32:39.647151 7fd8dabf0340   Options.memtable_insert_with_hint_prefix_extractor: nullptr
2022/02/11-15:32:39.647152 7fd8dabf0340             Options.num_levels: 7
2022/02/11-15:32:39.647154 7fd8dabf0340        Options.min_write_buffer_number_to_merge: 1
2022/02/11-15:32:39.647155 7fd8dabf0340     Options.max_write_buffer_number_to_maintain: 0
2022/02/11-15:32:39.647157 7fd8dabf0340     Options.max_write_buffer_size_to_maintain: 0
2022/02/11-15:32:39.647158 7fd8dabf0340            Options.bottommost_compression_opts.window_bits: -14
2022/02/11-15:32:39.647160 7fd8dabf0340                  Options.bottommost_compression_opts.level: 32767
2022/02/11-15:32:39.647161 7fd8dabf0340               Options.bottommost_compression_opts.strategy: 0
2022/02/11-15:32:39.647162 7fd8dabf0340         Options.bottommost_compression_opts.max_dict_bytes: 0
2022/02/11-15:32:39.647164 7fd8dabf0340         Options.bottommost_compression_opts.zstd_max_train_bytes: 0
2022/02/11-15:32:39.647165 7fd8dabf0340         Options.bottommost_compression_opts.parallel_threads: 1
2022/02/11-15:32:39.647167 7fd8dabf0340                  Options.bottommost_compression_opts.enabled: false
2022/02/11-15:32:39.647168 7fd8dabf0340         Options.bottommost_compression_opts.max_dict_buffer_bytes: 0
2022/02/11-15:32:39.647170 7fd8dabf0340            Options.compression_opts.window_bits: -14
2022/02/11-15:32:39.647171 7fd8dabf0340                  Options.compression_opts.level: 32767
2022/02/11-15:32:39.647173 7fd8dabf0340               Options.compression_opts.strategy: 0
2022/02/11-15:32:39.647174 7fd8dabf0340         Options.compression_opts.max_dict_bytes: 0
2022/02/11-15:32:39.647176 7fd8dabf0340         Options.compression_opts.zstd_max_train_bytes: 0
2022/02/11-15:32:39.647177 7fd8dabf0340         Options.compression_opts.parallel_threads: 1
2022/02/11-15:32:39.647178 7fd8dabf0340                  Options.compression_opts.enabled: false
2022/02/11-15:32:39.647180 7fd8dabf0340         Options.compression_opts.max_dict_buffer_bytes: 0
2022/02/11-15:32:39.647181 7fd8dabf0340      Options.level0_file_num_compaction_trigger: 4
2022/02/11-15:32:39.647182 7fd8dabf0340          Options.level0_slowdown_writes_trigger: 20
2022/02/11-15:32:39.647184 7fd8dabf0340              Options.level0_stop_writes_trigger: 36
2022/02/11-15:32:39.647185 7fd8dabf0340                   Options.target_file_size_base: 67108864
2022/02/11-15:32:39.647187 7fd8dabf0340             Options.target_file_size_multiplier: 1
2022/02/11-15:32:39.647188 7fd8dabf0340                Options.max_bytes_for_level_base: 268435456
2022/02/11-15:32:39.647189 7fd8dabf0340 Options.level_compaction_dynamic_level_bytes: 0
2022/02/11-15:32:39.647191 7fd8dabf0340          Options.max_bytes_for_level_multiplier: 10.000000
2022/02/11-15:32:39.647194 7fd8dabf0340 Options.max_bytes_for_level_multiplier_addtl[0]: 1
2022/02/11-15:32:39.647196 7fd8dabf0340 Options.max_bytes_for_level_multiplier_addtl[1]: 1
2022/02/11-15:32:39.647197 7fd8dabf0340 Options.max_bytes_for_level_multiplier_addtl[2]: 1
2022/02/11-15:32:39.647198 7fd8dabf0340 Options.max_bytes_for_level_multiplier_addtl[3]: 1
2022/02/11-15:32:39.647200 7fd8dabf0340 Options.max_bytes_for_level_multiplier_addtl[4]: 1
2022/02/11-15:32:39.647201 7fd8dabf0340 Options.max_bytes_for_level_multiplier_addtl[5]: 1
2022/02/11-15:32:39.647202 7fd8dabf0340 Options.max_bytes_for_level_multiplier_addtl[6]: 1
2022/02/11-15:32:39.647204 7fd8dabf0340       Options.max_sequential_skip_in_iterations: 8
2022/02/11-15:32:39.647205 7fd8dabf0340                    Options.max_compaction_bytes: 1677721600
2022/02/11-15:32:39.647207 7fd8dabf0340                        Options.arena_block_size: 8388608
2022/02/11-15:32:39.647208 7fd8dabf0340   Options.soft_pending_compaction_bytes_limit: 68719476736
2022/02/11-15:32:39.647251 7fd8dabf0340   Options.hard_pending_compaction_bytes_limit: 274877906944
2022/02/11-15:32:39.647256 7fd8dabf0340       Options.rate_limit_delay_max_milliseconds: 100
2022/02/11-15:32:39.647259 7fd8dabf0340                Options.disable_auto_compactions: 0
2022/02/11-15:32:39.647262 7fd8dabf0340                        Options.compaction_style: kCompactionStyleLevel
2022/02/11-15:32:39.647264 7fd8dabf0340                          Options.compaction_pri: kMinOverlappingRatio
2022/02/11-15:32:39.647266 7fd8dabf0340 Options.compaction_options_universal.size_ratio: 1
2022/02/11-15:32:39.647268 7fd8dabf0340 Options.compaction_options_universal.min_merge_width: 2
2022/02/11-15:32:39.647269 7fd8dabf0340 Options.compaction_options_universal.max_merge_width: 4294967295
2022/02/11-15:32:39.647271 7fd8dabf0340 Options.compaction_options_universal.max_size_amplification_percent: 200
2022/02/11-15:32:39.647272 7fd8dabf0340 Options.compaction_options_universal.compression_size_percent: -1
2022/02/11-15:32:39.647275 7fd8dabf0340 Options.compaction_options_universal.stop_style: kCompactionStopStyleTotalSize
2022/02/11-15:32:39.647277 7fd8dabf0340 Options.compaction_options_fifo.max_table_files_size: 1073741824
2022/02/11-15:32:39.647278 7fd8dabf0340 Options.compaction_options_fifo.allow_compaction: 0
2022/02/11-15:32:39.647282 7fd8dabf0340                   Options.table_properties_collectors: 
2022/02/11-15:32:39.647284 7fd8dabf0340                   Options.inplace_update_support: 0
2022/02/11-15:32:39.647285 7fd8dabf0340                 Options.inplace_update_num_locks: 10000
2022/02/11-15:32:39.647287 7fd8dabf0340               Options.memtable_prefix_bloom_size_ratio: 0.000000
2022/02/11-15:32:39.647289 7fd8dabf0340               Options.memtable_whole_key_filtering: 0
2022/02/11-15:32:39.647290 7fd8dabf0340   Options.memtable_huge_page_size: 0
2022/02/11-15:32:39.647292 7fd8dabf0340                           Options.bloom_locality: 0
2022/02/11-15:32:39.647293 7fd8dabf0340                    Options.max_successive_merges: 0
2022/02/11-15:32:39.647295 7fd8dabf0340                Options.optimize_filters_for_hits: 0
2022/02/11-15:32:39.647296 7fd8dabf0340                Options.paranoid_file_checks: 0
2022/02/11-15:32:39.647297 7fd8dabf0340                Options.force_consistency_checks: 1
2022/02/11-15:32:39.647299 7fd8dabf0340                Options.report_bg_io_stats: 0
2022/02/11-15:32:39.647300 7fd8dabf0340                               Options.ttl: 2592000
2022/02/11-15:32:39.647302 7fd8dabf0340          Options.periodic_compaction_seconds: 0
2022/02/11-15:32:39.647303 7fd8dabf0340                    Options.enable_blob_files: false
2022/02/11-15:32:39.647304 7fd8dabf0340                        Options.min_blob_size: 0
2022/02/11-15:32:39.647306 7fd8dabf0340                       Options.blob_file_size: 268435456
2022/02/11-15:32:39.647307 7fd8dabf0340                Options.blob_compression_type: NoCompression
2022/02/11-15:32:39.647309 7fd8dabf0340       Options.enable_blob_garbage_collection: false
2022/02/11-15:32:39.647310 7fd8dabf0340   Options.blob_garbage_collection_age_cutoff: 0.250000
2022/02/11-15:32:39.647504 7fd8dabf0340 [db/column_family.cc:596] --------------- Options for column family [certificates]:
2022/02/11-15:32:39.647509 7fd8dabf0340               Options.comparator: leveldb.BytewiseComparator
2022/02/11-15:32:39.647512 7fd8dabf0340           Options.merge_operator: None
2022/02/11-15:32:39.647514 7fd8dabf0340        Options.compaction_filter: None
2022/02/11-15:32:39.647517 7fd8dabf0340        Options.compaction_filter_factory: None
2022/02/11-15:32:39.647518 7fd8dabf0340  Options.sst_partitioner_factory: None
2022/02/11-15:32:39.647520 7fd8dabf0340         Options.memtable_factory: SkipListFactory
2022/02/11-15:32:39.647521 7fd8dabf0340            Options.table_factory: BlockBasedTable
2022/02/11-15:32:39.647836 7fd8dabf0340            table_factory options:   flush_block_policy_factory: FlushBlockBySizePolicyFactory (0x55b88cf3aea0)
  cache_index_and_filter_blocks: 0
  cache_index_and_filter_blocks_with_high_priority: 1
  pin_l0_filter_and_index_blocks_in_cache: 0
  pin_top_level_index_and_filter: 1
  index_type: 0
  data_block_index_type: 0
  index_shortening: 1
  data_block_hash_table_util_ratio: 0.750000
  hash_index_allow_collision: 1
  checksum: 1
  no_block_cache: 0
  block_cache: 0x55b88cfde510
  block_cache_name: LRUCache
  block_cache_options:
    capacity : 8388608
    num_shard_bits : 4
    strict_capacity_limit : 0
    memory_allocator : None
    high_pri_pool_ratio: 0.000
  block_cache_compressed: (nil)
  persistent_cache: (nil)
  block_size: 4096
  block_size_deviation: 10
  block_restart_interval: 16
  index_block_restart_interval: 1
  metadata_block_size: 4096
  partition_filters: 0
  use_delta_encoding: 1
  filter_policy: nullptr
  whole_key_filtering: 1
  verify_compression: 0
  read_amp_bytes_per_bit: 0
  format_version: 5
  enable_index_compression: 1
  block_align: 0
2022/02/11-15:32:39.647895 7fd8dabf0340        Options.write_buffer_size: 67108864
2022/02/11-15:32:39.647900 7fd8dabf0340  Options.max_write_buffer_number: 2
2022/02/11-15:32:39.647902 7fd8dabf0340          Options.compression: Snappy
2022/02/11-15:32:39.647904 7fd8dabf0340                  Options.bottommost_compression: Disabled
2022/02/11-15:32:39.647906 7fd8dabf0340       Options.prefix_extractor: nullptr
2022/02/11-15:32:39.647908 7fd8dabf0340   Options.memtable_insert_with_hint_prefix_extractor: nullptr
2022/02/11-15:32:39.647910 7fd8dabf0340             Options.num_levels: 7
2022/02/11-15:32:39.647911 7fd8dabf0340        Options.min_write_buffer_number_to_merge: 1
2022/02/11-15:32:39.647913 7fd8dabf0340     Options.max_write_buffer_number_to_maintain: 0
2022/02/11-15:32:39.647914 7fd8dabf0340     Options.max_write_buffer_size_to_maintain: 0
2022/02/11-15:32:39.647915 7fd8dabf0340            Options.bottommost_compression_opts.window_bits: -14
2022/02/11-15:32:39.647917 7fd8dabf0340                  Options.bottommost_compression_opts.level: 32767
2022/02/11-15:32:39.647918 7fd8dabf0340               Options.bottommost_compression_opts.strategy: 0
2022/02/11-15:32:39.647920 7fd8dabf0340         Options.bottommost_compression_opts.max_dict_bytes: 0
2022/02/11-15:32:39.647921 7fd8dabf0340         Options.bottommost_compression_opts.zstd_max_train_bytes: 0
2022/02/11-15:32:39.647923 7fd8dabf0340         Options.bottommost_compression_opts.parallel_threads: 1
2022/02/11-15:32:39.647924 7fd8dabf0340                  Options.bottommost_compression_opts.enabled: false
2022/02/11-15:32:39.647926 7fd8dabf0340         Options.bottommost_compression_opts.max_dict_buffer_bytes: 0
2022/02/11-15:32:39.647928 7fd8dabf0340            Options.compression_opts.window_bits: -14
2022/02/11-15:32:39.647929 7fd8dabf0340                  Options.compression_opts.level: 32767
2022/02/11-15:32:39.647930 7fd8dabf0340               Options.compression_opts.strategy: 0
2022/02/11-15:32:39.647932 7fd8dabf0340         Options.compression_opts.max_dict_bytes: 0
2022/02/11-15:32:39.647933 7fd8dabf0340         Options.compression_opts.zstd_max_train_bytes: 0
2022/02/11-15:32:39.647935 7fd8dabf0340         Options.compression_opts.parallel_threads: 1
2022/02/11-15:32:39.647936 7fd8dabf0340                  Options.compression_opts.enabled: false
2022/02/11-15:32:39.647938 7fd8dabf0340         Options.compression_opts.max_dict_buffer_bytes: 0
2022/02/11-15:32:39.647939 7fd8dabf0340      Options.level0_file_num_compaction_trigger: 4
2022/02/11-15:32:39.647941 7fd8dabf0340          Options.level0_slowdown_writes_trigger: 20
2022/02/11-15:32:39.647942 7fd8dabf0340              Options.level0_stop_writes_trigger: 36
2022/02/11-15:32:39.647944 7fd8dabf0340                   Options.target_file_size_base: 67108864
2022/02/11-15:32:39.647945 7fd8dabf0340             Options.target_file_size_multiplier: 1
2022/02/11-15:32:39.647947 7fd8dabf0340                Options.max_bytes_for_level_base: 268435456
2022/02/11-15:32:39.647948 7fd8dabf0340 Options.level_compaction_dynamic_level_bytes: 0
2022/02/11-15:32:39.647991 7fd8dabf0340          Options.max_bytes_for_level_multiplier: 10.000000
2022/02/11-15:32:39.647997 7fd8dabf0340 Options.max_bytes_for_level_multiplier_addtl[0]: 1
2022/02/11-15:32:39.648000 7fd8dabf0340 Options.max_bytes_for_level_multiplier_addtl[1]: 1
2022/02/11-15:32:39.648003 7fd8dabf0340 Options.max_bytes_for_level_multiplier_addtl[2]: 1
2022/02/11-15:32:39.648005 7fd8dabf0340 Options.max_bytes_for_level_multiplier_addtl[3]: 1
2022/02/11-15:32:39.648006 7fd8dabf0340 Options.max_bytes_for_level_multiplier_addtl[4]: 1
2022/02/11-15:32:39.648007 7fd8dabf0340 Options.max_bytes_for_level_multiplier_addtl[5]: 1
2022/02/11-15:32:39.648009 7fd8dabf0340 Options.max_bytes_for_level_multiplier_addtl[6]: 1
2022/02/11-15:32:39.648010 7fd8dabf0340       Options.max_sequential_skip_in_iterations: 8
2022/02/11-15:32:39.648012 7fd8dabf0340                    Options.max_compaction_bytes: 1677721600
2022/02/11-15:32:39.648014 7fd8dabf0340                        Options.arena_block_size: 8388608
2022/02/11-15:32:39.648015 7fd8dabf0340   Options.soft_pending_compaction_bytes_limit: 68719476736
2022/02/11-15:32:39.648017 7fd8dabf0340   Options.hard_pending_compaction_bytes_limit: 274877906944
2022/02/11-15:32:39.648019 7fd8dabf0340       Options.rate_limit_delay_max_milliseconds: 100
2022/02/11-15:32:39.648021 7fd8dabf0340                Options.disable_auto_compactions: 0
2022/02/11-15:32:39.648023 7fd8dabf0340                        Options.compaction_style: kCompactionStyleLevel
2022/02/11-15:32:39.648025 7fd8dabf0340                          Options.compaction_pri: kMinOverlappingRatio
2022/02/11-15:32:39.648027 7fd8dabf0340 Options.compaction_options_universal.size_ratio: 1
2022/02/11-15:32:39.648028 7fd8dabf0340 Options.compaction_options_universal.min_merge_width: 2
2022/02/11-15:32:39.648030 7fd8dabf0340 Options.compaction_options_universal.max_merge_width: 4294967295
2022/02/11-15:32:39.648031 7fd8dabf0340 Options.compaction_options_universal.max_size_amplification_percent: 200
2022/02/11-15:32:39.648033 7fd8dabf0340 Options.compaction_options_universal.compression_size_percent: -1
2022/02/11-15:32:39.648034 7fd8dabf0340 Options.compaction_options_universal.stop_style: kCompactionStopStyleTotalSize
2022/02/11-15:32:39.648036 7fd8dabf0340 Options.compaction_options_fifo.max_table_files_size: 1073741824
2022/02/11-15:32:39.648038 7fd8dabf0340 Options.compaction_options_fifo.allow_compaction: 0
2022/02/11-15:32:39.648044 7fd8dabf0340                   Options.table_properties_collectors: 
2022/02/11-15:32:39.648046 7fd8dabf0340                   Options.inplace_update_support: 0
2022/02/11-15:32:39.648048 7fd8dabf0340                 Options.inplace_update_num_locks: 10000
2022/02/11-15:32:39.648049 7fd8dabf0340               Options.memtable_prefix_bloom_size_ratio: 0.000000
2022/02/11-15:32:39.648051 7fd8dabf0340               Options.memtable_whole_key_filtering: 0
2022/02/11-15:32:39.648053 7fd8dabf0340   Options.memtable_huge_page_size: 0
2022/02/11-15:32:39.648054 7fd8dabf0340                           Options.bloom_locality: 0
2022/02/11-15:32:39.648056 7fd8dabf0340                    Options.max_successive_merges: 0
2022/02/11-15:32:39.648057 7fd8dabf0340                Options.optimize_filters_for_hits: 0
2022/02/11-15:32:39.648059 7fd8dabf0340                Options.paranoid_file_checks: 0
2022/02/11-15:32:39.648060 7fd8dabf0340                Options.force_consistency_checks: 1
2022/02/11-15:32:39.648062 7fd8dabf0340                Options.report_bg_io_stats: 0
2022/02/11-15:32:39.648063 7fd8dabf0340                               Options.ttl: 2592000
2022/02/11-15:32:39.648065 7fd8dabf0340          Options.periodic_compaction_seconds: 0
2022/02/11-15:32:39.648066 7fd8dabf0340                    Options.enable_blob_files: false
2022/02/11-15:32:39.648068 7fd8dabf0340                        Options.min_blob_size: 0
2022/02/11-15:32:39.648069 7fd8dabf0340                       Options.blob_file_size: 268435456
2022/02/11-15:32:39.648071 7fd8dabf0340                Options.blob_compression_type: NoCompression
2022/02/11-15:32:39.648114 7fd8dabf0340       Options.enable_blob_garbage_collection: false
2022/02/11-15:32:39.648118 7fd8dabf0340   Options.blob_garbage_collection_age_cutoff: 0.250000
2022/02/11-15:32:39.648332 7fd8dabf0340 [db/column_family.cc:596] --------------- Options for column family [object_certs]:
2022/02/11-15:32:39.648338 7fd8dabf0340               Options.comparator: leveldb.BytewiseComparator
2022/02/11-15:32:39.648340 7fd8dabf0340           Options.merge_operator: None
2022/02/11-15:32:39.648342 7fd8dabf0340        Options.compaction_filter: None
2022/02/11-15:32:39.648344 7fd8dabf0340        Options.compaction_filter_factory: None
2022/02/11-15:32:39.648345 7fd8dabf0340  Options.sst_partitioner_factory: None
2022/02/11-15:32:39.648347 7fd8dabf0340         Options.memtable_factory: SkipListFactory
2022/02/11-15:32:39.648348 7fd8dabf0340            Options.table_factory: BlockBasedTable
2022/02/11-15:32:39.648471 7fd8dabf0340            table_factory options:   flush_block_policy_factory: FlushBlockBySizePolicyFactory (0x55b88cdd4510)
  cache_index_and_filter_blocks: 0
  cache_index_and_filter_blocks_with_high_priority: 1
  pin_l0_filter_and_index_blocks_in_cache: 0
  pin_top_level_index_and_filter: 1
  index_type: 0
  data_block_index_type: 0
  index_shortening: 1
  data_block_hash_table_util_ratio: 0.750000
  hash_index_allow_collision: 1
  checksum: 1
  no_block_cache: 0
  block_cache: 0x55b88cf43770
  block_cache_name: LRUCache
  block_cache_options:
    capacity : 8388608
    num_shard_bits : 4
    strict_capacity_limit : 0
    memory_allocator : None
    high_pri_pool_ratio: 0.000
  block_cache_compressed: (nil)
  persistent_cache: (nil)
  block_size: 4096
  block_size_deviation: 10
  block_restart_interval: 16
  index_block_restart_interval: 1
  metadata_block_size: 4096
  partition_filters: 0
  use_delta_encoding: 1
  filter_policy: nullptr
  whole_key_filtering: 1
  verify_compression: 0
  read_amp_bytes_per_bit: 0
  format_version: 5
  enable_index_compression: 1
  block_align: 0
2022/02/11-15:32:39.648509 7fd8dabf0340        Options.write_buffer_size: 67108864
2022/02/11-15:32:39.648513 7fd8dabf0340  Options.max_write_buffer_number: 2
2022/02/11-15:32:39.648515 7fd8dabf0340          Options.compression: Snappy
2022/02/11-15:32:39.648517 7fd8dabf0340                  Options.bottommost_compression: Disabled
2022/02/11-15:32:39.648519 7fd8dabf0340       Options.prefix_extractor: nullptr
2022/02/11-15:32:39.648520 7fd8dabf0340   Options.memtable_insert_with_hint_prefix_extractor: nullptr
2022/02/11-15:32:39.648522 7fd8dabf0340             Options.num_levels: 7
2022/02/11-15:32:39.648523 7fd8dabf0340        Options.min_write_buffer_number_to_merge: 1
2022/02/11-15:32:39.648525 7fd8dabf0340     Options.max_write_buffer_number_to_maintain: 0
2022/02/11-15:32:39.648526 7fd8dabf0340     Options.max_write_buffer_size_to_maintain: 0
2022/02/11-15:32:39.648527 7fd8dabf0340            Options.bottommost_compression_opts.window_bits: -14
