2022/02/11-15:49:24.935154 7fe45ba6f340 RocksDB version: 6.20.3
2022/02/11-15:49:24.935182 7fe45ba6f340 Git sha 8608d75d85f8e1b3b64b73a4fb6d19baec61ba5c
2022/02/11-15:49:24.935185 7fe45ba6f340 Compile date 2021-05-05 20:35:30
2022/02/11-15:49:24.935239 7fe45ba6f340 DB SUMMARY
2022/02/11-15:49:24.935242 7fe45ba6f340 DB Session ID:  VYSE8VCH1AFR6WEA3D9P
2022/02/11-15:49:24.935295 7fe45ba6f340 CURRENT file:  CURRENT
2022/02/11-15:49:24.935297 7fe45ba6f340 IDENTITY file:  IDENTITY
2022/02/11-15:49:24.935302 7fe45ba6f340 MANIFEST file:  MANIFEST-000239 size: 1196 Bytes
2022/02/11-15:49:24.935305 7fe45ba6f340 SST files in ./client_db/k#390debfa89d78e27f26681591dab15d34e147f6a9a91c29c8cd2c367f4f3ba1e dir, Total Num: 2, files: 000226.sst 000236.sst 
2022/02/11-15:49:24.935308 7fe45ba6f340 Write Ahead Log file in ./client_db/k#390debfa89d78e27f26681591dab15d34e147f6a9a91c29c8cd2c367f4f3ba1e: 000240.log size: 830 ; 
2022/02/11-15:49:24.935311 7fe45ba6f340                         Options.error_if_exists: 0
2022/02/11-15:49:24.935313 7fe45ba6f340                       Options.create_if_missing: 1
2022/02/11-15:49:24.935315 7fe45ba6f340                         Options.paranoid_checks: 1
2022/02/11-15:49:24.935316 7fe45ba6f340                               Options.track_and_verify_wals_in_manifest: 0
2022/02/11-15:49:24.935318 7fe45ba6f340                                     Options.env: 0x559ea3661420
2022/02/11-15:49:24.935320 7fe45ba6f340                                      Options.fs: Posix File System
2022/02/11-15:49:24.935322 7fe45ba6f340                                Options.info_log: 0x559ea4addaf0
2022/02/11-15:49:24.935323 7fe45ba6f340                Options.max_file_opening_threads: 16
2022/02/11-15:49:24.935325 7fe45ba6f340                              Options.statistics: (nil)
2022/02/11-15:49:24.935327 7fe45ba6f340                               Options.use_fsync: 0
2022/02/11-15:49:24.935329 7fe45ba6f340                       Options.max_log_file_size: 0
2022/02/11-15:49:24.935330 7fe45ba6f340                  Options.max_manifest_file_size: 1073741824
2022/02/11-15:49:24.935331 7fe45ba6f340                   Options.log_file_time_to_roll: 0
2022/02/11-15:49:24.935333 7fe45ba6f340                       Options.keep_log_file_num: 1000
2022/02/11-15:49:24.935335 7fe45ba6f340                    Options.recycle_log_file_num: 0
2022/02/11-15:49:24.935336 7fe45ba6f340                         Options.allow_fallocate: 1
2022/02/11-15:49:24.935337 7fe45ba6f340                        Options.allow_mmap_reads: 0
2022/02/11-15:49:24.935339 7fe45ba6f340                       Options.allow_mmap_writes: 0
2022/02/11-15:49:24.935340 7fe45ba6f340                        Options.use_direct_reads: 0
2022/02/11-15:49:24.935341 7fe45ba6f340                        Options.use_direct_io_for_flush_and_compaction: 0
2022/02/11-15:49:24.935343 7fe45ba6f340          Options.create_missing_column_families: 1
2022/02/11-15:49:24.935344 7fe45ba6f340                              Options.db_log_dir: 
2022/02/11-15:49:24.935345 7fe45ba6f340                                 Options.wal_dir: ./client_db/k#390debfa89d78e27f26681591dab15d34e147f6a9a91c29c8cd2c367f4f3ba1e
2022/02/11-15:49:24.935347 7fe45ba6f340                Options.table_cache_numshardbits: 6
2022/02/11-15:49:24.935348 7fe45ba6f340                         Options.WAL_ttl_seconds: 0
2022/02/11-15:49:24.935350 7fe45ba6f340                       Options.WAL_size_limit_MB: 0
2022/02/11-15:49:24.935351 7fe45ba6f340                        Options.max_write_batch_group_size_bytes: 1048576
2022/02/11-15:49:24.935353 7fe45ba6f340             Options.manifest_preallocation_size: 4194304
2022/02/11-15:49:24.935354 7fe45ba6f340                     Options.is_fd_close_on_exec: 1
2022/02/11-15:49:24.935355 7fe45ba6f340                   Options.advise_random_on_open: 1
2022/02/11-15:49:24.935357 7fe45ba6f340                    Options.db_write_buffer_size: 0
2022/02/11-15:49:24.935358 7fe45ba6f340                    Options.write_buffer_manager: 0x559ea494fc80
2022/02/11-15:49:24.935360 7fe45ba6f340         Options.access_hint_on_compaction_start: 1
2022/02/11-15:49:24.935361 7fe45ba6f340  Options.new_table_reader_for_compaction_inputs: 0
2022/02/11-15:49:24.935375 7fe45ba6f340           Options.random_access_max_buffer_size: 1048576
2022/02/11-15:49:24.935377 7fe45ba6f340                      Options.use_adaptive_mutex: 0
2022/02/11-15:49:24.935378 7fe45ba6f340                            Options.rate_limiter: (nil)
2022/02/11-15:49:24.935380 7fe45ba6f340     Options.sst_file_manager.rate_bytes_per_sec: 0
2022/02/11-15:49:24.935382 7fe45ba6f340                       Options.wal_recovery_mode: 2
2022/02/11-15:49:24.935383 7fe45ba6f340                  Options.enable_thread_tracking: 0
2022/02/11-15:49:24.935385 7fe45ba6f340                  Options.enable_pipelined_write: 0
2022/02/11-15:49:24.935386 7fe45ba6f340                  Options.unordered_write: 0
2022/02/11-15:49:24.935387 7fe45ba6f340         Options.allow_concurrent_memtable_write: 1
2022/02/11-15:49:24.935389 7fe45ba6f340      Options.enable_write_thread_adaptive_yield: 1
2022/02/11-15:49:24.935390 7fe45ba6f340             Options.write_thread_max_yield_usec: 100
2022/02/11-15:49:24.935392 7fe45ba6f340            Options.write_thread_slow_yield_usec: 3
2022/02/11-15:49:24.935393 7fe45ba6f340                               Options.row_cache: None
2022/02/11-15:49:24.935394 7fe45ba6f340                              Options.wal_filter: None
2022/02/11-15:49:24.935396 7fe45ba6f340             Options.avoid_flush_during_recovery: 0
2022/02/11-15:49:24.935397 7fe45ba6f340             Options.allow_ingest_behind: 0
2022/02/11-15:49:24.935399 7fe45ba6f340             Options.preserve_deletes: 0
2022/02/11-15:49:24.935400 7fe45ba6f340             Options.two_write_queues: 0
2022/02/11-15:49:24.935401 7fe45ba6f340             Options.manual_wal_flush: 0
2022/02/11-15:49:24.935403 7fe45ba6f340             Options.atomic_flush: 0
2022/02/11-15:49:24.935404 7fe45ba6f340             Options.avoid_unnecessary_blocking_io: 0
2022/02/11-15:49:24.935405 7fe45ba6f340                 Options.persist_stats_to_disk: 0
2022/02/11-15:49:24.935407 7fe45ba6f340                 Options.write_dbid_to_manifest: 0
2022/02/11-15:49:24.935408 7fe45ba6f340                 Options.log_readahead_size: 0
2022/02/11-15:49:24.935410 7fe45ba6f340                 Options.file_checksum_gen_factory: Unknown
2022/02/11-15:49:24.935411 7fe45ba6f340                 Options.best_efforts_recovery: 0
2022/02/11-15:49:24.935412 7fe45ba6f340                Options.max_bgerror_resume_count: 2147483647
2022/02/11-15:49:24.935414 7fe45ba6f340            Options.bgerror_resume_retry_interval: 1000000
2022/02/11-15:49:24.935415 7fe45ba6f340             Options.allow_data_in_errors: 0
2022/02/11-15:49:24.935417 7fe45ba6f340             Options.db_host_id: __hostname__
2022/02/11-15:49:24.935418 7fe45ba6f340             Options.max_background_jobs: 2
2022/02/11-15:49:24.935419 7fe45ba6f340             Options.max_background_compactions: -1
2022/02/11-15:49:24.935421 7fe45ba6f340             Options.max_subcompactions: 1
2022/02/11-15:49:24.935422 7fe45ba6f340             Options.avoid_flush_during_shutdown: 0
2022/02/11-15:49:24.935423 7fe45ba6f340           Options.writable_file_max_buffer_size: 1048576
2022/02/11-15:49:24.935425 7fe45ba6f340             Options.delayed_write_rate : 16777216
2022/02/11-15:49:24.935426 7fe45ba6f340             Options.max_total_wal_size: 0
2022/02/11-15:49:24.935428 7fe45ba6f340             Options.delete_obsolete_files_period_micros: 21600000000
2022/02/11-15:49:24.935429 7fe45ba6f340                   Options.stats_dump_period_sec: 600
2022/02/11-15:49:24.935431 7fe45ba6f340                 Options.stats_persist_period_sec: 600
2022/02/11-15:49:24.935432 7fe45ba6f340                 Options.stats_history_buffer_size: 1048576
2022/02/11-15:49:24.935434 7fe45ba6f340                          Options.max_open_files: -1
2022/02/11-15:49:24.935435 7fe45ba6f340                          Options.bytes_per_sync: 0
2022/02/11-15:49:24.935436 7fe45ba6f340                      Options.wal_bytes_per_sync: 0
2022/02/11-15:49:24.935438 7fe45ba6f340                   Options.strict_bytes_per_sync: 0
2022/02/11-15:49:24.935447 7fe45ba6f340       Options.compaction_readahead_size: 0
2022/02/11-15:49:24.935449 7fe45ba6f340                  Options.max_background_flushes: -1
2022/02/11-15:49:24.935451 7fe45ba6f340 Compression algorithms supported:
2022/02/11-15:49:24.935452 7fe45ba6f340 	kZSTDNotFinalCompression supported: 1
2022/02/11-15:49:24.935455 7fe45ba6f340 	kZSTD supported: 1
2022/02/11-15:49:24.935456 7fe45ba6f340 	kXpressCompression supported: 0
2022/02/11-15:49:24.935458 7fe45ba6f340 	kLZ4HCCompression supported: 1
2022/02/11-15:49:24.935460 7fe45ba6f340 	kLZ4Compression supported: 1
2022/02/11-15:49:24.935461 7fe45ba6f340 	kBZip2Compression supported: 1
2022/02/11-15:49:24.935463 7fe45ba6f340 	kZlibCompression supported: 1
2022/02/11-15:49:24.935464 7fe45ba6f340 	kSnappyCompression supported: 1
2022/02/11-15:49:24.935467 7fe45ba6f340 Fast CRC32 supported: Not supported on x86
2022/02/11-15:49:24.935623 7fe45ba6f340 [db/version_set.cc:4626] Recovering from manifest file: ./client_db/k#390debfa89d78e27f26681591dab15d34e147f6a9a91c29c8cd2c367f4f3ba1e/MANIFEST-000239
2022/02/11-15:49:24.935784 7fe45ba6f340 [db/column_family.cc:596] --------------- Options for column family [default]:
2022/02/11-15:49:24.935788 7fe45ba6f340               Options.comparator: leveldb.BytewiseComparator
2022/02/11-15:49:24.935790 7fe45ba6f340           Options.merge_operator: None
2022/02/11-15:49:24.935792 7fe45ba6f340        Options.compaction_filter: None
2022/02/11-15:49:24.935794 7fe45ba6f340        Options.compaction_filter_factory: None
2022/02/11-15:49:24.935795 7fe45ba6f340  Options.sst_partitioner_factory: None
2022/02/11-15:49:24.935796 7fe45ba6f340         Options.memtable_factory: SkipListFactory
2022/02/11-15:49:24.935798 7fe45ba6f340            Options.table_factory: BlockBasedTable
2022/02/11-15:49:24.935842 7fe45ba6f340            table_factory options:   flush_block_policy_factory: FlushBlockBySizePolicyFactory (0x559ea484f3e0)
  cache_index_and_filter_blocks: 0
  cache_index_and_filter_blocks_with_high_priority: 1
  pin_l0_filter_and_index_blocks_in_cache: 0
  pin_top_level_index_and_filter: 1
  index_type: 0
  data_block_index_type: 0
  index_shortening: 1
  data_block_hash_table_util_ratio: 0.750000
  hash_index_allow_collision: 1
  checksum: 1
  no_block_cache: 0
  block_cache: 0x559ea4a54c60
  block_cache_name: LRUCache
  block_cache_options:
    capacity : 8388608
    num_shard_bits : 4
    strict_capacity_limit : 0
    memory_allocator : None
    high_pri_pool_ratio: 0.000
  block_cache_compressed: (nil)
  persistent_cache: (nil)
  block_size: 4096
  block_size_deviation: 10
  block_restart_interval: 16
  index_block_restart_interval: 1
  metadata_block_size: 4096
  partition_filters: 0
  use_delta_encoding: 1
  filter_policy: nullptr
  whole_key_filtering: 1
  verify_compression: 0
  read_amp_bytes_per_bit: 0
  format_version: 5
  enable_index_compression: 1
  block_align: 0
2022/02/11-15:49:24.935845 7fe45ba6f340        Options.write_buffer_size: 67108864
2022/02/11-15:49:24.935847 7fe45ba6f340  Options.max_write_buffer_number: 2
2022/02/11-15:49:24.935848 7fe45ba6f340          Options.compression: Snappy
2022/02/11-15:49:24.935850 7fe45ba6f340                  Options.bottommost_compression: Disabled
2022/02/11-15:49:24.935851 7fe45ba6f340       Options.prefix_extractor: nullptr
2022/02/11-15:49:24.935853 7fe45ba6f340   Options.memtable_insert_with_hint_prefix_extractor: nullptr
2022/02/11-15:49:24.935854 7fe45ba6f340             Options.num_levels: 7
2022/02/11-15:49:24.935856 7fe45ba6f340        Options.min_write_buffer_number_to_merge: 1
2022/02/11-15:49:24.935857 7fe45ba6f340     Options.max_write_buffer_number_to_maintain: 0
2022/02/11-15:49:24.935858 7fe45ba6f340     Options.max_write_buffer_size_to_maintain: 0
2022/02/11-15:49:24.935860 7fe45ba6f340            Options.bottommost_compression_opts.window_bits: -14
2022/02/11-15:49:24.935861 7fe45ba6f340                  Options.bottommost_compression_opts.level: 32767
2022/02/11-15:49:24.935863 7fe45ba6f340               Options.bottommost_compression_opts.strategy: 0
2022/02/11-15:49:24.935879 7fe45ba6f340         Options.bottommost_compression_opts.max_dict_bytes: 0
2022/02/11-15:49:24.935882 7fe45ba6f340         Options.bottommost_compression_opts.zstd_max_train_bytes: 0
2022/02/11-15:49:24.935883 7fe45ba6f340         Options.bottommost_compression_opts.parallel_threads: 1
2022/02/11-15:49:24.935884 7fe45ba6f340                  Options.bottommost_compression_opts.enabled: false
2022/02/11-15:49:24.935886 7fe45ba6f340         Options.bottommost_compression_opts.max_dict_buffer_bytes: 0
2022/02/11-15:49:24.935887 7fe45ba6f340            Options.compression_opts.window_bits: -14
2022/02/11-15:49:24.935889 7fe45ba6f340                  Options.compression_opts.level: 32767
2022/02/11-15:49:24.935890 7fe45ba6f340               Options.compression_opts.strategy: 0
2022/02/11-15:49:24.935891 7fe45ba6f340         Options.compression_opts.max_dict_bytes: 0
2022/02/11-15:49:24.935893 7fe45ba6f340         Options.compression_opts.zstd_max_train_bytes: 0
2022/02/11-15:49:24.935894 7fe45ba6f340         Options.compression_opts.parallel_threads: 1
2022/02/11-15:49:24.935895 7fe45ba6f340                  Options.compression_opts.enabled: false
2022/02/11-15:49:24.935897 7fe45ba6f340         Options.compression_opts.max_dict_buffer_bytes: 0
2022/02/11-15:49:24.935898 7fe45ba6f340      Options.level0_file_num_compaction_trigger: 4
2022/02/11-15:49:24.935899 7fe45ba6f340          Options.level0_slowdown_writes_trigger: 20
2022/02/11-15:49:24.935901 7fe45ba6f340              Options.level0_stop_writes_trigger: 36
2022/02/11-15:49:24.935902 7fe45ba6f340                   Options.target_file_size_base: 67108864
2022/02/11-15:49:24.935904 7fe45ba6f340             Options.target_file_size_multiplier: 1
2022/02/11-15:49:24.935905 7fe45ba6f340                Options.max_bytes_for_level_base: 268435456
2022/02/11-15:49:24.935906 7fe45ba6f340 Options.level_compaction_dynamic_level_bytes: 0
2022/02/11-15:49:24.935908 7fe45ba6f340          Options.max_bytes_for_level_multiplier: 10.000000
2022/02/11-15:49:24.935912 7fe45ba6f340 Options.max_bytes_for_level_multiplier_addtl[0]: 1
2022/02/11-15:49:24.935914 7fe45ba6f340 Options.max_bytes_for_level_multiplier_addtl[1]: 1
2022/02/11-15:49:24.935916 7fe45ba6f340 Options.max_bytes_for_level_multiplier_addtl[2]: 1
2022/02/11-15:49:24.935917 7fe45ba6f340 Options.max_bytes_for_level_multiplier_addtl[3]: 1
2022/02/11-15:49:24.935919 7fe45ba6f340 Options.max_bytes_for_level_multiplier_addtl[4]: 1
2022/02/11-15:49:24.935920 7fe45ba6f340 Options.max_bytes_for_level_multiplier_addtl[5]: 1
2022/02/11-15:49:24.935921 7fe45ba6f340 Options.max_bytes_for_level_multiplier_addtl[6]: 1
2022/02/11-15:49:24.935923 7fe45ba6f340       Options.max_sequential_skip_in_iterations: 8
2022/02/11-15:49:24.935924 7fe45ba6f340                    Options.max_compaction_bytes: 1677721600
2022/02/11-15:49:24.935925 7fe45ba6f340                        Options.arena_block_size: 8388608
2022/02/11-15:49:24.935927 7fe45ba6f340   Options.soft_pending_compaction_bytes_limit: 68719476736
2022/02/11-15:49:24.935928 7fe45ba6f340   Options.hard_pending_compaction_bytes_limit: 274877906944
2022/02/11-15:49:24.935930 7fe45ba6f340       Options.rate_limit_delay_max_milliseconds: 100
2022/02/11-15:49:24.935931 7fe45ba6f340                Options.disable_auto_compactions: 0
2022/02/11-15:49:24.935934 7fe45ba6f340                        Options.compaction_style: kCompactionStyleLevel
2022/02/11-15:49:24.935936 7fe45ba6f340                          Options.compaction_pri: kMinOverlappingRatio
2022/02/11-15:49:24.935937 7fe45ba6f340 Options.compaction_options_universal.size_ratio: 1
2022/02/11-15:49:24.935939 7fe45ba6f340 Options.compaction_options_universal.min_merge_width: 2
2022/02/11-15:49:24.935940 7fe45ba6f340 Options.compaction_options_universal.max_merge_width: 4294967295
2022/02/11-15:49:24.935941 7fe45ba6f340 Options.compaction_options_universal.max_size_amplification_percent: 200
2022/02/11-15:49:24.935943 7fe45ba6f340 Options.compaction_options_universal.compression_size_percent: -1
2022/02/11-15:49:24.935952 7fe45ba6f340 Options.compaction_options_universal.stop_style: kCompactionStopStyleTotalSize
2022/02/11-15:49:24.935954 7fe45ba6f340 Options.compaction_options_fifo.max_table_files_size: 1073741824
2022/02/11-15:49:24.935956 7fe45ba6f340 Options.compaction_options_fifo.allow_compaction: 0
2022/02/11-15:49:24.935969 7fe45ba6f340                   Options.table_properties_collectors: 
2022/02/11-15:49:24.935971 7fe45ba6f340                   Options.inplace_update_support: 0
2022/02/11-15:49:24.935973 7fe45ba6f340                 Options.inplace_update_num_locks: 10000
2022/02/11-15:49:24.935974 7fe45ba6f340               Options.memtable_prefix_bloom_size_ratio: 0.000000
2022/02/11-15:49:24.935976 7fe45ba6f340               Options.memtable_whole_key_filtering: 0
2022/02/11-15:49:24.935977 7fe45ba6f340   Options.memtable_huge_page_size: 0
2022/02/11-15:49:24.935979 7fe45ba6f340                           Options.bloom_locality: 0
2022/02/11-15:49:24.935980 7fe45ba6f340                    Options.max_successive_merges: 0
2022/02/11-15:49:24.935981 7fe45ba6f340                Options.optimize_filters_for_hits: 0
2022/02/11-15:49:24.935983 7fe45ba6f340                Options.paranoid_file_checks: 0
2022/02/11-15:49:24.935984 7fe45ba6f340                Options.force_consistency_checks: 1
2022/02/11-15:49:24.935985 7fe45ba6f340                Options.report_bg_io_stats: 0
2022/02/11-15:49:24.935987 7fe45ba6f340                               Options.ttl: 2592000
2022/02/11-15:49:24.935988 7fe45ba6f340          Options.periodic_compaction_seconds: 0
2022/02/11-15:49:24.935990 7fe45ba6f340                    Options.enable_blob_files: false
2022/02/11-15:49:24.935991 7fe45ba6f340                        Options.min_blob_size: 0
2022/02/11-15:49:24.935992 7fe45ba6f340                       Options.blob_file_size: 268435456
2022/02/11-15:49:24.935994 7fe45ba6f340                Options.blob_compression_type: NoCompression
2022/02/11-15:49:24.935995 7fe45ba6f340       Options.enable_blob_garbage_collection: false
2022/02/11-15:49:24.935997 7fe45ba6f340   Options.blob_garbage_collection_age_cutoff: 0.250000
2022/02/11-15:49:24.936063 7fe45ba6f340 [db/column_family.cc:596] --------------- Options for column family [pending_orders]:
2022/02/11-15:49:24.936065 7fe45ba6f340               Options.comparator: leveldb.BytewiseComparator
2022/02/11-15:49:24.936067 7fe45ba6f340           Options.merge_operator: None
2022/02/11-15:49:24.936068 7fe45ba6f340        Options.compaction_filter: None
2022/02/11-15:49:24.936069 7fe45ba6f340        Options.compaction_filter_factory: None
2022/02/11-15:49:24.936071 7fe45ba6f340  Options.sst_partitioner_factory: None
2022/02/11-15:49:24.936072 7fe45ba6f340         Options.memtable_factory: SkipListFactory
2022/02/11-15:49:24.936074 7fe45ba6f340            Options.table_factory: BlockBasedTable
2022/02/11-15:49:24.936101 7fe45ba6f340            table_factory options:   flush_block_policy_factory: FlushBlockBySizePolicyFactory (0x559ea49f92c0)
  cache_index_and_filter_blocks: 0
  cache_index_and_filter_blocks_with_high_priority: 1
  pin_l0_filter_and_index_blocks_in_cache: 0
  pin_top_level_index_and_filter: 1
  index_type: 0
  data_block_index_type: 0
  index_shortening: 1
  data_block_hash_table_util_ratio: 0.750000
  hash_index_allow_collision: 1
  checksum: 1
  no_block_cache: 0
  block_cache: 0x559ea4a4b270
  block_cache_name: LRUCache
  block_cache_options:
    capacity : 8388608
    num_shard_bits : 4
    strict_capacity_limit : 0
    memory_allocator : None
    high_pri_pool_ratio: 0.000
  block_cache_compressed: (nil)
  persistent_cache: (nil)
  block_size: 4096
  block_size_deviation: 10
  block_restart_interval: 16
  index_block_restart_interval: 1
  metadata_block_size: 4096
  partition_filters: 0
  use_delta_encoding: 1
  filter_policy: nullptr
  whole_key_filtering: 1
  verify_compression: 0
  read_amp_bytes_per_bit: 0
  format_version: 5
  enable_index_compression: 1
  block_align: 0
2022/02/11-15:49:24.936104 7fe45ba6f340        Options.write_buffer_size: 67108864
2022/02/11-15:49:24.936114 7fe45ba6f340  Options.max_write_buffer_number: 2
2022/02/11-15:49:24.936117 7fe45ba6f340          Options.compression: Snappy
2022/02/11-15:49:24.936118 7fe45ba6f340                  Options.bottommost_compression: Disabled
2022/02/11-15:49:24.936119 7fe45ba6f340       Options.prefix_extractor: nullptr
2022/02/11-15:49:24.936121 7fe45ba6f340   Options.memtable_insert_with_hint_prefix_extractor: nullptr
2022/02/11-15:49:24.936122 7fe45ba6f340             Options.num_levels: 7
2022/02/11-15:49:24.936123 7fe45ba6f340        Options.min_write_buffer_number_to_merge: 1
2022/02/11-15:49:24.936125 7fe45ba6f340     Options.max_write_buffer_number_to_maintain: 0
2022/02/11-15:49:24.936126 7fe45ba6f340     Options.max_write_buffer_size_to_maintain: 0
2022/02/11-15:49:24.936127 7fe45ba6f340            Options.bottommost_compression_opts.window_bits: -14
2022/02/11-15:49:24.936129 7fe45ba6f340                  Options.bottommost_compression_opts.level: 32767
2022/02/11-15:49:24.936130 7fe45ba6f340               Options.bottommost_compression_opts.strategy: 0
2022/02/11-15:49:24.936132 7fe45ba6f340         Options.bottommost_compression_opts.max_dict_bytes: 0
2022/02/11-15:49:24.936133 7fe45ba6f340         Options.bottommost_compression_opts.zstd_max_train_bytes: 0
2022/02/11-15:49:24.936134 7fe45ba6f340         Options.bottommost_compression_opts.parallel_threads: 1
2022/02/11-15:49:24.936136 7fe45ba6f340                  Options.bottommost_compression_opts.enabled: false
2022/02/11-15:49:24.936137 7fe45ba6f340         Options.bottommost_compression_opts.max_dict_buffer_bytes: 0
2022/02/11-15:49:24.936138 7fe45ba6f340            Options.compression_opts.window_bits: -14
2022/02/11-15:49:24.936140 7fe45ba6f340                  Options.compression_opts.level: 32767
2022/02/11-15:49:24.936141 7fe45ba6f340               Options.compression_opts.strategy: 0
2022/02/11-15:49:24.936143 7fe45ba6f340         Options.compression_opts.max_dict_bytes: 0
2022/02/11-15:49:24.936144 7fe45ba6f340         Options.compression_opts.zstd_max_train_bytes: 0
2022/02/11-15:49:24.936145 7fe45ba6f340         Options.compression_opts.parallel_threads: 1
2022/02/11-15:49:24.936146 7fe45ba6f340                  Options.compression_opts.enabled: false
2022/02/11-15:49:24.936148 7fe45ba6f340         Options.compression_opts.max_dict_buffer_bytes: 0
2022/02/11-15:49:24.936149 7fe45ba6f340      Options.level0_file_num_compaction_trigger: 4
2022/02/11-15:49:24.936151 7fe45ba6f340          Options.level0_slowdown_writes_trigger: 20
2022/02/11-15:49:24.936152 7fe45ba6f340              Options.level0_stop_writes_trigger: 36
2022/02/11-15:49:24.936153 7fe45ba6f340                   Options.target_file_size_base: 67108864
2022/02/11-15:49:24.936155 7fe45ba6f340             Options.target_file_size_multiplier: 1
2022/02/11-15:49:24.936156 7fe45ba6f340                Options.max_bytes_for_level_base: 268435456
2022/02/11-15:49:24.936157 7fe45ba6f340 Options.level_compaction_dynamic_level_bytes: 0
2022/02/11-15:49:24.936159 7fe45ba6f340          Options.max_bytes_for_level_multiplier: 10.000000
2022/02/11-15:49:24.936161 7fe45ba6f340 Options.max_bytes_for_level_multiplier_addtl[0]: 1
2022/02/11-15:49:24.936163 7fe45ba6f340 Options.max_bytes_for_level_multiplier_addtl[1]: 1
2022/02/11-15:49:24.936164 7fe45ba6f340 Options.max_bytes_for_level_multiplier_addtl[2]: 1
2022/02/11-15:49:24.936166 7fe45ba6f340 Options.max_bytes_for_level_multiplier_addtl[3]: 1
2022/02/11-15:49:24.936167 7fe45ba6f340 Options.max_bytes_for_level_multiplier_addtl[4]: 1
2022/02/11-15:49:24.936169 7fe45ba6f340 Options.max_bytes_for_level_multiplier_addtl[5]: 1
2022/02/11-15:49:24.936170 7fe45ba6f340 Options.max_bytes_for_level_multiplier_addtl[6]: 1
2022/02/11-15:49:24.936171 7fe45ba6f340       Options.max_sequential_skip_in_iterations: 8
2022/02/11-15:49:24.936173 7fe45ba6f340                    Options.max_compaction_bytes: 1677721600
2022/02/11-15:49:24.936174 7fe45ba6f340                        Options.arena_block_size: 8388608
2022/02/11-15:49:24.936175 7fe45ba6f340   Options.soft_pending_compaction_bytes_limit: 68719476736
2022/02/11-15:49:24.936184 7fe45ba6f340   Options.hard_pending_compaction_bytes_limit: 274877906944
2022/02/11-15:49:24.936186 7fe45ba6f340       Options.rate_limit_delay_max_milliseconds: 100
2022/02/11-15:49:24.936187 7fe45ba6f340                Options.disable_auto_compactions: 0
2022/02/11-15:49:24.936189 7fe45ba6f340                        Options.compaction_style: kCompactionStyleLevel
2022/02/11-15:49:24.936190 7fe45ba6f340                          Options.compaction_pri: kMinOverlappingRatio
2022/02/11-15:49:24.936192 7fe45ba6f340 Options.compaction_options_universal.size_ratio: 1
2022/02/11-15:49:24.936193 7fe45ba6f340 Options.compaction_options_universal.min_merge_width: 2
2022/02/11-15:49:24.936194 7fe45ba6f340 Options.compaction_options_universal.max_merge_width: 4294967295
2022/02/11-15:49:24.936196 7fe45ba6f340 Options.compaction_options_universal.max_size_amplification_percent: 200
2022/02/11-15:49:24.936197 7fe45ba6f340 Options.compaction_options_universal.compression_size_percent: -1
2022/02/11-15:49:24.936199 7fe45ba6f340 Options.compaction_options_universal.stop_style: kCompactionStopStyleTotalSize
2022/02/11-15:49:24.936200 7fe45ba6f340 Options.compaction_options_fifo.max_table_files_size: 1073741824
2022/02/11-15:49:24.936201 7fe45ba6f340 Options.compaction_options_fifo.allow_compaction: 0
2022/02/11-15:49:24.936204 7fe45ba6f340                   Options.table_properties_collectors: 
2022/02/11-15:49:24.936206 7fe45ba6f340                   Options.inplace_update_support: 0
2022/02/11-15:49:24.936207 7fe45ba6f340                 Options.inplace_update_num_locks: 10000
2022/02/11-15:49:24.936208 7fe45ba6f340               Options.memtable_prefix_bloom_size_ratio: 0.000000
2022/02/11-15:49:24.936210 7fe45ba6f340               Options.memtable_whole_key_filtering: 0
2022/02/11-15:49:24.936212 7fe45ba6f340   Options.memtable_huge_page_size: 0
2022/02/11-15:49:24.936213 7fe45ba6f340                           Options.bloom_locality: 0
2022/02/11-15:49:24.936214 7fe45ba6f340                    Options.max_successive_merges: 0
2022/02/11-15:49:24.936216 7fe45ba6f340                Options.optimize_filters_for_hits: 0
2022/02/11-15:49:24.936217 7fe45ba6f340                Options.paranoid_file_checks: 0
2022/02/11-15:49:24.936218 7fe45ba6f340                Options.force_consistency_checks: 1
2022/02/11-15:49:24.936219 7fe45ba6f340                Options.report_bg_io_stats: 0
2022/02/11-15:49:24.936221 7fe45ba6f340                               Options.ttl: 2592000
2022/02/11-15:49:24.936222 7fe45ba6f340          Options.periodic_compaction_seconds: 0
2022/02/11-15:49:24.936224 7fe45ba6f340                    Options.enable_blob_files: false
2022/02/11-15:49:24.936225 7fe45ba6f340                        Options.min_blob_size: 0
2022/02/11-15:49:24.936226 7fe45ba6f340                       Options.blob_file_size: 268435456
2022/02/11-15:49:24.936228 7fe45ba6f340                Options.blob_compression_type: NoCompression
2022/02/11-15:49:24.936229 7fe45ba6f340       Options.enable_blob_garbage_collection: false
2022/02/11-15:49:24.936231 7fe45ba6f340   Options.blob_garbage_collection_age_cutoff: 0.250000
2022/02/11-15:49:24.936271 7fe45ba6f340 [db/column_family.cc:596] --------------- Options for column family [certificates]:
2022/02/11-15:49:24.936273 7fe45ba6f340               Options.comparator: leveldb.BytewiseComparator
2022/02/11-15:49:24.936274 7fe45ba6f340           Options.merge_operator: None
2022/02/11-15:49:24.936276 7fe45ba6f340        Options.compaction_filter: None
2022/02/11-15:49:24.936277 7fe45ba6f340        Options.compaction_filter_factory: None
2022/02/11-15:49:24.936279 7fe45ba6f340  Options.sst_partitioner_factory: None
2022/02/11-15:49:24.936280 7fe45ba6f340         Options.memtable_factory: SkipListFactory
2022/02/11-15:49:24.936281 7fe45ba6f340            Options.table_factory: BlockBasedTable
2022/02/11-15:49:24.936311 7fe45ba6f340            table_factory options:   flush_block_policy_factory: FlushBlockBySizePolicyFactory (0x559ea49c3ad0)
  cache_index_and_filter_blocks: 0
  cache_index_and_filter_blocks_with_high_priority: 1
  pin_l0_filter_and_index_blocks_in_cache: 0
  pin_top_level_index_and_filter: 1
  index_type: 0
  data_block_index_type: 0
  index_shortening: 1
  data_block_hash_table_util_ratio: 0.750000
  hash_index_allow_collision: 1
  checksum: 1
  no_block_cache: 0
  block_cache: 0x559ea4ae50d0
  block_cache_name: LRUCache
  block_cache_options:
    capacity : 8388608
    num_shard_bits : 4
    strict_capacity_limit : 0
    memory_allocator : None
    high_pri_pool_ratio: 0.000
  block_cache_compressed: (nil)
  persistent_cache: (nil)
  block_size: 4096
  block_size_deviation: 10
  block_restart_interval: 16
  index_block_restart_interval: 1
  metadata_block_size: 4096
  partition_filters: 0
  use_delta_encoding: 1
  filter_policy: nullptr
  whole_key_filtering: 1
  verify_compression: 0
  read_amp_bytes_per_bit: 0
  format_version: 5
  enable_index_compression: 1
  block_align: 0
2022/02/11-15:49:24.936322 7fe45ba6f340        Options.write_buffer_size: 67108864
2022/02/11-15:49:24.936324 7fe45ba6f340  Options.max_write_buffer_number: 2
2022/02/11-15:49:24.936325 7fe45ba6f340          Options.compression: Snappy
2022/02/11-15:49:24.936327 7fe45ba6f340                  Options.bottommost_compression: Disabled
2022/02/11-15:49:24.936328 7fe45ba6f340       Options.prefix_extractor: nullptr
2022/02/11-15:49:24.936329 7fe45ba6f340   Options.memtable_insert_with_hint_prefix_extractor: nullptr
2022/02/11-15:49:24.936331 7fe45ba6f340             Options.num_levels: 7
2022/02/11-15:49:24.936332 7fe45ba6f340        Options.min_write_buffer_number_to_merge: 1
2022/02/11-15:49:24.936334 7fe45ba6f340     Options.max_write_buffer_number_to_maintain: 0
2022/02/11-15:49:24.936335 7fe45ba6f340     Options.max_write_buffer_size_to_maintain: 0
2022/02/11-15:49:24.936336 7fe45ba6f340            Options.bottommost_compression_opts.window_bits: -14
2022/02/11-15:49:24.936337 7fe45ba6f340                  Options.bottommost_compression_opts.level: 32767
2022/02/11-15:49:24.936339 7fe45ba6f340               Options.bottommost_compression_opts.strategy: 0
2022/02/11-15:49:24.936340 7fe45ba6f340         Options.bottommost_compression_opts.max_dict_bytes: 0
2022/02/11-15:49:24.936342 7fe45ba6f340         Options.bottommost_compression_opts.zstd_max_train_bytes: 0
2022/02/11-15:49:24.936343 7fe45ba6f340         Options.bottommost_compression_opts.parallel_threads: 1
2022/02/11-15:49:24.936344 7fe45ba6f340                  Options.bottommost_compression_opts.enabled: false
2022/02/11-15:49:24.936346 7fe45ba6f340         Options.bottommost_compression_opts.max_dict_buffer_bytes: 0
2022/02/11-15:49:24.936347 7fe45ba6f340            Options.compression_opts.window_bits: -14
2022/02/11-15:49:24.936349 7fe45ba6f340                  Options.compression_opts.level: 32767
2022/02/11-15:49:24.936350 7fe45ba6f340               Options.compression_opts.strategy: 0
2022/02/11-15:49:24.936351 7fe45ba6f340         Options.compression_opts.max_dict_bytes: 0
2022/02/11-15:49:24.936352 7fe45ba6f340         Options.compression_opts.zstd_max_train_bytes: 0
2022/02/11-15:49:24.936354 7fe45ba6f340         Options.compression_opts.parallel_threads: 1
2022/02/11-15:49:24.936355 7fe45ba6f340                  Options.compression_opts.enabled: false
2022/02/11-15:49:24.936356 7fe45ba6f340         Options.compression_opts.max_dict_buffer_bytes: 0
2022/02/11-15:49:24.936358 7fe45ba6f340      Options.level0_file_num_compaction_trigger: 4
2022/02/11-15:49:24.936359 7fe45ba6f340          Options.level0_slowdown_writes_trigger: 20
2022/02/11-15:49:24.936360 7fe45ba6f340              Options.level0_stop_writes_trigger: 36
2022/02/11-15:49:24.936362 7fe45ba6f340                   Options.target_file_size_base: 67108864
2022/02/11-15:49:24.936363 7fe45ba6f340             Options.target_file_size_multiplier: 1
2022/02/11-15:49:24.936364 7fe45ba6f340                Options.max_bytes_for_level_base: 268435456
2022/02/11-15:49:24.936366 7fe45ba6f340 Options.level_compaction_dynamic_level_bytes: 0
2022/02/11-15:49:24.936377 7fe45ba6f340          Options.max_bytes_for_level_multiplier: 10.000000
2022/02/11-15:49:24.936380 7fe45ba6f340 Options.max_bytes_for_level_multiplier_addtl[0]: 1
2022/02/11-15:49:24.936381 7fe45ba6f340 Options.max_bytes_for_level_multiplier_addtl[1]: 1
2022/02/11-15:49:24.936383 7fe45ba6f340 Options.max_bytes_for_level_multiplier_addtl[2]: 1
2022/02/11-15:49:24.936384 7fe45ba6f340 Options.max_bytes_for_level_multiplier_addtl[3]: 1
2022/02/11-15:49:24.936385 7fe45ba6f340 Options.max_bytes_for_level_multiplier_addtl[4]: 1
2022/02/11-15:49:24.936387 7fe45ba6f340 Options.max_bytes_for_level_multiplier_addtl[5]: 1
2022/02/11-15:49:24.936388 7fe45ba6f340 Options.max_bytes_for_level_multiplier_addtl[6]: 1
2022/02/11-15:49:24.936389 7fe45ba6f340       Options.max_sequential_skip_in_iterations: 8
2022/02/11-15:49:24.936391 7fe45ba6f340                    Options.max_compaction_bytes: 1677721600
2022/02/11-15:49:24.936392 7fe45ba6f340                        Options.arena_block_size: 8388608
2022/02/11-15:49:24.936393 7fe45ba6f340   Options.soft_pending_compaction_bytes_limit: 68719476736
2022/02/11-15:49:24.936395 7fe45ba6f340   Options.hard_pending_compaction_bytes_limit: 274877906944
2022/02/11-15:49:24.936396 7fe45ba6f340       Options.rate_limit_delay_max_milliseconds: 100
2022/02/11-15:49:24.936398 7fe45ba6f340                Options.disable_auto_compactions: 0
2022/02/11-15:49:24.936399 7fe45ba6f340                        Options.compaction_style: kCompactionStyleLevel
2022/02/11-15:49:24.936401 7fe45ba6f340                          Options.compaction_pri: kMinOverlappingRatio
2022/02/11-15:49:24.936402 7fe45ba6f340 Options.compaction_options_universal.size_ratio: 1
2022/02/11-15:49:24.936403 7fe45ba6f340 Options.compaction_options_universal.min_merge_width: 2
2022/02/11-15:49:24.936405 7fe45ba6f340 Options.compaction_options_universal.max_merge_width: 4294967295
2022/02/11-15:49:24.936406 7fe45ba6f340 Options.compaction_options_universal.max_size_amplification_percent: 200
2022/02/11-15:49:24.936407 7fe45ba6f340 Options.compaction_options_universal.compression_size_percent: -1
2022/02/11-15:49:24.936409 7fe45ba6f340 Options.compaction_options_universal.stop_style: kCompactionStopStyleTotalSize
2022/02/11-15:49:24.936410 7fe45ba6f340 Options.compaction_options_fifo.max_table_files_size: 1073741824
2022/02/11-15:49:24.936412 7fe45ba6f340 Options.compaction_options_fifo.allow_compaction: 0
2022/02/11-15:49:24.936414 7fe45ba6f340                   Options.table_properties_collectors: 
2022/02/11-15:49:24.936416 7fe45ba6f340                   Options.inplace_update_support: 0
2022/02/11-15:49:24.936417 7fe45ba6f340                 Options.inplace_update_num_locks: 10000
2022/02/11-15:49:24.936418 7fe45ba6f340               Options.memtable_prefix_bloom_size_ratio: 0.000000
2022/02/11-15:49:24.936420 7fe45ba6f340               Options.memtable_whole_key_filtering: 0
2022/02/11-15:49:24.936422 7fe45ba6f340   Options.memtable_huge_page_size: 0
2022/02/11-15:49:24.936423 7fe45ba6f340                           Options.bloom_locality: 0
2022/02/11-15:49:24.936424 7fe45ba6f340                    Options.max_successive_merges: 0
2022/02/11-15:49:24.936426 7fe45ba6f340                Options.optimize_filters_for_hits: 0
2022/02/11-15:49:24.936427 7fe45ba6f340                Options.paranoid_file_checks: 0
2022/02/11-15:49:24.936428 7fe45ba6f340                Options.force_consistency_checks: 1
2022/02/11-15:49:24.936430 7fe45ba6f340                Options.report_bg_io_stats: 0
2022/02/11-15:49:24.936431 7fe45ba6f340                               Options.ttl: 2592000
2022/02/11-15:49:24.936432 7fe45ba6f340          Options.periodic_compaction_seconds: 0
2022/02/11-15:49:24.936434 7fe45ba6f340                    Options.enable_blob_files: false
2022/02/11-15:49:24.936435 7fe45ba6f340                        Options.min_blob_size: 0
2022/02/11-15:49:24.936437 7fe45ba6f340                       Options.blob_file_size: 268435456
2022/02/11-15:49:24.936438 7fe45ba6f340                Options.blob_compression_type: NoCompression
2022/02/11-15:49:24.936446 7fe45ba6f340       Options.enable_blob_garbage_collection: false
2022/02/11-15:49:24.936448 7fe45ba6f340   Options.blob_garbage_collection_age_cutoff: 0.250000
2022/02/11-15:49:24.936494 7fe45ba6f340 [db/column_family.cc:596] --------------- Options for column family [object_certs]:
2022/02/11-15:49:24.936496 7fe45ba6f340               Options.comparator: leveldb.BytewiseComparator
2022/02/11-15:49:24.936497 7fe45ba6f340           Options.merge_operator: None
2022/02/11-15:49:24.936499 7fe45ba6f340        Options.compaction_filter: None
2022/02/11-15:49:24.936500 7fe45ba6f340        Options.compaction_filter_factory: None
2022/02/11-15:49:24.936502 7fe45ba6f340  Options.sst_partitioner_factory: None
2022/02/11-15:49:24.936503 7fe45ba6f340         Options.memtable_factory: SkipListFactory
2022/02/11-15:49:24.936504 7fe45ba6f340            Options.table_factory: BlockBasedTable
2022/02/11-15:49:24.936526 7fe45ba6f340            table_factory options:   flush_block_policy_factory: FlushBlockBySizePolicyFactory (0x559ea49b6580)
  cache_index_and_filter_blocks: 0
  cache_index_and_filter_blocks_with_high_priority: 1
  pin_l0_filter_and_index_blocks_in_cache: 0
  pin_top_level_index_and_filter: 1
  index_type: 0
  data_block_index_type: 0
  index_shortening: 1
  data_block_hash_table_util_ratio: 0.750000
  hash_index_allow_collision: 1
  checksum: 1
  no_block_cache: 0
  block_cache: 0x559ea4a8bcc0
  block_cache_name: LRUCache
  block_cache_options:
    capacity : 8388608
    num_shard_bits : 4
    strict_capacity_limit : 0
    memory_allocator : None
    high_pri_pool_ratio: 0.000
  block_cache_compressed: (nil)
  persistent_cache: (nil)
  block_size: 4096
  block_size_deviation: 10
  block_restart_interval: 16
  index_block_restart_interval: 1
  metadata_block_size: 4096
  partition_filters: 0
  use_delta_encoding: 1
  filter_policy: nullptr
  whole_key_filtering: 1
  verify_compression: 0
  read_amp_bytes_per_bit: 0
  format_version: 5
  enable_index_compression: 1
  block_align: 0
2022/02/11-15:49:24.936528 7fe45ba6f340        Options.write_buffer_size: 67108864
2022/02/11-15:49:24.936529 7fe45ba6f340  Options.max_write_buffer_number: 2
2022/02/11-15:49:24.936531 7fe45ba6f340          Options.compression: Snappy
2022/02/11-15:49:24.936532 7fe45ba6f340                  Options.bottommost_compression: Disabled
2022/02/11-15:49:24.936533 7fe45ba6f340       Options.prefix_extractor: nullptr
2022/02/11-15:49:24.936535 7fe45ba6f340   Options.memtable_insert_with_hint_prefix_extractor: nullptr
2022/02/11-15:49:24.936536 7fe45ba6f340             Options.num_levels: 7
2022/02/11-15:49:24.936537 7fe45ba6f340        Options.min_write_buffer_number_to_merge: 1
2022/02/11-15:49:24.936539 7fe45ba6f340     Options.max_write_buffer_number_to_maintain: 0
2022/02/11-15:49:24.936540 7fe45ba6f340     Options.max_write_buffer_size_to_maintain: 0
2022/02/11-15:49:24.936541 7fe45ba6f340            Options.bottommost_compression_opts.window_bits: -14
