2022/02/11-15:32:42.301582 7fc4598f5340 RocksDB version: 6.20.3
2022/02/11-15:32:42.301610 7fc4598f5340 Git sha 8608d75d85f8e1b3b64b73a4fb6d19baec61ba5c
2022/02/11-15:32:42.301613 7fc4598f5340 Compile date 2021-05-05 20:35:30
2022/02/11-15:32:42.301666 7fc4598f5340 DB SUMMARY
2022/02/11-15:32:42.301668 7fc4598f5340 DB Session ID:  0V4JPGU7RCD6WA2RDRMI
2022/02/11-15:32:42.301710 7fc4598f5340 CURRENT file:  CURRENT
2022/02/11-15:32:42.301712 7fc4598f5340 IDENTITY file:  IDENTITY
2022/02/11-15:32:42.301717 7fc4598f5340 MANIFEST file:  MANIFEST-000109 size: 1542 Bytes
2022/02/11-15:32:42.301720 7fc4598f5340 SST files in ./client_db/k#390debfa89d78e27f26681591dab15d34e147f6a9a91c29c8cd2c367f4f3ba1e dir, Total Num: 5, files: 000042.sst 000058.sst 000074.sst 000090.sst 000106.sst 
2022/02/11-15:32:42.301722 7fc4598f5340 Write Ahead Log file in ./client_db/k#390debfa89d78e27f26681591dab15d34e147f6a9a91c29c8cd2c367f4f3ba1e: 000110.log size: 830 ; 
2022/02/11-15:32:42.301725 7fc4598f5340                         Options.error_if_exists: 0
2022/02/11-15:32:42.301727 7fc4598f5340                       Options.create_if_missing: 1
2022/02/11-15:32:42.301728 7fc4598f5340                         Options.paranoid_checks: 1
2022/02/11-15:32:42.301730 7fc4598f5340                               Options.track_and_verify_wals_in_manifest: 0
2022/02/11-15:32:42.301731 7fc4598f5340                                     Options.env: 0x55c74b7c7420
2022/02/11-15:32:42.301734 7fc4598f5340                                      Options.fs: Posix File System
2022/02/11-15:32:42.301735 7fc4598f5340                                Options.info_log: 0x55c74c943950
2022/02/11-15:32:42.301737 7fc4598f5340                Options.max_file_opening_threads: 16
2022/02/11-15:32:42.301738 7fc4598f5340                              Options.statistics: (nil)
2022/02/11-15:32:42.301740 7fc4598f5340                               Options.use_fsync: 0
2022/02/11-15:32:42.301741 7fc4598f5340                       Options.max_log_file_size: 0
2022/02/11-15:32:42.301743 7fc4598f5340                  Options.max_manifest_file_size: 1073741824
2022/02/11-15:32:42.301744 7fc4598f5340                   Options.log_file_time_to_roll: 0
2022/02/11-15:32:42.301746 7fc4598f5340                       Options.keep_log_file_num: 1000
2022/02/11-15:32:42.301747 7fc4598f5340                    Options.recycle_log_file_num: 0
2022/02/11-15:32:42.301749 7fc4598f5340                         Options.allow_fallocate: 1
2022/02/11-15:32:42.301750 7fc4598f5340                        Options.allow_mmap_reads: 0
2022/02/11-15:32:42.301752 7fc4598f5340                       Options.allow_mmap_writes: 0
2022/02/11-15:32:42.301753 7fc4598f5340                        Options.use_direct_reads: 0
2022/02/11-15:32:42.301754 7fc4598f5340                        Options.use_direct_io_for_flush_and_compaction: 0
2022/02/11-15:32:42.301756 7fc4598f5340          Options.create_missing_column_families: 1
2022/02/11-15:32:42.301757 7fc4598f5340                              Options.db_log_dir: 
2022/02/11-15:32:42.301758 7fc4598f5340                                 Options.wal_dir: ./client_db/k#390debfa89d78e27f26681591dab15d34e147f6a9a91c29c8cd2c367f4f3ba1e
2022/02/11-15:32:42.301760 7fc4598f5340                Options.table_cache_numshardbits: 6
2022/02/11-15:32:42.301762 7fc4598f5340                         Options.WAL_ttl_seconds: 0
2022/02/11-15:32:42.301763 7fc4598f5340                       Options.WAL_size_limit_MB: 0
2022/02/11-15:32:42.301764 7fc4598f5340                        Options.max_write_batch_group_size_bytes: 1048576
2022/02/11-15:32:42.301766 7fc4598f5340             Options.manifest_preallocation_size: 4194304
2022/02/11-15:32:42.301767 7fc4598f5340                     Options.is_fd_close_on_exec: 1
2022/02/11-15:32:42.301769 7fc4598f5340                   Options.advise_random_on_open: 1
2022/02/11-15:32:42.301770 7fc4598f5340                    Options.db_write_buffer_size: 0
2022/02/11-15:32:42.301771 7fc4598f5340                    Options.write_buffer_manager: 0x55c74c94ab20
2022/02/11-15:32:42.301773 7fc4598f5340         Options.access_hint_on_compaction_start: 1
2022/02/11-15:32:42.301787 7fc4598f5340  Options.new_table_reader_for_compaction_inputs: 0
2022/02/11-15:32:42.301789 7fc4598f5340           Options.random_access_max_buffer_size: 1048576
2022/02/11-15:32:42.301790 7fc4598f5340                      Options.use_adaptive_mutex: 0
2022/02/11-15:32:42.301792 7fc4598f5340                            Options.rate_limiter: (nil)
2022/02/11-15:32:42.301793 7fc4598f5340     Options.sst_file_manager.rate_bytes_per_sec: 0
2022/02/11-15:32:42.301795 7fc4598f5340                       Options.wal_recovery_mode: 2
2022/02/11-15:32:42.301796 7fc4598f5340                  Options.enable_thread_tracking: 0
2022/02/11-15:32:42.301798 7fc4598f5340                  Options.enable_pipelined_write: 0
2022/02/11-15:32:42.301799 7fc4598f5340                  Options.unordered_write: 0
2022/02/11-15:32:42.301801 7fc4598f5340         Options.allow_concurrent_memtable_write: 1
2022/02/11-15:32:42.301802 7fc4598f5340      Options.enable_write_thread_adaptive_yield: 1
2022/02/11-15:32:42.301804 7fc4598f5340             Options.write_thread_max_yield_usec: 100
2022/02/11-15:32:42.301805 7fc4598f5340            Options.write_thread_slow_yield_usec: 3
2022/02/11-15:32:42.301807 7fc4598f5340                               Options.row_cache: None
2022/02/11-15:32:42.301808 7fc4598f5340                              Options.wal_filter: None
2022/02/11-15:32:42.301810 7fc4598f5340             Options.avoid_flush_during_recovery: 0
2022/02/11-15:32:42.301811 7fc4598f5340             Options.allow_ingest_behind: 0
2022/02/11-15:32:42.301812 7fc4598f5340             Options.preserve_deletes: 0
2022/02/11-15:32:42.301814 7fc4598f5340             Options.two_write_queues: 0
2022/02/11-15:32:42.301815 7fc4598f5340             Options.manual_wal_flush: 0
2022/02/11-15:32:42.301816 7fc4598f5340             Options.atomic_flush: 0
2022/02/11-15:32:42.301818 7fc4598f5340             Options.avoid_unnecessary_blocking_io: 0
2022/02/11-15:32:42.301819 7fc4598f5340                 Options.persist_stats_to_disk: 0
2022/02/11-15:32:42.301820 7fc4598f5340                 Options.write_dbid_to_manifest: 0
2022/02/11-15:32:42.301822 7fc4598f5340                 Options.log_readahead_size: 0
2022/02/11-15:32:42.301823 7fc4598f5340                 Options.file_checksum_gen_factory: Unknown
2022/02/11-15:32:42.301824 7fc4598f5340                 Options.best_efforts_recovery: 0
2022/02/11-15:32:42.301826 7fc4598f5340                Options.max_bgerror_resume_count: 2147483647
2022/02/11-15:32:42.301827 7fc4598f5340            Options.bgerror_resume_retry_interval: 1000000
2022/02/11-15:32:42.301829 7fc4598f5340             Options.allow_data_in_errors: 0
2022/02/11-15:32:42.301830 7fc4598f5340             Options.db_host_id: __hostname__
2022/02/11-15:32:42.301832 7fc4598f5340             Options.max_background_jobs: 2
2022/02/11-15:32:42.301833 7fc4598f5340             Options.max_background_compactions: -1
2022/02/11-15:32:42.301835 7fc4598f5340             Options.max_subcompactions: 1
2022/02/11-15:32:42.301836 7fc4598f5340             Options.avoid_flush_during_shutdown: 0
2022/02/11-15:32:42.301837 7fc4598f5340           Options.writable_file_max_buffer_size: 1048576
2022/02/11-15:32:42.301839 7fc4598f5340             Options.delayed_write_rate : 16777216
2022/02/11-15:32:42.301840 7fc4598f5340             Options.max_total_wal_size: 0
2022/02/11-15:32:42.301842 7fc4598f5340             Options.delete_obsolete_files_period_micros: 21600000000
2022/02/11-15:32:42.301843 7fc4598f5340                   Options.stats_dump_period_sec: 600
2022/02/11-15:32:42.301845 7fc4598f5340                 Options.stats_persist_period_sec: 600
2022/02/11-15:32:42.301847 7fc4598f5340                 Options.stats_history_buffer_size: 1048576
2022/02/11-15:32:42.301848 7fc4598f5340                          Options.max_open_files: -1
2022/02/11-15:32:42.301850 7fc4598f5340                          Options.bytes_per_sync: 0
2022/02/11-15:32:42.301851 7fc4598f5340                      Options.wal_bytes_per_sync: 0
2022/02/11-15:32:42.301852 7fc4598f5340                   Options.strict_bytes_per_sync: 0
2022/02/11-15:32:42.301861 7fc4598f5340       Options.compaction_readahead_size: 0
2022/02/11-15:32:42.301863 7fc4598f5340                  Options.max_background_flushes: -1
2022/02/11-15:32:42.301865 7fc4598f5340 Compression algorithms supported:
2022/02/11-15:32:42.301867 7fc4598f5340 	kZSTDNotFinalCompression supported: 1
2022/02/11-15:32:42.301869 7fc4598f5340 	kZSTD supported: 1
2022/02/11-15:32:42.301871 7fc4598f5340 	kXpressCompression supported: 0
2022/02/11-15:32:42.301873 7fc4598f5340 	kLZ4HCCompression supported: 1
2022/02/11-15:32:42.301874 7fc4598f5340 	kLZ4Compression supported: 1
2022/02/11-15:32:42.301876 7fc4598f5340 	kBZip2Compression supported: 1
2022/02/11-15:32:42.301877 7fc4598f5340 	kZlibCompression supported: 1
2022/02/11-15:32:42.301879 7fc4598f5340 	kSnappyCompression supported: 1
2022/02/11-15:32:42.301881 7fc4598f5340 Fast CRC32 supported: Not supported on x86
2022/02/11-15:32:42.301932 7fc4598f5340 [db/version_set.cc:4626] Recovering from manifest file: ./client_db/k#390debfa89d78e27f26681591dab15d34e147f6a9a91c29c8cd2c367f4f3ba1e/MANIFEST-000109
2022/02/11-15:32:42.302083 7fc4598f5340 [db/column_family.cc:596] --------------- Options for column family [default]:
2022/02/11-15:32:42.302086 7fc4598f5340               Options.comparator: leveldb.BytewiseComparator
2022/02/11-15:32:42.302088 7fc4598f5340           Options.merge_operator: None
2022/02/11-15:32:42.302089 7fc4598f5340        Options.compaction_filter: None
2022/02/11-15:32:42.302091 7fc4598f5340        Options.compaction_filter_factory: None
2022/02/11-15:32:42.302092 7fc4598f5340  Options.sst_partitioner_factory: None
2022/02/11-15:32:42.302093 7fc4598f5340         Options.memtable_factory: SkipListFactory
2022/02/11-15:32:42.302095 7fc4598f5340            Options.table_factory: BlockBasedTable
2022/02/11-15:32:42.302137 7fc4598f5340            table_factory options:   flush_block_policy_factory: FlushBlockBySizePolicyFactory (0x55c74c902dc0)
  cache_index_and_filter_blocks: 0
  cache_index_and_filter_blocks_with_high_priority: 1
  pin_l0_filter_and_index_blocks_in_cache: 0
  pin_top_level_index_and_filter: 1
  index_type: 0
  data_block_index_type: 0
  index_shortening: 1
  data_block_hash_table_util_ratio: 0.750000
  hash_index_allow_collision: 1
  checksum: 1
  no_block_cache: 0
  block_cache: 0x55c74c90fba0
  block_cache_name: LRUCache
  block_cache_options:
    capacity : 8388608
    num_shard_bits : 4
    strict_capacity_limit : 0
    memory_allocator : None
    high_pri_pool_ratio: 0.000
  block_cache_compressed: (nil)
  persistent_cache: (nil)
  block_size: 4096
  block_size_deviation: 10
  block_restart_interval: 16
  index_block_restart_interval: 1
  metadata_block_size: 4096
  partition_filters: 0
  use_delta_encoding: 1
  filter_policy: nullptr
  whole_key_filtering: 1
  verify_compression: 0
  read_amp_bytes_per_bit: 0
  format_version: 5
  enable_index_compression: 1
  block_align: 0
2022/02/11-15:32:42.302139 7fc4598f5340        Options.write_buffer_size: 67108864
2022/02/11-15:32:42.302141 7fc4598f5340  Options.max_write_buffer_number: 2
2022/02/11-15:32:42.302142 7fc4598f5340          Options.compression: Snappy
2022/02/11-15:32:42.302144 7fc4598f5340                  Options.bottommost_compression: Disabled
2022/02/11-15:32:42.302145 7fc4598f5340       Options.prefix_extractor: nullptr
2022/02/11-15:32:42.302147 7fc4598f5340   Options.memtable_insert_with_hint_prefix_extractor: nullptr
2022/02/11-15:32:42.302148 7fc4598f5340             Options.num_levels: 7
2022/02/11-15:32:42.302150 7fc4598f5340        Options.min_write_buffer_number_to_merge: 1
2022/02/11-15:32:42.302151 7fc4598f5340     Options.max_write_buffer_number_to_maintain: 0
2022/02/11-15:32:42.302153 7fc4598f5340     Options.max_write_buffer_size_to_maintain: 0
2022/02/11-15:32:42.302154 7fc4598f5340            Options.bottommost_compression_opts.window_bits: -14
2022/02/11-15:32:42.302156 7fc4598f5340                  Options.bottommost_compression_opts.level: 32767
2022/02/11-15:32:42.302157 7fc4598f5340               Options.bottommost_compression_opts.strategy: 0
2022/02/11-15:32:42.302171 7fc4598f5340         Options.bottommost_compression_opts.max_dict_bytes: 0
2022/02/11-15:32:42.302173 7fc4598f5340         Options.bottommost_compression_opts.zstd_max_train_bytes: 0
2022/02/11-15:32:42.302174 7fc4598f5340         Options.bottommost_compression_opts.parallel_threads: 1
2022/02/11-15:32:42.302176 7fc4598f5340                  Options.bottommost_compression_opts.enabled: false
2022/02/11-15:32:42.302177 7fc4598f5340         Options.bottommost_compression_opts.max_dict_buffer_bytes: 0
2022/02/11-15:32:42.302179 7fc4598f5340            Options.compression_opts.window_bits: -14
2022/02/11-15:32:42.302180 7fc4598f5340                  Options.compression_opts.level: 32767
2022/02/11-15:32:42.302182 7fc4598f5340               Options.compression_opts.strategy: 0
2022/02/11-15:32:42.302183 7fc4598f5340         Options.compression_opts.max_dict_bytes: 0
2022/02/11-15:32:42.302185 7fc4598f5340         Options.compression_opts.zstd_max_train_bytes: 0
2022/02/11-15:32:42.302186 7fc4598f5340         Options.compression_opts.parallel_threads: 1
2022/02/11-15:32:42.302188 7fc4598f5340                  Options.compression_opts.enabled: false
2022/02/11-15:32:42.302189 7fc4598f5340         Options.compression_opts.max_dict_buffer_bytes: 0
2022/02/11-15:32:42.302190 7fc4598f5340      Options.level0_file_num_compaction_trigger: 4
2022/02/11-15:32:42.302192 7fc4598f5340          Options.level0_slowdown_writes_trigger: 20
2022/02/11-15:32:42.302193 7fc4598f5340              Options.level0_stop_writes_trigger: 36
2022/02/11-15:32:42.302195 7fc4598f5340                   Options.target_file_size_base: 67108864
2022/02/11-15:32:42.302196 7fc4598f5340             Options.target_file_size_multiplier: 1
2022/02/11-15:32:42.302198 7fc4598f5340                Options.max_bytes_for_level_base: 268435456
2022/02/11-15:32:42.302199 7fc4598f5340 Options.level_compaction_dynamic_level_bytes: 0
2022/02/11-15:32:42.302200 7fc4598f5340          Options.max_bytes_for_level_multiplier: 10.000000
2022/02/11-15:32:42.302204 7fc4598f5340 Options.max_bytes_for_level_multiplier_addtl[0]: 1
2022/02/11-15:32:42.302206 7fc4598f5340 Options.max_bytes_for_level_multiplier_addtl[1]: 1
2022/02/11-15:32:42.302207 7fc4598f5340 Options.max_bytes_for_level_multiplier_addtl[2]: 1
2022/02/11-15:32:42.302209 7fc4598f5340 Options.max_bytes_for_level_multiplier_addtl[3]: 1
2022/02/11-15:32:42.302210 7fc4598f5340 Options.max_bytes_for_level_multiplier_addtl[4]: 1
2022/02/11-15:32:42.302211 7fc4598f5340 Options.max_bytes_for_level_multiplier_addtl[5]: 1
2022/02/11-15:32:42.302213 7fc4598f5340 Options.max_bytes_for_level_multiplier_addtl[6]: 1
2022/02/11-15:32:42.302214 7fc4598f5340       Options.max_sequential_skip_in_iterations: 8
2022/02/11-15:32:42.302215 7fc4598f5340                    Options.max_compaction_bytes: 1677721600
2022/02/11-15:32:42.302217 7fc4598f5340                        Options.arena_block_size: 8388608
2022/02/11-15:32:42.302218 7fc4598f5340   Options.soft_pending_compaction_bytes_limit: 68719476736
2022/02/11-15:32:42.302220 7fc4598f5340   Options.hard_pending_compaction_bytes_limit: 274877906944
2022/02/11-15:32:42.302221 7fc4598f5340       Options.rate_limit_delay_max_milliseconds: 100
2022/02/11-15:32:42.302223 7fc4598f5340                Options.disable_auto_compactions: 0
2022/02/11-15:32:42.302226 7fc4598f5340                        Options.compaction_style: kCompactionStyleLevel
2022/02/11-15:32:42.302228 7fc4598f5340                          Options.compaction_pri: kMinOverlappingRatio
2022/02/11-15:32:42.302229 7fc4598f5340 Options.compaction_options_universal.size_ratio: 1
2022/02/11-15:32:42.302231 7fc4598f5340 Options.compaction_options_universal.min_merge_width: 2
2022/02/11-15:32:42.302232 7fc4598f5340 Options.compaction_options_universal.max_merge_width: 4294967295
2022/02/11-15:32:42.302234 7fc4598f5340 Options.compaction_options_universal.max_size_amplification_percent: 200
2022/02/11-15:32:42.302235 7fc4598f5340 Options.compaction_options_universal.compression_size_percent: -1
2022/02/11-15:32:42.302245 7fc4598f5340 Options.compaction_options_universal.stop_style: kCompactionStopStyleTotalSize
2022/02/11-15:32:42.302247 7fc4598f5340 Options.compaction_options_fifo.max_table_files_size: 1073741824
2022/02/11-15:32:42.302249 7fc4598f5340 Options.compaction_options_fifo.allow_compaction: 0
2022/02/11-15:32:42.302262 7fc4598f5340                   Options.table_properties_collectors: 
2022/02/11-15:32:42.302264 7fc4598f5340                   Options.inplace_update_support: 0
2022/02/11-15:32:42.302265 7fc4598f5340                 Options.inplace_update_num_locks: 10000
2022/02/11-15:32:42.302267 7fc4598f5340               Options.memtable_prefix_bloom_size_ratio: 0.000000
2022/02/11-15:32:42.302269 7fc4598f5340               Options.memtable_whole_key_filtering: 0
2022/02/11-15:32:42.302270 7fc4598f5340   Options.memtable_huge_page_size: 0
2022/02/11-15:32:42.302271 7fc4598f5340                           Options.bloom_locality: 0
2022/02/11-15:32:42.302273 7fc4598f5340                    Options.max_successive_merges: 0
2022/02/11-15:32:42.302274 7fc4598f5340                Options.optimize_filters_for_hits: 0
2022/02/11-15:32:42.302276 7fc4598f5340                Options.paranoid_file_checks: 0
2022/02/11-15:32:42.302277 7fc4598f5340                Options.force_consistency_checks: 1
2022/02/11-15:32:42.302278 7fc4598f5340                Options.report_bg_io_stats: 0
2022/02/11-15:32:42.302279 7fc4598f5340                               Options.ttl: 2592000
2022/02/11-15:32:42.302281 7fc4598f5340          Options.periodic_compaction_seconds: 0
2022/02/11-15:32:42.302282 7fc4598f5340                    Options.enable_blob_files: false
2022/02/11-15:32:42.302284 7fc4598f5340                        Options.min_blob_size: 0
2022/02/11-15:32:42.302285 7fc4598f5340                       Options.blob_file_size: 268435456
2022/02/11-15:32:42.302287 7fc4598f5340                Options.blob_compression_type: NoCompression
2022/02/11-15:32:42.302288 7fc4598f5340       Options.enable_blob_garbage_collection: false
2022/02/11-15:32:42.302289 7fc4598f5340   Options.blob_garbage_collection_age_cutoff: 0.250000
2022/02/11-15:32:42.302356 7fc4598f5340 [db/column_family.cc:596] --------------- Options for column family [pending_orders]:
2022/02/11-15:32:42.302358 7fc4598f5340               Options.comparator: leveldb.BytewiseComparator
2022/02/11-15:32:42.302359 7fc4598f5340           Options.merge_operator: None
2022/02/11-15:32:42.302361 7fc4598f5340        Options.compaction_filter: None
2022/02/11-15:32:42.302362 7fc4598f5340        Options.compaction_filter_factory: None
2022/02/11-15:32:42.302364 7fc4598f5340  Options.sst_partitioner_factory: None
2022/02/11-15:32:42.302365 7fc4598f5340         Options.memtable_factory: SkipListFactory
2022/02/11-15:32:42.302366 7fc4598f5340            Options.table_factory: BlockBasedTable
2022/02/11-15:32:42.302395 7fc4598f5340            table_factory options:   flush_block_policy_factory: FlushBlockBySizePolicyFactory (0x55c74c7a0cf0)
  cache_index_and_filter_blocks: 0
  cache_index_and_filter_blocks_with_high_priority: 1
  pin_l0_filter_and_index_blocks_in_cache: 0
  pin_top_level_index_and_filter: 1
  index_type: 0
  data_block_index_type: 0
  index_shortening: 1
  data_block_hash_table_util_ratio: 0.750000
  hash_index_allow_collision: 1
  checksum: 1
  no_block_cache: 0
  block_cache: 0x55c74ca33c60
  block_cache_name: LRUCache
  block_cache_options:
    capacity : 8388608
    num_shard_bits : 4
    strict_capacity_limit : 0
    memory_allocator : None
    high_pri_pool_ratio: 0.000
  block_cache_compressed: (nil)
  persistent_cache: (nil)
  block_size: 4096
  block_size_deviation: 10
  block_restart_interval: 16
  index_block_restart_interval: 1
  metadata_block_size: 4096
  partition_filters: 0
  use_delta_encoding: 1
  filter_policy: nullptr
  whole_key_filtering: 1
  verify_compression: 0
  read_amp_bytes_per_bit: 0
  format_version: 5
  enable_index_compression: 1
  block_align: 0
2022/02/11-15:32:42.302397 7fc4598f5340        Options.write_buffer_size: 67108864
2022/02/11-15:32:42.302408 7fc4598f5340  Options.max_write_buffer_number: 2
2022/02/11-15:32:42.302410 7fc4598f5340          Options.compression: Snappy
2022/02/11-15:32:42.302411 7fc4598f5340                  Options.bottommost_compression: Disabled
2022/02/11-15:32:42.302413 7fc4598f5340       Options.prefix_extractor: nullptr
2022/02/11-15:32:42.302414 7fc4598f5340   Options.memtable_insert_with_hint_prefix_extractor: nullptr
2022/02/11-15:32:42.302416 7fc4598f5340             Options.num_levels: 7
2022/02/11-15:32:42.302417 7fc4598f5340        Options.min_write_buffer_number_to_merge: 1
2022/02/11-15:32:42.302418 7fc4598f5340     Options.max_write_buffer_number_to_maintain: 0
2022/02/11-15:32:42.302420 7fc4598f5340     Options.max_write_buffer_size_to_maintain: 0
2022/02/11-15:32:42.302421 7fc4598f5340            Options.bottommost_compression_opts.window_bits: -14
2022/02/11-15:32:42.302422 7fc4598f5340                  Options.bottommost_compression_opts.level: 32767
2022/02/11-15:32:42.302424 7fc4598f5340               Options.bottommost_compression_opts.strategy: 0
2022/02/11-15:32:42.302425 7fc4598f5340         Options.bottommost_compression_opts.max_dict_bytes: 0
2022/02/11-15:32:42.302427 7fc4598f5340         Options.bottommost_compression_opts.zstd_max_train_bytes: 0
2022/02/11-15:32:42.302428 7fc4598f5340         Options.bottommost_compression_opts.parallel_threads: 1
2022/02/11-15:32:42.302429 7fc4598f5340                  Options.bottommost_compression_opts.enabled: false
2022/02/11-15:32:42.302431 7fc4598f5340         Options.bottommost_compression_opts.max_dict_buffer_bytes: 0
2022/02/11-15:32:42.302432 7fc4598f5340            Options.compression_opts.window_bits: -14
2022/02/11-15:32:42.302434 7fc4598f5340                  Options.compression_opts.level: 32767
2022/02/11-15:32:42.302435 7fc4598f5340               Options.compression_opts.strategy: 0
2022/02/11-15:32:42.302436 7fc4598f5340         Options.compression_opts.max_dict_bytes: 0
2022/02/11-15:32:42.302438 7fc4598f5340         Options.compression_opts.zstd_max_train_bytes: 0
2022/02/11-15:32:42.302439 7fc4598f5340         Options.compression_opts.parallel_threads: 1
2022/02/11-15:32:42.302440 7fc4598f5340                  Options.compression_opts.enabled: false
2022/02/11-15:32:42.302442 7fc4598f5340         Options.compression_opts.max_dict_buffer_bytes: 0
2022/02/11-15:32:42.302443 7fc4598f5340      Options.level0_file_num_compaction_trigger: 4
2022/02/11-15:32:42.302444 7fc4598f5340          Options.level0_slowdown_writes_trigger: 20
2022/02/11-15:32:42.302446 7fc4598f5340              Options.level0_stop_writes_trigger: 36
2022/02/11-15:32:42.302447 7fc4598f5340                   Options.target_file_size_base: 67108864
2022/02/11-15:32:42.302449 7fc4598f5340             Options.target_file_size_multiplier: 1
2022/02/11-15:32:42.302450 7fc4598f5340                Options.max_bytes_for_level_base: 268435456
2022/02/11-15:32:42.302451 7fc4598f5340 Options.level_compaction_dynamic_level_bytes: 0
2022/02/11-15:32:42.302453 7fc4598f5340          Options.max_bytes_for_level_multiplier: 10.000000
2022/02/11-15:32:42.302455 7fc4598f5340 Options.max_bytes_for_level_multiplier_addtl[0]: 1
2022/02/11-15:32:42.302457 7fc4598f5340 Options.max_bytes_for_level_multiplier_addtl[1]: 1
2022/02/11-15:32:42.302458 7fc4598f5340 Options.max_bytes_for_level_multiplier_addtl[2]: 1
2022/02/11-15:32:42.302460 7fc4598f5340 Options.max_bytes_for_level_multiplier_addtl[3]: 1
2022/02/11-15:32:42.302461 7fc4598f5340 Options.max_bytes_for_level_multiplier_addtl[4]: 1
2022/02/11-15:32:42.302462 7fc4598f5340 Options.max_bytes_for_level_multiplier_addtl[5]: 1
2022/02/11-15:32:42.302464 7fc4598f5340 Options.max_bytes_for_level_multiplier_addtl[6]: 1
2022/02/11-15:32:42.302465 7fc4598f5340       Options.max_sequential_skip_in_iterations: 8
2022/02/11-15:32:42.302466 7fc4598f5340                    Options.max_compaction_bytes: 1677721600
2022/02/11-15:32:42.302468 7fc4598f5340                        Options.arena_block_size: 8388608
2022/02/11-15:32:42.302476 7fc4598f5340   Options.soft_pending_compaction_bytes_limit: 68719476736
2022/02/11-15:32:42.302478 7fc4598f5340   Options.hard_pending_compaction_bytes_limit: 274877906944
2022/02/11-15:32:42.302480 7fc4598f5340       Options.rate_limit_delay_max_milliseconds: 100
2022/02/11-15:32:42.302481 7fc4598f5340                Options.disable_auto_compactions: 0
2022/02/11-15:32:42.302483 7fc4598f5340                        Options.compaction_style: kCompactionStyleLevel
2022/02/11-15:32:42.302484 7fc4598f5340                          Options.compaction_pri: kMinOverlappingRatio
2022/02/11-15:32:42.302486 7fc4598f5340 Options.compaction_options_universal.size_ratio: 1
2022/02/11-15:32:42.302487 7fc4598f5340 Options.compaction_options_universal.min_merge_width: 2
2022/02/11-15:32:42.302488 7fc4598f5340 Options.compaction_options_universal.max_merge_width: 4294967295
2022/02/11-15:32:42.302490 7fc4598f5340 Options.compaction_options_universal.max_size_amplification_percent: 200
2022/02/11-15:32:42.302491 7fc4598f5340 Options.compaction_options_universal.compression_size_percent: -1
2022/02/11-15:32:42.302493 7fc4598f5340 Options.compaction_options_universal.stop_style: kCompactionStopStyleTotalSize
2022/02/11-15:32:42.302494 7fc4598f5340 Options.compaction_options_fifo.max_table_files_size: 1073741824
2022/02/11-15:32:42.302495 7fc4598f5340 Options.compaction_options_fifo.allow_compaction: 0
2022/02/11-15:32:42.302498 7fc4598f5340                   Options.table_properties_collectors: 
2022/02/11-15:32:42.302499 7fc4598f5340                   Options.inplace_update_support: 0
2022/02/11-15:32:42.302501 7fc4598f5340                 Options.inplace_update_num_locks: 10000
2022/02/11-15:32:42.302502 7fc4598f5340               Options.memtable_prefix_bloom_size_ratio: 0.000000
2022/02/11-15:32:42.302504 7fc4598f5340               Options.memtable_whole_key_filtering: 0
2022/02/11-15:32:42.302506 7fc4598f5340   Options.memtable_huge_page_size: 0
2022/02/11-15:32:42.302507 7fc4598f5340                           Options.bloom_locality: 0
2022/02/11-15:32:42.302508 7fc4598f5340                    Options.max_successive_merges: 0
2022/02/11-15:32:42.302510 7fc4598f5340                Options.optimize_filters_for_hits: 0
2022/02/11-15:32:42.302511 7fc4598f5340                Options.paranoid_file_checks: 0
2022/02/11-15:32:42.302512 7fc4598f5340                Options.force_consistency_checks: 1
2022/02/11-15:32:42.302514 7fc4598f5340                Options.report_bg_io_stats: 0
2022/02/11-15:32:42.302515 7fc4598f5340                               Options.ttl: 2592000
2022/02/11-15:32:42.302516 7fc4598f5340          Options.periodic_compaction_seconds: 0
2022/02/11-15:32:42.302518 7fc4598f5340                    Options.enable_blob_files: false
2022/02/11-15:32:42.302519 7fc4598f5340                        Options.min_blob_size: 0
2022/02/11-15:32:42.302520 7fc4598f5340                       Options.blob_file_size: 268435456
2022/02/11-15:32:42.302522 7fc4598f5340                Options.blob_compression_type: NoCompression
2022/02/11-15:32:42.302523 7fc4598f5340       Options.enable_blob_garbage_collection: false
2022/02/11-15:32:42.302524 7fc4598f5340   Options.blob_garbage_collection_age_cutoff: 0.250000
2022/02/11-15:32:42.302568 7fc4598f5340 [db/column_family.cc:596] --------------- Options for column family [certificates]:
2022/02/11-15:32:42.302571 7fc4598f5340               Options.comparator: leveldb.BytewiseComparator
2022/02/11-15:32:42.302572 7fc4598f5340           Options.merge_operator: None
2022/02/11-15:32:42.302573 7fc4598f5340        Options.compaction_filter: None
2022/02/11-15:32:42.302575 7fc4598f5340        Options.compaction_filter_factory: None
2022/02/11-15:32:42.302576 7fc4598f5340  Options.sst_partitioner_factory: None
2022/02/11-15:32:42.302577 7fc4598f5340         Options.memtable_factory: SkipListFactory
2022/02/11-15:32:42.302579 7fc4598f5340            Options.table_factory: BlockBasedTable
2022/02/11-15:32:42.302605 7fc4598f5340            table_factory options:   flush_block_policy_factory: FlushBlockBySizePolicyFactory (0x55c74c91d290)
  cache_index_and_filter_blocks: 0
  cache_index_and_filter_blocks_with_high_priority: 1
  pin_l0_filter_and_index_blocks_in_cache: 0
  pin_top_level_index_and_filter: 1
  index_type: 0
  data_block_index_type: 0
  index_shortening: 1
  data_block_hash_table_util_ratio: 0.750000
  hash_index_allow_collision: 1
  checksum: 1
  no_block_cache: 0
  block_cache: 0x55c74c8ed900
  block_cache_name: LRUCache
  block_cache_options:
    capacity : 8388608
    num_shard_bits : 4
    strict_capacity_limit : 0
    memory_allocator : None
    high_pri_pool_ratio: 0.000
  block_cache_compressed: (nil)
  persistent_cache: (nil)
  block_size: 4096
  block_size_deviation: 10
  block_restart_interval: 16
  index_block_restart_interval: 1
  metadata_block_size: 4096
  partition_filters: 0
  use_delta_encoding: 1
  filter_policy: nullptr
  whole_key_filtering: 1
  verify_compression: 0
  read_amp_bytes_per_bit: 0
  format_version: 5
  enable_index_compression: 1
  block_align: 0
2022/02/11-15:32:42.302616 7fc4598f5340        Options.write_buffer_size: 67108864
2022/02/11-15:32:42.302618 7fc4598f5340  Options.max_write_buffer_number: 2
2022/02/11-15:32:42.302619 7fc4598f5340          Options.compression: Snappy
2022/02/11-15:32:42.302621 7fc4598f5340                  Options.bottommost_compression: Disabled
2022/02/11-15:32:42.302622 7fc4598f5340       Options.prefix_extractor: nullptr
2022/02/11-15:32:42.302624 7fc4598f5340   Options.memtable_insert_with_hint_prefix_extractor: nullptr
2022/02/11-15:32:42.302625 7fc4598f5340             Options.num_levels: 7
2022/02/11-15:32:42.302626 7fc4598f5340        Options.min_write_buffer_number_to_merge: 1
2022/02/11-15:32:42.302628 7fc4598f5340     Options.max_write_buffer_number_to_maintain: 0
2022/02/11-15:32:42.302629 7fc4598f5340     Options.max_write_buffer_size_to_maintain: 0
2022/02/11-15:32:42.302630 7fc4598f5340            Options.bottommost_compression_opts.window_bits: -14
2022/02/11-15:32:42.302632 7fc4598f5340                  Options.bottommost_compression_opts.level: 32767
2022/02/11-15:32:42.302633 7fc4598f5340               Options.bottommost_compression_opts.strategy: 0
2022/02/11-15:32:42.302635 7fc4598f5340         Options.bottommost_compression_opts.max_dict_bytes: 0
2022/02/11-15:32:42.302636 7fc4598f5340         Options.bottommost_compression_opts.zstd_max_train_bytes: 0
2022/02/11-15:32:42.302637 7fc4598f5340         Options.bottommost_compression_opts.parallel_threads: 1
2022/02/11-15:32:42.302639 7fc4598f5340                  Options.bottommost_compression_opts.enabled: false
2022/02/11-15:32:42.302640 7fc4598f5340         Options.bottommost_compression_opts.max_dict_buffer_bytes: 0
2022/02/11-15:32:42.302641 7fc4598f5340            Options.compression_opts.window_bits: -14
2022/02/11-15:32:42.302643 7fc4598f5340                  Options.compression_opts.level: 32767
2022/02/11-15:32:42.302644 7fc4598f5340               Options.compression_opts.strategy: 0
2022/02/11-15:32:42.302646 7fc4598f5340         Options.compression_opts.max_dict_bytes: 0
2022/02/11-15:32:42.302647 7fc4598f5340         Options.compression_opts.zstd_max_train_bytes: 0
2022/02/11-15:32:42.302648 7fc4598f5340         Options.compression_opts.parallel_threads: 1
2022/02/11-15:32:42.302650 7fc4598f5340                  Options.compression_opts.enabled: false
2022/02/11-15:32:42.302651 7fc4598f5340         Options.compression_opts.max_dict_buffer_bytes: 0
2022/02/11-15:32:42.302652 7fc4598f5340      Options.level0_file_num_compaction_trigger: 4
2022/02/11-15:32:42.302654 7fc4598f5340          Options.level0_slowdown_writes_trigger: 20
2022/02/11-15:32:42.302655 7fc4598f5340              Options.level0_stop_writes_trigger: 36
2022/02/11-15:32:42.302657 7fc4598f5340                   Options.target_file_size_base: 67108864
2022/02/11-15:32:42.302658 7fc4598f5340             Options.target_file_size_multiplier: 1
2022/02/11-15:32:42.302659 7fc4598f5340                Options.max_bytes_for_level_base: 268435456
2022/02/11-15:32:42.302661 7fc4598f5340 Options.level_compaction_dynamic_level_bytes: 0
2022/02/11-15:32:42.302669 7fc4598f5340          Options.max_bytes_for_level_multiplier: 10.000000
2022/02/11-15:32:42.302672 7fc4598f5340 Options.max_bytes_for_level_multiplier_addtl[0]: 1
2022/02/11-15:32:42.302674 7fc4598f5340 Options.max_bytes_for_level_multiplier_addtl[1]: 1
2022/02/11-15:32:42.302675 7fc4598f5340 Options.max_bytes_for_level_multiplier_addtl[2]: 1
2022/02/11-15:32:42.302676 7fc4598f5340 Options.max_bytes_for_level_multiplier_addtl[3]: 1
2022/02/11-15:32:42.302678 7fc4598f5340 Options.max_bytes_for_level_multiplier_addtl[4]: 1
2022/02/11-15:32:42.302679 7fc4598f5340 Options.max_bytes_for_level_multiplier_addtl[5]: 1
2022/02/11-15:32:42.302681 7fc4598f5340 Options.max_bytes_for_level_multiplier_addtl[6]: 1
2022/02/11-15:32:42.302682 7fc4598f5340       Options.max_sequential_skip_in_iterations: 8
2022/02/11-15:32:42.302683 7fc4598f5340                    Options.max_compaction_bytes: 1677721600
2022/02/11-15:32:42.302685 7fc4598f5340                        Options.arena_block_size: 8388608
2022/02/11-15:32:42.302686 7fc4598f5340   Options.soft_pending_compaction_bytes_limit: 68719476736
2022/02/11-15:32:42.302688 7fc4598f5340   Options.hard_pending_compaction_bytes_limit: 274877906944
2022/02/11-15:32:42.302689 7fc4598f5340       Options.rate_limit_delay_max_milliseconds: 100
2022/02/11-15:32:42.302690 7fc4598f5340                Options.disable_auto_compactions: 0
2022/02/11-15:32:42.302692 7fc4598f5340                        Options.compaction_style: kCompactionStyleLevel
2022/02/11-15:32:42.302693 7fc4598f5340                          Options.compaction_pri: kMinOverlappingRatio
2022/02/11-15:32:42.302695 7fc4598f5340 Options.compaction_options_universal.size_ratio: 1
2022/02/11-15:32:42.302696 7fc4598f5340 Options.compaction_options_universal.min_merge_width: 2
2022/02/11-15:32:42.302697 7fc4598f5340 Options.compaction_options_universal.max_merge_width: 4294967295
2022/02/11-15:32:42.302699 7fc4598f5340 Options.compaction_options_universal.max_size_amplification_percent: 200
2022/02/11-15:32:42.302700 7fc4598f5340 Options.compaction_options_universal.compression_size_percent: -1
2022/02/11-15:32:42.302701 7fc4598f5340 Options.compaction_options_universal.stop_style: kCompactionStopStyleTotalSize
2022/02/11-15:32:42.302703 7fc4598f5340 Options.compaction_options_fifo.max_table_files_size: 1073741824
2022/02/11-15:32:42.302704 7fc4598f5340 Options.compaction_options_fifo.allow_compaction: 0
2022/02/11-15:32:42.302707 7fc4598f5340                   Options.table_properties_collectors: 
2022/02/11-15:32:42.302708 7fc4598f5340                   Options.inplace_update_support: 0
2022/02/11-15:32:42.302709 7fc4598f5340                 Options.inplace_update_num_locks: 10000
2022/02/11-15:32:42.302711 7fc4598f5340               Options.memtable_prefix_bloom_size_ratio: 0.000000
2022/02/11-15:32:42.302712 7fc4598f5340               Options.memtable_whole_key_filtering: 0
2022/02/11-15:32:42.302714 7fc4598f5340   Options.memtable_huge_page_size: 0
2022/02/11-15:32:42.302715 7fc4598f5340                           Options.bloom_locality: 0
2022/02/11-15:32:42.302717 7fc4598f5340                    Options.max_successive_merges: 0
2022/02/11-15:32:42.302718 7fc4598f5340                Options.optimize_filters_for_hits: 0
2022/02/11-15:32:42.302719 7fc4598f5340                Options.paranoid_file_checks: 0
2022/02/11-15:32:42.302721 7fc4598f5340                Options.force_consistency_checks: 1
2022/02/11-15:32:42.302722 7fc4598f5340                Options.report_bg_io_stats: 0
2022/02/11-15:32:42.302723 7fc4598f5340                               Options.ttl: 2592000
2022/02/11-15:32:42.302725 7fc4598f5340          Options.periodic_compaction_seconds: 0
2022/02/11-15:32:42.302726 7fc4598f5340                    Options.enable_blob_files: false
2022/02/11-15:32:42.302727 7fc4598f5340                        Options.min_blob_size: 0
2022/02/11-15:32:42.302729 7fc4598f5340                       Options.blob_file_size: 268435456
2022/02/11-15:32:42.302730 7fc4598f5340                Options.blob_compression_type: NoCompression
2022/02/11-15:32:42.302740 7fc4598f5340       Options.enable_blob_garbage_collection: false
2022/02/11-15:32:42.302742 7fc4598f5340   Options.blob_garbage_collection_age_cutoff: 0.250000
2022/02/11-15:32:42.302802 7fc4598f5340 [db/column_family.cc:596] --------------- Options for column family [object_certs]:
2022/02/11-15:32:42.302804 7fc4598f5340               Options.comparator: leveldb.BytewiseComparator
2022/02/11-15:32:42.302806 7fc4598f5340           Options.merge_operator: None
2022/02/11-15:32:42.302807 7fc4598f5340        Options.compaction_filter: None
2022/02/11-15:32:42.302809 7fc4598f5340        Options.compaction_filter_factory: None
2022/02/11-15:32:42.302810 7fc4598f5340  Options.sst_partitioner_factory: None
2022/02/11-15:32:42.302811 7fc4598f5340         Options.memtable_factory: SkipListFactory
2022/02/11-15:32:42.302813 7fc4598f5340            Options.table_factory: BlockBasedTable
2022/02/11-15:32:42.302836 7fc4598f5340            table_factory options:   flush_block_policy_factory: FlushBlockBySizePolicyFactory (0x55c74c9482e0)
  cache_index_and_filter_blocks: 0
  cache_index_and_filter_blocks_with_high_priority: 1
  pin_l0_filter_and_index_blocks_in_cache: 0
  pin_top_level_index_and_filter: 1
  index_type: 0
  data_block_index_type: 0
  index_shortening: 1
  data_block_hash_table_util_ratio: 0.750000
  hash_index_allow_collision: 1
  checksum: 1
  no_block_cache: 0
  block_cache: 0x55c74c967710
  block_cache_name: LRUCache
  block_cache_options:
    capacity : 8388608
    num_shard_bits : 4
    strict_capacity_limit : 0
    memory_allocator : None
    high_pri_pool_ratio: 0.000
  block_cache_compressed: (nil)
  persistent_cache: (nil)
  block_size: 4096
  block_size_deviation: 10
  block_restart_interval: 16
  index_block_restart_interval: 1
  metadata_block_size: 4096
  partition_filters: 0
  use_delta_encoding: 1
  filter_policy: nullptr
  whole_key_filtering: 1
  verify_compression: 0
  read_amp_bytes_per_bit: 0
  format_version: 5
  enable_index_compression: 1
  block_align: 0
2022/02/11-15:32:42.302838 7fc4598f5340        Options.write_buffer_size: 67108864
2022/02/11-15:32:42.302839 7fc4598f5340  Options.max_write_buffer_number: 2
2022/02/11-15:32:42.302841 7fc4598f5340          Options.compression: Snappy
2022/02/11-15:32:42.302842 7fc4598f5340                  Options.bottommost_compression: Disabled
2022/02/11-15:32:42.302843 7fc4598f5340       Options.prefix_extractor: nullptr
2022/02/11-15:32:42.302845 7fc4598f5340   Options.memtable_insert_with_hint_prefix_extractor: nullptr
2022/02/11-15:32:42.302846 7fc4598f5340             Options.num_levels: 7
2022/02/11-15:32:42.302847 7fc4598f5340        Options.min_write_buffer_number_to_merge: 1
2022/02/11-15:32:42.302849 7fc4598f5340     Options.max_write_buffer_number_to_maintain: 0
2022/02/11-15:32:42.302850 7fc4598f5340     Options.max_write_buffer_size_to_maintain: 0
