2022/02/11-15:32:41.278755 7f40ee4f4340 RocksDB version: 6.20.3
2022/02/11-15:32:41.278784 7f40ee4f4340 Git sha 8608d75d85f8e1b3b64b73a4fb6d19baec61ba5c
2022/02/11-15:32:41.278787 7f40ee4f4340 Compile date 2021-05-05 20:35:30
2022/02/11-15:32:41.278841 7f40ee4f4340 DB SUMMARY
2022/02/11-15:32:41.278843 7f40ee4f4340 DB Session ID:  I18G49SSKYM3IRWQWHFO
2022/02/11-15:32:41.278883 7f40ee4f4340 CURRENT file:  CURRENT
2022/02/11-15:32:41.278885 7f40ee4f4340 IDENTITY file:  IDENTITY
2022/02/11-15:32:41.278889 7f40ee4f4340 MANIFEST file:  MANIFEST-000093 size: 1951 Bytes
2022/02/11-15:32:41.278892 7f40ee4f4340 SST files in ./client_db/k#390debfa89d78e27f26681591dab15d34e147f6a9a91c29c8cd2c367f4f3ba1e dir, Total Num: 4, files: 000042.sst 000058.sst 000074.sst 000090.sst 
2022/02/11-15:32:41.278894 7f40ee4f4340 Write Ahead Log file in ./client_db/k#390debfa89d78e27f26681591dab15d34e147f6a9a91c29c8cd2c367f4f3ba1e: 000094.log size: 830 ; 
2022/02/11-15:32:41.278897 7f40ee4f4340                         Options.error_if_exists: 0
2022/02/11-15:32:41.278899 7f40ee4f4340                       Options.create_if_missing: 1
2022/02/11-15:32:41.278901 7f40ee4f4340                         Options.paranoid_checks: 1
2022/02/11-15:32:41.278902 7f40ee4f4340                               Options.track_and_verify_wals_in_manifest: 0
2022/02/11-15:32:41.278904 7f40ee4f4340                                     Options.env: 0x56248e2e0420
2022/02/11-15:32:41.278906 7f40ee4f4340                                      Options.fs: Posix File System
2022/02/11-15:32:41.278908 7f40ee4f4340                                Options.info_log: 0x56248e88d090
2022/02/11-15:32:41.278909 7f40ee4f4340                Options.max_file_opening_threads: 16
2022/02/11-15:32:41.278911 7f40ee4f4340                              Options.statistics: (nil)
2022/02/11-15:32:41.278913 7f40ee4f4340                               Options.use_fsync: 0
2022/02/11-15:32:41.278914 7f40ee4f4340                       Options.max_log_file_size: 0
2022/02/11-15:32:41.278915 7f40ee4f4340                  Options.max_manifest_file_size: 1073741824
2022/02/11-15:32:41.278917 7f40ee4f4340                   Options.log_file_time_to_roll: 0
2022/02/11-15:32:41.278918 7f40ee4f4340                       Options.keep_log_file_num: 1000
2022/02/11-15:32:41.278920 7f40ee4f4340                    Options.recycle_log_file_num: 0
2022/02/11-15:32:41.278921 7f40ee4f4340                         Options.allow_fallocate: 1
2022/02/11-15:32:41.278923 7f40ee4f4340                        Options.allow_mmap_reads: 0
2022/02/11-15:32:41.278924 7f40ee4f4340                       Options.allow_mmap_writes: 0
2022/02/11-15:32:41.278925 7f40ee4f4340                        Options.use_direct_reads: 0
2022/02/11-15:32:41.278927 7f40ee4f4340                        Options.use_direct_io_for_flush_and_compaction: 0
2022/02/11-15:32:41.278928 7f40ee4f4340          Options.create_missing_column_families: 1
2022/02/11-15:32:41.278930 7f40ee4f4340                              Options.db_log_dir: 
2022/02/11-15:32:41.278931 7f40ee4f4340                                 Options.wal_dir: ./client_db/k#390debfa89d78e27f26681591dab15d34e147f6a9a91c29c8cd2c367f4f3ba1e
2022/02/11-15:32:41.278932 7f40ee4f4340                Options.table_cache_numshardbits: 6
2022/02/11-15:32:41.278934 7f40ee4f4340                         Options.WAL_ttl_seconds: 0
2022/02/11-15:32:41.278935 7f40ee4f4340                       Options.WAL_size_limit_MB: 0
2022/02/11-15:32:41.278937 7f40ee4f4340                        Options.max_write_batch_group_size_bytes: 1048576
2022/02/11-15:32:41.278938 7f40ee4f4340             Options.manifest_preallocation_size: 4194304
2022/02/11-15:32:41.278940 7f40ee4f4340                     Options.is_fd_close_on_exec: 1
2022/02/11-15:32:41.278941 7f40ee4f4340                   Options.advise_random_on_open: 1
2022/02/11-15:32:41.278942 7f40ee4f4340                    Options.db_write_buffer_size: 0
2022/02/11-15:32:41.278944 7f40ee4f4340                    Options.write_buffer_manager: 0x56248e9096f0
2022/02/11-15:32:41.278945 7f40ee4f4340         Options.access_hint_on_compaction_start: 1
2022/02/11-15:32:41.278959 7f40ee4f4340  Options.new_table_reader_for_compaction_inputs: 0
2022/02/11-15:32:41.278961 7f40ee4f4340           Options.random_access_max_buffer_size: 1048576
2022/02/11-15:32:41.278962 7f40ee4f4340                      Options.use_adaptive_mutex: 0
2022/02/11-15:32:41.278964 7f40ee4f4340                            Options.rate_limiter: (nil)
2022/02/11-15:32:41.278966 7f40ee4f4340     Options.sst_file_manager.rate_bytes_per_sec: 0
2022/02/11-15:32:41.278967 7f40ee4f4340                       Options.wal_recovery_mode: 2
2022/02/11-15:32:41.278969 7f40ee4f4340                  Options.enable_thread_tracking: 0
2022/02/11-15:32:41.278970 7f40ee4f4340                  Options.enable_pipelined_write: 0
2022/02/11-15:32:41.278971 7f40ee4f4340                  Options.unordered_write: 0
2022/02/11-15:32:41.278973 7f40ee4f4340         Options.allow_concurrent_memtable_write: 1
2022/02/11-15:32:41.278974 7f40ee4f4340      Options.enable_write_thread_adaptive_yield: 1
2022/02/11-15:32:41.278976 7f40ee4f4340             Options.write_thread_max_yield_usec: 100
2022/02/11-15:32:41.278977 7f40ee4f4340            Options.write_thread_slow_yield_usec: 3
2022/02/11-15:32:41.278979 7f40ee4f4340                               Options.row_cache: None
2022/02/11-15:32:41.278980 7f40ee4f4340                              Options.wal_filter: None
2022/02/11-15:32:41.278981 7f40ee4f4340             Options.avoid_flush_during_recovery: 0
2022/02/11-15:32:41.278983 7f40ee4f4340             Options.allow_ingest_behind: 0
2022/02/11-15:32:41.278984 7f40ee4f4340             Options.preserve_deletes: 0
2022/02/11-15:32:41.278986 7f40ee4f4340             Options.two_write_queues: 0
2022/02/11-15:32:41.278987 7f40ee4f4340             Options.manual_wal_flush: 0
2022/02/11-15:32:41.278988 7f40ee4f4340             Options.atomic_flush: 0
2022/02/11-15:32:41.278990 7f40ee4f4340             Options.avoid_unnecessary_blocking_io: 0
2022/02/11-15:32:41.278991 7f40ee4f4340                 Options.persist_stats_to_disk: 0
2022/02/11-15:32:41.278992 7f40ee4f4340                 Options.write_dbid_to_manifest: 0
2022/02/11-15:32:41.278994 7f40ee4f4340                 Options.log_readahead_size: 0
2022/02/11-15:32:41.278995 7f40ee4f4340                 Options.file_checksum_gen_factory: Unknown
2022/02/11-15:32:41.278996 7f40ee4f4340                 Options.best_efforts_recovery: 0
2022/02/11-15:32:41.278998 7f40ee4f4340                Options.max_bgerror_resume_count: 2147483647
2022/02/11-15:32:41.278999 7f40ee4f4340            Options.bgerror_resume_retry_interval: 1000000
2022/02/11-15:32:41.279001 7f40ee4f4340             Options.allow_data_in_errors: 0
2022/02/11-15:32:41.279002 7f40ee4f4340             Options.db_host_id: __hostname__
2022/02/11-15:32:41.279003 7f40ee4f4340             Options.max_background_jobs: 2
2022/02/11-15:32:41.279005 7f40ee4f4340             Options.max_background_compactions: -1
2022/02/11-15:32:41.279006 7f40ee4f4340             Options.max_subcompactions: 1
2022/02/11-15:32:41.279008 7f40ee4f4340             Options.avoid_flush_during_shutdown: 0
2022/02/11-15:32:41.279009 7f40ee4f4340           Options.writable_file_max_buffer_size: 1048576
2022/02/11-15:32:41.279010 7f40ee4f4340             Options.delayed_write_rate : 16777216
2022/02/11-15:32:41.279012 7f40ee4f4340             Options.max_total_wal_size: 0
2022/02/11-15:32:41.279013 7f40ee4f4340             Options.delete_obsolete_files_period_micros: 21600000000
2022/02/11-15:32:41.279015 7f40ee4f4340                   Options.stats_dump_period_sec: 600
2022/02/11-15:32:41.279016 7f40ee4f4340                 Options.stats_persist_period_sec: 600
2022/02/11-15:32:41.279018 7f40ee4f4340                 Options.stats_history_buffer_size: 1048576
2022/02/11-15:32:41.279020 7f40ee4f4340                          Options.max_open_files: -1
2022/02/11-15:32:41.279021 7f40ee4f4340                          Options.bytes_per_sync: 0
2022/02/11-15:32:41.279023 7f40ee4f4340                      Options.wal_bytes_per_sync: 0
2022/02/11-15:32:41.279024 7f40ee4f4340                   Options.strict_bytes_per_sync: 0
2022/02/11-15:32:41.279034 7f40ee4f4340       Options.compaction_readahead_size: 0
2022/02/11-15:32:41.279035 7f40ee4f4340                  Options.max_background_flushes: -1
2022/02/11-15:32:41.279037 7f40ee4f4340 Compression algorithms supported:
2022/02/11-15:32:41.279039 7f40ee4f4340 	kZSTDNotFinalCompression supported: 1
2022/02/11-15:32:41.279041 7f40ee4f4340 	kZSTD supported: 1
2022/02/11-15:32:41.279043 7f40ee4f4340 	kXpressCompression supported: 0
2022/02/11-15:32:41.279044 7f40ee4f4340 	kLZ4HCCompression supported: 1
2022/02/11-15:32:41.279046 7f40ee4f4340 	kLZ4Compression supported: 1
2022/02/11-15:32:41.279048 7f40ee4f4340 	kBZip2Compression supported: 1
2022/02/11-15:32:41.279049 7f40ee4f4340 	kZlibCompression supported: 1
2022/02/11-15:32:41.279051 7f40ee4f4340 	kSnappyCompression supported: 1
2022/02/11-15:32:41.279053 7f40ee4f4340 Fast CRC32 supported: Not supported on x86
2022/02/11-15:32:41.279106 7f40ee4f4340 [db/version_set.cc:4626] Recovering from manifest file: ./client_db/k#390debfa89d78e27f26681591dab15d34e147f6a9a91c29c8cd2c367f4f3ba1e/MANIFEST-000093
2022/02/11-15:32:41.279266 7f40ee4f4340 [db/column_family.cc:596] --------------- Options for column family [default]:
2022/02/11-15:32:41.279270 7f40ee4f4340               Options.comparator: leveldb.BytewiseComparator
2022/02/11-15:32:41.279272 7f40ee4f4340           Options.merge_operator: None
2022/02/11-15:32:41.279273 7f40ee4f4340        Options.compaction_filter: None
2022/02/11-15:32:41.279274 7f40ee4f4340        Options.compaction_filter_factory: None
2022/02/11-15:32:41.279276 7f40ee4f4340  Options.sst_partitioner_factory: None
2022/02/11-15:32:41.279277 7f40ee4f4340         Options.memtable_factory: SkipListFactory
2022/02/11-15:32:41.279279 7f40ee4f4340            Options.table_factory: BlockBasedTable
2022/02/11-15:32:41.279329 7f40ee4f4340            table_factory options:   flush_block_policy_factory: FlushBlockBySizePolicyFactory (0x56248e9e3870)
  cache_index_and_filter_blocks: 0
  cache_index_and_filter_blocks_with_high_priority: 1
  pin_l0_filter_and_index_blocks_in_cache: 0
  pin_top_level_index_and_filter: 1
  index_type: 0
  data_block_index_type: 0
  index_shortening: 1
  data_block_hash_table_util_ratio: 0.750000
  hash_index_allow_collision: 1
  checksum: 1
  no_block_cache: 0
  block_cache: 0x56248e8f4e90
  block_cache_name: LRUCache
  block_cache_options:
    capacity : 8388608
    num_shard_bits : 4
    strict_capacity_limit : 0
    memory_allocator : None
    high_pri_pool_ratio: 0.000
  block_cache_compressed: (nil)
  persistent_cache: (nil)
  block_size: 4096
  block_size_deviation: 10
  block_restart_interval: 16
  index_block_restart_interval: 1
  metadata_block_size: 4096
  partition_filters: 0
  use_delta_encoding: 1
  filter_policy: nullptr
  whole_key_filtering: 1
  verify_compression: 0
  read_amp_bytes_per_bit: 0
  format_version: 5
  enable_index_compression: 1
  block_align: 0
2022/02/11-15:32:41.279332 7f40ee4f4340        Options.write_buffer_size: 67108864
2022/02/11-15:32:41.279334 7f40ee4f4340  Options.max_write_buffer_number: 2
2022/02/11-15:32:41.279335 7f40ee4f4340          Options.compression: Snappy
2022/02/11-15:32:41.279337 7f40ee4f4340                  Options.bottommost_compression: Disabled
2022/02/11-15:32:41.279338 7f40ee4f4340       Options.prefix_extractor: nullptr
2022/02/11-15:32:41.279339 7f40ee4f4340   Options.memtable_insert_with_hint_prefix_extractor: nullptr
2022/02/11-15:32:41.279341 7f40ee4f4340             Options.num_levels: 7
2022/02/11-15:32:41.279342 7f40ee4f4340        Options.min_write_buffer_number_to_merge: 1
2022/02/11-15:32:41.279344 7f40ee4f4340     Options.max_write_buffer_number_to_maintain: 0
2022/02/11-15:32:41.279345 7f40ee4f4340     Options.max_write_buffer_size_to_maintain: 0
2022/02/11-15:32:41.279346 7f40ee4f4340            Options.bottommost_compression_opts.window_bits: -14
2022/02/11-15:32:41.279348 7f40ee4f4340                  Options.bottommost_compression_opts.level: 32767
2022/02/11-15:32:41.279350 7f40ee4f4340               Options.bottommost_compression_opts.strategy: 0
2022/02/11-15:32:41.279362 7f40ee4f4340         Options.bottommost_compression_opts.max_dict_bytes: 0
2022/02/11-15:32:41.279364 7f40ee4f4340         Options.bottommost_compression_opts.zstd_max_train_bytes: 0
2022/02/11-15:32:41.279366 7f40ee4f4340         Options.bottommost_compression_opts.parallel_threads: 1
2022/02/11-15:32:41.279367 7f40ee4f4340                  Options.bottommost_compression_opts.enabled: false
2022/02/11-15:32:41.279369 7f40ee4f4340         Options.bottommost_compression_opts.max_dict_buffer_bytes: 0
2022/02/11-15:32:41.279370 7f40ee4f4340            Options.compression_opts.window_bits: -14
2022/02/11-15:32:41.279372 7f40ee4f4340                  Options.compression_opts.level: 32767
2022/02/11-15:32:41.279373 7f40ee4f4340               Options.compression_opts.strategy: 0
2022/02/11-15:32:41.279374 7f40ee4f4340         Options.compression_opts.max_dict_bytes: 0
2022/02/11-15:32:41.279376 7f40ee4f4340         Options.compression_opts.zstd_max_train_bytes: 0
2022/02/11-15:32:41.279377 7f40ee4f4340         Options.compression_opts.parallel_threads: 1
2022/02/11-15:32:41.279379 7f40ee4f4340                  Options.compression_opts.enabled: false
2022/02/11-15:32:41.279380 7f40ee4f4340         Options.compression_opts.max_dict_buffer_bytes: 0
2022/02/11-15:32:41.279381 7f40ee4f4340      Options.level0_file_num_compaction_trigger: 4
2022/02/11-15:32:41.279383 7f40ee4f4340          Options.level0_slowdown_writes_trigger: 20
2022/02/11-15:32:41.279384 7f40ee4f4340              Options.level0_stop_writes_trigger: 36
2022/02/11-15:32:41.279385 7f40ee4f4340                   Options.target_file_size_base: 67108864
2022/02/11-15:32:41.279387 7f40ee4f4340             Options.target_file_size_multiplier: 1
2022/02/11-15:32:41.279388 7f40ee4f4340                Options.max_bytes_for_level_base: 268435456
2022/02/11-15:32:41.279390 7f40ee4f4340 Options.level_compaction_dynamic_level_bytes: 0
2022/02/11-15:32:41.279391 7f40ee4f4340          Options.max_bytes_for_level_multiplier: 10.000000
2022/02/11-15:32:41.279395 7f40ee4f4340 Options.max_bytes_for_level_multiplier_addtl[0]: 1
2022/02/11-15:32:41.279397 7f40ee4f4340 Options.max_bytes_for_level_multiplier_addtl[1]: 1
2022/02/11-15:32:41.279399 7f40ee4f4340 Options.max_bytes_for_level_multiplier_addtl[2]: 1
2022/02/11-15:32:41.279400 7f40ee4f4340 Options.max_bytes_for_level_multiplier_addtl[3]: 1
2022/02/11-15:32:41.279401 7f40ee4f4340 Options.max_bytes_for_level_multiplier_addtl[4]: 1
2022/02/11-15:32:41.279403 7f40ee4f4340 Options.max_bytes_for_level_multiplier_addtl[5]: 1
2022/02/11-15:32:41.279404 7f40ee4f4340 Options.max_bytes_for_level_multiplier_addtl[6]: 1
2022/02/11-15:32:41.279405 7f40ee4f4340       Options.max_sequential_skip_in_iterations: 8
2022/02/11-15:32:41.279407 7f40ee4f4340                    Options.max_compaction_bytes: 1677721600
2022/02/11-15:32:41.279408 7f40ee4f4340                        Options.arena_block_size: 8388608
2022/02/11-15:32:41.279410 7f40ee4f4340   Options.soft_pending_compaction_bytes_limit: 68719476736
2022/02/11-15:32:41.279411 7f40ee4f4340   Options.hard_pending_compaction_bytes_limit: 274877906944
2022/02/11-15:32:41.279413 7f40ee4f4340       Options.rate_limit_delay_max_milliseconds: 100
2022/02/11-15:32:41.279414 7f40ee4f4340                Options.disable_auto_compactions: 0
2022/02/11-15:32:41.279416 7f40ee4f4340                        Options.compaction_style: kCompactionStyleLevel
2022/02/11-15:32:41.279419 7f40ee4f4340                          Options.compaction_pri: kMinOverlappingRatio
2022/02/11-15:32:41.279420 7f40ee4f4340 Options.compaction_options_universal.size_ratio: 1
2022/02/11-15:32:41.279422 7f40ee4f4340 Options.compaction_options_universal.min_merge_width: 2
2022/02/11-15:32:41.279423 7f40ee4f4340 Options.compaction_options_universal.max_merge_width: 4294967295
2022/02/11-15:32:41.279424 7f40ee4f4340 Options.compaction_options_universal.max_size_amplification_percent: 200
2022/02/11-15:32:41.279426 7f40ee4f4340 Options.compaction_options_universal.compression_size_percent: -1
2022/02/11-15:32:41.279435 7f40ee4f4340 Options.compaction_options_universal.stop_style: kCompactionStopStyleTotalSize
2022/02/11-15:32:41.279437 7f40ee4f4340 Options.compaction_options_fifo.max_table_files_size: 1073741824
2022/02/11-15:32:41.279438 7f40ee4f4340 Options.compaction_options_fifo.allow_compaction: 0
2022/02/11-15:32:41.279451 7f40ee4f4340                   Options.table_properties_collectors: 
2022/02/11-15:32:41.279453 7f40ee4f4340                   Options.inplace_update_support: 0
2022/02/11-15:32:41.279454 7f40ee4f4340                 Options.inplace_update_num_locks: 10000
2022/02/11-15:32:41.279456 7f40ee4f4340               Options.memtable_prefix_bloom_size_ratio: 0.000000
2022/02/11-15:32:41.279458 7f40ee4f4340               Options.memtable_whole_key_filtering: 0
2022/02/11-15:32:41.279459 7f40ee4f4340   Options.memtable_huge_page_size: 0
2022/02/11-15:32:41.279460 7f40ee4f4340                           Options.bloom_locality: 0
2022/02/11-15:32:41.279462 7f40ee4f4340                    Options.max_successive_merges: 0
2022/02/11-15:32:41.279463 7f40ee4f4340                Options.optimize_filters_for_hits: 0
2022/02/11-15:32:41.279465 7f40ee4f4340                Options.paranoid_file_checks: 0
2022/02/11-15:32:41.279466 7f40ee4f4340                Options.force_consistency_checks: 1
2022/02/11-15:32:41.279468 7f40ee4f4340                Options.report_bg_io_stats: 0
2022/02/11-15:32:41.279469 7f40ee4f4340                               Options.ttl: 2592000
2022/02/11-15:32:41.279470 7f40ee4f4340          Options.periodic_compaction_seconds: 0
2022/02/11-15:32:41.279472 7f40ee4f4340                    Options.enable_blob_files: false
2022/02/11-15:32:41.279473 7f40ee4f4340                        Options.min_blob_size: 0
2022/02/11-15:32:41.279474 7f40ee4f4340                       Options.blob_file_size: 268435456
2022/02/11-15:32:41.279476 7f40ee4f4340                Options.blob_compression_type: NoCompression
2022/02/11-15:32:41.279477 7f40ee4f4340       Options.enable_blob_garbage_collection: false
2022/02/11-15:32:41.279479 7f40ee4f4340   Options.blob_garbage_collection_age_cutoff: 0.250000
2022/02/11-15:32:41.279533 7f40ee4f4340 [db/column_family.cc:596] --------------- Options for column family [pending_orders]:
2022/02/11-15:32:41.279535 7f40ee4f4340               Options.comparator: leveldb.BytewiseComparator
2022/02/11-15:32:41.279537 7f40ee4f4340           Options.merge_operator: None
2022/02/11-15:32:41.279538 7f40ee4f4340        Options.compaction_filter: None
2022/02/11-15:32:41.279539 7f40ee4f4340        Options.compaction_filter_factory: None
2022/02/11-15:32:41.279541 7f40ee4f4340  Options.sst_partitioner_factory: None
2022/02/11-15:32:41.279542 7f40ee4f4340         Options.memtable_factory: SkipListFactory
2022/02/11-15:32:41.279543 7f40ee4f4340            Options.table_factory: BlockBasedTable
2022/02/11-15:32:41.279662 7f40ee4f4340            table_factory options:   flush_block_policy_factory: FlushBlockBySizePolicyFactory (0x56248e8e72d0)
  cache_index_and_filter_blocks: 0
  cache_index_and_filter_blocks_with_high_priority: 1
  pin_l0_filter_and_index_blocks_in_cache: 0
  pin_top_level_index_and_filter: 1
  index_type: 0
  data_block_index_type: 0
  index_shortening: 1
  data_block_hash_table_util_ratio: 0.750000
  hash_index_allow_collision: 1
  checksum: 1
  no_block_cache: 0
  block_cache: 0x56248e7ef230
  block_cache_name: LRUCache
  block_cache_options:
    capacity : 8388608
    num_shard_bits : 4
    strict_capacity_limit : 0
    memory_allocator : None
    high_pri_pool_ratio: 0.000
  block_cache_compressed: (nil)
  persistent_cache: (nil)
  block_size: 4096
  block_size_deviation: 10
  block_restart_interval: 16
  index_block_restart_interval: 1
  metadata_block_size: 4096
  partition_filters: 0
  use_delta_encoding: 1
  filter_policy: nullptr
  whole_key_filtering: 1
  verify_compression: 0
  read_amp_bytes_per_bit: 0
  format_version: 5
  enable_index_compression: 1
  block_align: 0
2022/02/11-15:32:41.279665 7f40ee4f4340        Options.write_buffer_size: 67108864
2022/02/11-15:32:41.279682 7f40ee4f4340  Options.max_write_buffer_number: 2
2022/02/11-15:32:41.279685 7f40ee4f4340          Options.compression: Snappy
2022/02/11-15:32:41.279686 7f40ee4f4340                  Options.bottommost_compression: Disabled
2022/02/11-15:32:41.279688 7f40ee4f4340       Options.prefix_extractor: nullptr
2022/02/11-15:32:41.279689 7f40ee4f4340   Options.memtable_insert_with_hint_prefix_extractor: nullptr
2022/02/11-15:32:41.279690 7f40ee4f4340             Options.num_levels: 7
2022/02/11-15:32:41.279692 7f40ee4f4340        Options.min_write_buffer_number_to_merge: 1
2022/02/11-15:32:41.279693 7f40ee4f4340     Options.max_write_buffer_number_to_maintain: 0
2022/02/11-15:32:41.279695 7f40ee4f4340     Options.max_write_buffer_size_to_maintain: 0
2022/02/11-15:32:41.279696 7f40ee4f4340            Options.bottommost_compression_opts.window_bits: -14
2022/02/11-15:32:41.279697 7f40ee4f4340                  Options.bottommost_compression_opts.level: 32767
2022/02/11-15:32:41.279699 7f40ee4f4340               Options.bottommost_compression_opts.strategy: 0
2022/02/11-15:32:41.279700 7f40ee4f4340         Options.bottommost_compression_opts.max_dict_bytes: 0
2022/02/11-15:32:41.279702 7f40ee4f4340         Options.bottommost_compression_opts.zstd_max_train_bytes: 0
2022/02/11-15:32:41.279703 7f40ee4f4340         Options.bottommost_compression_opts.parallel_threads: 1
2022/02/11-15:32:41.279704 7f40ee4f4340                  Options.bottommost_compression_opts.enabled: false
2022/02/11-15:32:41.279706 7f40ee4f4340         Options.bottommost_compression_opts.max_dict_buffer_bytes: 0
2022/02/11-15:32:41.279707 7f40ee4f4340            Options.compression_opts.window_bits: -14
2022/02/11-15:32:41.279708 7f40ee4f4340                  Options.compression_opts.level: 32767
2022/02/11-15:32:41.279710 7f40ee4f4340               Options.compression_opts.strategy: 0
2022/02/11-15:32:41.279711 7f40ee4f4340         Options.compression_opts.max_dict_bytes: 0
2022/02/11-15:32:41.279712 7f40ee4f4340         Options.compression_opts.zstd_max_train_bytes: 0
2022/02/11-15:32:41.279714 7f40ee4f4340         Options.compression_opts.parallel_threads: 1
2022/02/11-15:32:41.279715 7f40ee4f4340                  Options.compression_opts.enabled: false
2022/02/11-15:32:41.279716 7f40ee4f4340         Options.compression_opts.max_dict_buffer_bytes: 0
2022/02/11-15:32:41.279718 7f40ee4f4340      Options.level0_file_num_compaction_trigger: 4
2022/02/11-15:32:41.279719 7f40ee4f4340          Options.level0_slowdown_writes_trigger: 20
2022/02/11-15:32:41.279720 7f40ee4f4340              Options.level0_stop_writes_trigger: 36
2022/02/11-15:32:41.279722 7f40ee4f4340                   Options.target_file_size_base: 67108864
2022/02/11-15:32:41.279723 7f40ee4f4340             Options.target_file_size_multiplier: 1
2022/02/11-15:32:41.279725 7f40ee4f4340                Options.max_bytes_for_level_base: 268435456
2022/02/11-15:32:41.279726 7f40ee4f4340 Options.level_compaction_dynamic_level_bytes: 0
2022/02/11-15:32:41.279727 7f40ee4f4340          Options.max_bytes_for_level_multiplier: 10.000000
2022/02/11-15:32:41.279730 7f40ee4f4340 Options.max_bytes_for_level_multiplier_addtl[0]: 1
2022/02/11-15:32:41.279732 7f40ee4f4340 Options.max_bytes_for_level_multiplier_addtl[1]: 1
2022/02/11-15:32:41.279733 7f40ee4f4340 Options.max_bytes_for_level_multiplier_addtl[2]: 1
2022/02/11-15:32:41.279735 7f40ee4f4340 Options.max_bytes_for_level_multiplier_addtl[3]: 1
2022/02/11-15:32:41.279736 7f40ee4f4340 Options.max_bytes_for_level_multiplier_addtl[4]: 1
2022/02/11-15:32:41.279737 7f40ee4f4340 Options.max_bytes_for_level_multiplier_addtl[5]: 1
2022/02/11-15:32:41.279739 7f40ee4f4340 Options.max_bytes_for_level_multiplier_addtl[6]: 1
2022/02/11-15:32:41.279740 7f40ee4f4340       Options.max_sequential_skip_in_iterations: 8
2022/02/11-15:32:41.279742 7f40ee4f4340                    Options.max_compaction_bytes: 1677721600
2022/02/11-15:32:41.279743 7f40ee4f4340                        Options.arena_block_size: 8388608
2022/02/11-15:32:41.279752 7f40ee4f4340   Options.soft_pending_compaction_bytes_limit: 68719476736
2022/02/11-15:32:41.279754 7f40ee4f4340   Options.hard_pending_compaction_bytes_limit: 274877906944
2022/02/11-15:32:41.279756 7f40ee4f4340       Options.rate_limit_delay_max_milliseconds: 100
2022/02/11-15:32:41.279757 7f40ee4f4340                Options.disable_auto_compactions: 0
2022/02/11-15:32:41.279759 7f40ee4f4340                        Options.compaction_style: kCompactionStyleLevel
2022/02/11-15:32:41.279761 7f40ee4f4340                          Options.compaction_pri: kMinOverlappingRatio
2022/02/11-15:32:41.279762 7f40ee4f4340 Options.compaction_options_universal.size_ratio: 1
2022/02/11-15:32:41.279763 7f40ee4f4340 Options.compaction_options_universal.min_merge_width: 2
2022/02/11-15:32:41.279765 7f40ee4f4340 Options.compaction_options_universal.max_merge_width: 4294967295
2022/02/11-15:32:41.279766 7f40ee4f4340 Options.compaction_options_universal.max_size_amplification_percent: 200
2022/02/11-15:32:41.279768 7f40ee4f4340 Options.compaction_options_universal.compression_size_percent: -1
2022/02/11-15:32:41.279770 7f40ee4f4340 Options.compaction_options_universal.stop_style: kCompactionStopStyleTotalSize
2022/02/11-15:32:41.279772 7f40ee4f4340 Options.compaction_options_fifo.max_table_files_size: 1073741824
2022/02/11-15:32:41.279773 7f40ee4f4340 Options.compaction_options_fifo.allow_compaction: 0
2022/02/11-15:32:41.279778 7f40ee4f4340                   Options.table_properties_collectors: 
2022/02/11-15:32:41.279780 7f40ee4f4340                   Options.inplace_update_support: 0
2022/02/11-15:32:41.279781 7f40ee4f4340                 Options.inplace_update_num_locks: 10000
2022/02/11-15:32:41.279783 7f40ee4f4340               Options.memtable_prefix_bloom_size_ratio: 0.000000
2022/02/11-15:32:41.279785 7f40ee4f4340               Options.memtable_whole_key_filtering: 0
2022/02/11-15:32:41.279786 7f40ee4f4340   Options.memtable_huge_page_size: 0
2022/02/11-15:32:41.279787 7f40ee4f4340                           Options.bloom_locality: 0
2022/02/11-15:32:41.279789 7f40ee4f4340                    Options.max_successive_merges: 0
2022/02/11-15:32:41.279790 7f40ee4f4340                Options.optimize_filters_for_hits: 0
2022/02/11-15:32:41.279792 7f40ee4f4340                Options.paranoid_file_checks: 0
2022/02/11-15:32:41.279793 7f40ee4f4340                Options.force_consistency_checks: 1
2022/02/11-15:32:41.279794 7f40ee4f4340                Options.report_bg_io_stats: 0
2022/02/11-15:32:41.279796 7f40ee4f4340                               Options.ttl: 2592000
2022/02/11-15:32:41.279797 7f40ee4f4340          Options.periodic_compaction_seconds: 0
2022/02/11-15:32:41.279798 7f40ee4f4340                    Options.enable_blob_files: false
2022/02/11-15:32:41.279800 7f40ee4f4340                        Options.min_blob_size: 0
2022/02/11-15:32:41.279801 7f40ee4f4340                       Options.blob_file_size: 268435456
2022/02/11-15:32:41.279803 7f40ee4f4340                Options.blob_compression_type: NoCompression
2022/02/11-15:32:41.279804 7f40ee4f4340       Options.enable_blob_garbage_collection: false
2022/02/11-15:32:41.279805 7f40ee4f4340   Options.blob_garbage_collection_age_cutoff: 0.250000
2022/02/11-15:32:41.279857 7f40ee4f4340 [db/column_family.cc:596] --------------- Options for column family [certificates]:
2022/02/11-15:32:41.279860 7f40ee4f4340               Options.comparator: leveldb.BytewiseComparator
2022/02/11-15:32:41.279861 7f40ee4f4340           Options.merge_operator: None
2022/02/11-15:32:41.279862 7f40ee4f4340        Options.compaction_filter: None
2022/02/11-15:32:41.279864 7f40ee4f4340        Options.compaction_filter_factory: None
2022/02/11-15:32:41.279865 7f40ee4f4340  Options.sst_partitioner_factory: None
2022/02/11-15:32:41.279866 7f40ee4f4340         Options.memtable_factory: SkipListFactory
2022/02/11-15:32:41.279868 7f40ee4f4340            Options.table_factory: BlockBasedTable
2022/02/11-15:32:41.279939 7f40ee4f4340            table_factory options:   flush_block_policy_factory: FlushBlockBySizePolicyFactory (0x56248e6e3ed0)
  cache_index_and_filter_blocks: 0
  cache_index_and_filter_blocks_with_high_priority: 1
  pin_l0_filter_and_index_blocks_in_cache: 0
  pin_top_level_index_and_filter: 1
  index_type: 0
  data_block_index_type: 0
  index_shortening: 1
  data_block_hash_table_util_ratio: 0.750000
  hash_index_allow_collision: 1
  checksum: 1
  no_block_cache: 0
  block_cache: 0x56248e83db00
  block_cache_name: LRUCache
  block_cache_options:
    capacity : 8388608
    num_shard_bits : 4
    strict_capacity_limit : 0
    memory_allocator : None
    high_pri_pool_ratio: 0.000
  block_cache_compressed: (nil)
  persistent_cache: (nil)
  block_size: 4096
  block_size_deviation: 10
  block_restart_interval: 16
  index_block_restart_interval: 1
  metadata_block_size: 4096
  partition_filters: 0
  use_delta_encoding: 1
  filter_policy: nullptr
  whole_key_filtering: 1
  verify_compression: 0
  read_amp_bytes_per_bit: 0
  format_version: 5
  enable_index_compression: 1
  block_align: 0
2022/02/11-15:32:41.279955 7f40ee4f4340        Options.write_buffer_size: 67108864
2022/02/11-15:32:41.279958 7f40ee4f4340  Options.max_write_buffer_number: 2
2022/02/11-15:32:41.279960 7f40ee4f4340          Options.compression: Snappy
2022/02/11-15:32:41.279962 7f40ee4f4340                  Options.bottommost_compression: Disabled
2022/02/11-15:32:41.279963 7f40ee4f4340       Options.prefix_extractor: nullptr
2022/02/11-15:32:41.279965 7f40ee4f4340   Options.memtable_insert_with_hint_prefix_extractor: nullptr
2022/02/11-15:32:41.279966 7f40ee4f4340             Options.num_levels: 7
2022/02/11-15:32:41.279968 7f40ee4f4340        Options.min_write_buffer_number_to_merge: 1
2022/02/11-15:32:41.279969 7f40ee4f4340     Options.max_write_buffer_number_to_maintain: 0
2022/02/11-15:32:41.279970 7f40ee4f4340     Options.max_write_buffer_size_to_maintain: 0
2022/02/11-15:32:41.279972 7f40ee4f4340            Options.bottommost_compression_opts.window_bits: -14
2022/02/11-15:32:41.279973 7f40ee4f4340                  Options.bottommost_compression_opts.level: 32767
2022/02/11-15:32:41.279974 7f40ee4f4340               Options.bottommost_compression_opts.strategy: 0
2022/02/11-15:32:41.279976 7f40ee4f4340         Options.bottommost_compression_opts.max_dict_bytes: 0
2022/02/11-15:32:41.279977 7f40ee4f4340         Options.bottommost_compression_opts.zstd_max_train_bytes: 0
2022/02/11-15:32:41.279979 7f40ee4f4340         Options.bottommost_compression_opts.parallel_threads: 1
2022/02/11-15:32:41.279980 7f40ee4f4340                  Options.bottommost_compression_opts.enabled: false
2022/02/11-15:32:41.279981 7f40ee4f4340         Options.bottommost_compression_opts.max_dict_buffer_bytes: 0
2022/02/11-15:32:41.279983 7f40ee4f4340            Options.compression_opts.window_bits: -14
2022/02/11-15:32:41.279984 7f40ee4f4340                  Options.compression_opts.level: 32767
2022/02/11-15:32:41.279986 7f40ee4f4340               Options.compression_opts.strategy: 0
2022/02/11-15:32:41.279987 7f40ee4f4340         Options.compression_opts.max_dict_bytes: 0
2022/02/11-15:32:41.279988 7f40ee4f4340         Options.compression_opts.zstd_max_train_bytes: 0
2022/02/11-15:32:41.279990 7f40ee4f4340         Options.compression_opts.parallel_threads: 1
2022/02/11-15:32:41.279991 7f40ee4f4340                  Options.compression_opts.enabled: false
2022/02/11-15:32:41.279992 7f40ee4f4340         Options.compression_opts.max_dict_buffer_bytes: 0
2022/02/11-15:32:41.279994 7f40ee4f4340      Options.level0_file_num_compaction_trigger: 4
2022/02/11-15:32:41.279995 7f40ee4f4340          Options.level0_slowdown_writes_trigger: 20
2022/02/11-15:32:41.279996 7f40ee4f4340              Options.level0_stop_writes_trigger: 36
2022/02/11-15:32:41.279998 7f40ee4f4340                   Options.target_file_size_base: 67108864
2022/02/11-15:32:41.279999 7f40ee4f4340             Options.target_file_size_multiplier: 1
2022/02/11-15:32:41.280001 7f40ee4f4340                Options.max_bytes_for_level_base: 268435456
2022/02/11-15:32:41.280002 7f40ee4f4340 Options.level_compaction_dynamic_level_bytes: 0
2022/02/11-15:32:41.280011 7f40ee4f4340          Options.max_bytes_for_level_multiplier: 10.000000
2022/02/11-15:32:41.280013 7f40ee4f4340 Options.max_bytes_for_level_multiplier_addtl[0]: 1
2022/02/11-15:32:41.280015 7f40ee4f4340 Options.max_bytes_for_level_multiplier_addtl[1]: 1
2022/02/11-15:32:41.280016 7f40ee4f4340 Options.max_bytes_for_level_multiplier_addtl[2]: 1
2022/02/11-15:32:41.280018 7f40ee4f4340 Options.max_bytes_for_level_multiplier_addtl[3]: 1
2022/02/11-15:32:41.280019 7f40ee4f4340 Options.max_bytes_for_level_multiplier_addtl[4]: 1
2022/02/11-15:32:41.280021 7f40ee4f4340 Options.max_bytes_for_level_multiplier_addtl[5]: 1
2022/02/11-15:32:41.280022 7f40ee4f4340 Options.max_bytes_for_level_multiplier_addtl[6]: 1
2022/02/11-15:32:41.280023 7f40ee4f4340       Options.max_sequential_skip_in_iterations: 8
2022/02/11-15:32:41.280025 7f40ee4f4340                    Options.max_compaction_bytes: 1677721600
2022/02/11-15:32:41.280026 7f40ee4f4340                        Options.arena_block_size: 8388608
2022/02/11-15:32:41.280028 7f40ee4f4340   Options.soft_pending_compaction_bytes_limit: 68719476736
2022/02/11-15:32:41.280029 7f40ee4f4340   Options.hard_pending_compaction_bytes_limit: 274877906944
2022/02/11-15:32:41.280030 7f40ee4f4340       Options.rate_limit_delay_max_milliseconds: 100
2022/02/11-15:32:41.280032 7f40ee4f4340                Options.disable_auto_compactions: 0
2022/02/11-15:32:41.280033 7f40ee4f4340                        Options.compaction_style: kCompactionStyleLevel
2022/02/11-15:32:41.280035 7f40ee4f4340                          Options.compaction_pri: kMinOverlappingRatio
2022/02/11-15:32:41.280036 7f40ee4f4340 Options.compaction_options_universal.size_ratio: 1
2022/02/11-15:32:41.280038 7f40ee4f4340 Options.compaction_options_universal.min_merge_width: 2
2022/02/11-15:32:41.280039 7f40ee4f4340 Options.compaction_options_universal.max_merge_width: 4294967295
2022/02/11-15:32:41.280040 7f40ee4f4340 Options.compaction_options_universal.max_size_amplification_percent: 200
2022/02/11-15:32:41.280042 7f40ee4f4340 Options.compaction_options_universal.compression_size_percent: -1
2022/02/11-15:32:41.280044 7f40ee4f4340 Options.compaction_options_universal.stop_style: kCompactionStopStyleTotalSize
2022/02/11-15:32:41.280045 7f40ee4f4340 Options.compaction_options_fifo.max_table_files_size: 1073741824
2022/02/11-15:32:41.280047 7f40ee4f4340 Options.compaction_options_fifo.allow_compaction: 0
2022/02/11-15:32:41.280050 7f40ee4f4340                   Options.table_properties_collectors: 
2022/02/11-15:32:41.280052 7f40ee4f4340                   Options.inplace_update_support: 0
2022/02/11-15:32:41.280053 7f40ee4f4340                 Options.inplace_update_num_locks: 10000
2022/02/11-15:32:41.280055 7f40ee4f4340               Options.memtable_prefix_bloom_size_ratio: 0.000000
2022/02/11-15:32:41.280057 7f40ee4f4340               Options.memtable_whole_key_filtering: 0
2022/02/11-15:32:41.280058 7f40ee4f4340   Options.memtable_huge_page_size: 0
2022/02/11-15:32:41.280059 7f40ee4f4340                           Options.bloom_locality: 0
2022/02/11-15:32:41.280061 7f40ee4f4340                    Options.max_successive_merges: 0
2022/02/11-15:32:41.280062 7f40ee4f4340                Options.optimize_filters_for_hits: 0
2022/02/11-15:32:41.280063 7f40ee4f4340                Options.paranoid_file_checks: 0
2022/02/11-15:32:41.280065 7f40ee4f4340                Options.force_consistency_checks: 1
2022/02/11-15:32:41.280066 7f40ee4f4340                Options.report_bg_io_stats: 0
2022/02/11-15:32:41.280067 7f40ee4f4340                               Options.ttl: 2592000
2022/02/11-15:32:41.280069 7f40ee4f4340          Options.periodic_compaction_seconds: 0
2022/02/11-15:32:41.280070 7f40ee4f4340                    Options.enable_blob_files: false
2022/02/11-15:32:41.280071 7f40ee4f4340                        Options.min_blob_size: 0
2022/02/11-15:32:41.280073 7f40ee4f4340                       Options.blob_file_size: 268435456
2022/02/11-15:32:41.280074 7f40ee4f4340                Options.blob_compression_type: NoCompression
2022/02/11-15:32:41.280087 7f40ee4f4340       Options.enable_blob_garbage_collection: false
2022/02/11-15:32:41.280089 7f40ee4f4340   Options.blob_garbage_collection_age_cutoff: 0.250000
2022/02/11-15:32:41.280149 7f40ee4f4340 [db/column_family.cc:596] --------------- Options for column family [object_certs]:
2022/02/11-15:32:41.280151 7f40ee4f4340               Options.comparator: leveldb.BytewiseComparator
2022/02/11-15:32:41.280153 7f40ee4f4340           Options.merge_operator: None
2022/02/11-15:32:41.280154 7f40ee4f4340        Options.compaction_filter: None
2022/02/11-15:32:41.280155 7f40ee4f4340        Options.compaction_filter_factory: None
2022/02/11-15:32:41.280157 7f40ee4f4340  Options.sst_partitioner_factory: None
2022/02/11-15:32:41.280158 7f40ee4f4340         Options.memtable_factory: SkipListFactory
2022/02/11-15:32:41.280159 7f40ee4f4340            Options.table_factory: BlockBasedTable
2022/02/11-15:32:41.280187 7f40ee4f4340            table_factory options:   flush_block_policy_factory: FlushBlockBySizePolicyFactory (0x56248e8d6760)
  cache_index_and_filter_blocks: 0
  cache_index_and_filter_blocks_with_high_priority: 1
  pin_l0_filter_and_index_blocks_in_cache: 0
  pin_top_level_index_and_filter: 1
  index_type: 0
  data_block_index_type: 0
  index_shortening: 1
  data_block_hash_table_util_ratio: 0.750000
  hash_index_allow_collision: 1
  checksum: 1
  no_block_cache: 0
  block_cache: 0x56248e953d00
  block_cache_name: LRUCache
  block_cache_options:
    capacity : 8388608
    num_shard_bits : 4
    strict_capacity_limit : 0
    memory_allocator : None
    high_pri_pool_ratio: 0.000
  block_cache_compressed: (nil)
  persistent_cache: (nil)
  block_size: 4096
  block_size_deviation: 10
  block_restart_interval: 16
  index_block_restart_interval: 1
  metadata_block_size: 4096
  partition_filters: 0
  use_delta_encoding: 1
  filter_policy: nullptr
  whole_key_filtering: 1
  verify_compression: 0
  read_amp_bytes_per_bit: 0
  format_version: 5
  enable_index_compression: 1
  block_align: 0
2022/02/11-15:32:41.280189 7f40ee4f4340        Options.write_buffer_size: 67108864
2022/02/11-15:32:41.280190 7f40ee4f4340  Options.max_write_buffer_number: 2
2022/02/11-15:32:41.280192 7f40ee4f4340          Options.compression: Snappy
2022/02/11-15:32:41.280193 7f40ee4f4340                  Options.bottommost_compression: Disabled
2022/02/11-15:32:41.280194 7f40ee4f4340       Options.prefix_extractor: nullptr
2022/02/11-15:32:41.280196 7f40ee4f4340   Options.memtable_insert_with_hint_prefix_extractor: nullptr
2022/02/11-15:32:41.280197 7f40ee4f4340             Options.num_levels: 7
2022/02/11-15:32:41.280199 7f40ee4f4340        Options.min_write_buffer_number_to_merge: 1
2022/02/11-15:32:41.280200 7f40ee4f4340     Options.max_write_buffer_number_to_maintain: 0
2022/02/11-15:32:41.280201 7f40ee4f4340     Options.max_write_buffer_size_to_maintain: 0
