2022/02/11-15:13:57.198738 7f864adfbf40 RocksDB version: 6.20.3
2022/02/11-15:13:57.198764 7f864adfbf40 Git sha 8608d75d85f8e1b3b64b73a4fb6d19baec61ba5c
2022/02/11-15:13:57.198767 7f864adfbf40 Compile date 2021-05-05 20:35:30
2022/02/11-15:13:57.198822 7f864adfbf40 DB SUMMARY
2022/02/11-15:13:57.198825 7f864adfbf40 DB Session ID:  4OY02RIH4J3B5170SIWH
2022/02/11-15:13:57.198858 7f864adfbf40 CURRENT file:  CURRENT
2022/02/11-15:13:57.198860 7f864adfbf40 IDENTITY file:  IDENTITY
2022/02/11-15:13:57.198864 7f864adfbf40 MANIFEST file:  MANIFEST-000027 size: 1265 Bytes
2022/02/11-15:13:57.198867 7f864adfbf40 SST files in ./authorities_db/k#3623beb7ac1dffe1f1b89d5069330eb02eee8eb57ddb979a08f261940bb5dba4 dir, Total Num: 4, files: 000023.sst 000024.sst 000025.sst 000026.sst 
2022/02/11-15:13:57.198870 7f864adfbf40 Write Ahead Log file in ./authorities_db/k#3623beb7ac1dffe1f1b89d5069330eb02eee8eb57ddb979a08f261940bb5dba4: 000028.log size: 18869 ; 
2022/02/11-15:13:57.198872 7f864adfbf40                         Options.error_if_exists: 0
2022/02/11-15:13:57.198874 7f864adfbf40                       Options.create_if_missing: 1
2022/02/11-15:13:57.198876 7f864adfbf40                         Options.paranoid_checks: 1
2022/02/11-15:13:57.198877 7f864adfbf40                               Options.track_and_verify_wals_in_manifest: 0
2022/02/11-15:13:57.198879 7f864adfbf40                                     Options.env: 0x55a2485dc6c0
2022/02/11-15:13:57.198881 7f864adfbf40                                      Options.fs: Posix File System
2022/02/11-15:13:57.198883 7f864adfbf40                                Options.info_log: 0x55a24ad599d0
2022/02/11-15:13:57.198884 7f864adfbf40                Options.max_file_opening_threads: 16
2022/02/11-15:13:57.198886 7f864adfbf40                              Options.statistics: (nil)
2022/02/11-15:13:57.198888 7f864adfbf40                               Options.use_fsync: 0
2022/02/11-15:13:57.198889 7f864adfbf40                       Options.max_log_file_size: 0
2022/02/11-15:13:57.198891 7f864adfbf40                  Options.max_manifest_file_size: 1073741824
2022/02/11-15:13:57.198892 7f864adfbf40                   Options.log_file_time_to_roll: 0
2022/02/11-15:13:57.198894 7f864adfbf40                       Options.keep_log_file_num: 1000
2022/02/11-15:13:57.198895 7f864adfbf40                    Options.recycle_log_file_num: 0
2022/02/11-15:13:57.198896 7f864adfbf40                         Options.allow_fallocate: 1
2022/02/11-15:13:57.198898 7f864adfbf40                        Options.allow_mmap_reads: 0
2022/02/11-15:13:57.198899 7f864adfbf40                       Options.allow_mmap_writes: 0
2022/02/11-15:13:57.198900 7f864adfbf40                        Options.use_direct_reads: 0
2022/02/11-15:13:57.198902 7f864adfbf40                        Options.use_direct_io_for_flush_and_compaction: 0
2022/02/11-15:13:57.198903 7f864adfbf40          Options.create_missing_column_families: 1
2022/02/11-15:13:57.198904 7f864adfbf40                              Options.db_log_dir: 
2022/02/11-15:13:57.198906 7f864adfbf40                                 Options.wal_dir: ./authorities_db/k#3623beb7ac1dffe1f1b89d5069330eb02eee8eb57ddb979a08f261940bb5dba4
2022/02/11-15:13:57.198907 7f864adfbf40                Options.table_cache_numshardbits: 6
2022/02/11-15:13:57.198909 7f864adfbf40                         Options.WAL_ttl_seconds: 0
2022/02/11-15:13:57.198910 7f864adfbf40                       Options.WAL_size_limit_MB: 0
2022/02/11-15:13:57.198911 7f864adfbf40                        Options.max_write_batch_group_size_bytes: 1048576
2022/02/11-15:13:57.198913 7f864adfbf40             Options.manifest_preallocation_size: 4194304
2022/02/11-15:13:57.198914 7f864adfbf40                     Options.is_fd_close_on_exec: 1
2022/02/11-15:13:57.198916 7f864adfbf40                   Options.advise_random_on_open: 1
2022/02/11-15:13:57.198917 7f864adfbf40                    Options.db_write_buffer_size: 0
2022/02/11-15:13:57.198918 7f864adfbf40                    Options.write_buffer_manager: 0x55a24ac8c6f0
2022/02/11-15:13:57.198920 7f864adfbf40         Options.access_hint_on_compaction_start: 1
2022/02/11-15:13:57.198932 7f864adfbf40  Options.new_table_reader_for_compaction_inputs: 0
2022/02/11-15:13:57.198934 7f864adfbf40           Options.random_access_max_buffer_size: 1048576
2022/02/11-15:13:57.198935 7f864adfbf40                      Options.use_adaptive_mutex: 0
2022/02/11-15:13:57.198937 7f864adfbf40                            Options.rate_limiter: (nil)
2022/02/11-15:13:57.198939 7f864adfbf40     Options.sst_file_manager.rate_bytes_per_sec: 0
2022/02/11-15:13:57.198940 7f864adfbf40                       Options.wal_recovery_mode: 2
2022/02/11-15:13:57.198941 7f864adfbf40                  Options.enable_thread_tracking: 0
2022/02/11-15:13:57.198943 7f864adfbf40                  Options.enable_pipelined_write: 0
2022/02/11-15:13:57.198944 7f864adfbf40                  Options.unordered_write: 0
2022/02/11-15:13:57.198945 7f864adfbf40         Options.allow_concurrent_memtable_write: 1
2022/02/11-15:13:57.198947 7f864adfbf40      Options.enable_write_thread_adaptive_yield: 1
2022/02/11-15:13:57.198948 7f864adfbf40             Options.write_thread_max_yield_usec: 100
2022/02/11-15:13:57.198949 7f864adfbf40            Options.write_thread_slow_yield_usec: 3
2022/02/11-15:13:57.198951 7f864adfbf40                               Options.row_cache: None
2022/02/11-15:13:57.198952 7f864adfbf40                              Options.wal_filter: None
2022/02/11-15:13:57.198954 7f864adfbf40             Options.avoid_flush_during_recovery: 0
2022/02/11-15:13:57.198955 7f864adfbf40             Options.allow_ingest_behind: 0
2022/02/11-15:13:57.198956 7f864adfbf40             Options.preserve_deletes: 0
2022/02/11-15:13:57.198958 7f864adfbf40             Options.two_write_queues: 0
2022/02/11-15:13:57.198959 7f864adfbf40             Options.manual_wal_flush: 0
2022/02/11-15:13:57.198960 7f864adfbf40             Options.atomic_flush: 0
2022/02/11-15:13:57.198962 7f864adfbf40             Options.avoid_unnecessary_blocking_io: 0
2022/02/11-15:13:57.198963 7f864adfbf40                 Options.persist_stats_to_disk: 0
2022/02/11-15:13:57.198964 7f864adfbf40                 Options.write_dbid_to_manifest: 0
2022/02/11-15:13:57.198966 7f864adfbf40                 Options.log_readahead_size: 0
2022/02/11-15:13:57.198967 7f864adfbf40                 Options.file_checksum_gen_factory: Unknown
2022/02/11-15:13:57.198969 7f864adfbf40                 Options.best_efforts_recovery: 0
2022/02/11-15:13:57.198970 7f864adfbf40                Options.max_bgerror_resume_count: 2147483647
2022/02/11-15:13:57.198971 7f864adfbf40            Options.bgerror_resume_retry_interval: 1000000
2022/02/11-15:13:57.198973 7f864adfbf40             Options.allow_data_in_errors: 0
2022/02/11-15:13:57.198974 7f864adfbf40             Options.db_host_id: __hostname__
2022/02/11-15:13:57.198976 7f864adfbf40             Options.max_background_jobs: 2
2022/02/11-15:13:57.198977 7f864adfbf40             Options.max_background_compactions: -1
2022/02/11-15:13:57.198978 7f864adfbf40             Options.max_subcompactions: 1
2022/02/11-15:13:57.198980 7f864adfbf40             Options.avoid_flush_during_shutdown: 0
2022/02/11-15:13:57.198981 7f864adfbf40           Options.writable_file_max_buffer_size: 1048576
2022/02/11-15:13:57.198983 7f864adfbf40             Options.delayed_write_rate : 16777216
2022/02/11-15:13:57.198984 7f864adfbf40             Options.max_total_wal_size: 0
2022/02/11-15:13:57.198986 7f864adfbf40             Options.delete_obsolete_files_period_micros: 21600000000
2022/02/11-15:13:57.198987 7f864adfbf40                   Options.stats_dump_period_sec: 600
2022/02/11-15:13:57.198989 7f864adfbf40                 Options.stats_persist_period_sec: 600
2022/02/11-15:13:57.198990 7f864adfbf40                 Options.stats_history_buffer_size: 1048576
2022/02/11-15:13:57.198991 7f864adfbf40                          Options.max_open_files: -1
2022/02/11-15:13:57.198993 7f864adfbf40                          Options.bytes_per_sync: 0
2022/02/11-15:13:57.198994 7f864adfbf40                      Options.wal_bytes_per_sync: 0
2022/02/11-15:13:57.198995 7f864adfbf40                   Options.strict_bytes_per_sync: 0
2022/02/11-15:13:57.199005 7f864adfbf40       Options.compaction_readahead_size: 0
2022/02/11-15:13:57.199008 7f864adfbf40                  Options.max_background_flushes: -1
2022/02/11-15:13:57.199009 7f864adfbf40 Compression algorithms supported:
2022/02/11-15:13:57.199011 7f864adfbf40 	kZSTDNotFinalCompression supported: 1
2022/02/11-15:13:57.199013 7f864adfbf40 	kZSTD supported: 1
2022/02/11-15:13:57.199015 7f864adfbf40 	kXpressCompression supported: 0
2022/02/11-15:13:57.199017 7f864adfbf40 	kLZ4HCCompression supported: 1
2022/02/11-15:13:57.199019 7f864adfbf40 	kLZ4Compression supported: 1
2022/02/11-15:13:57.199020 7f864adfbf40 	kBZip2Compression supported: 1
2022/02/11-15:13:57.199022 7f864adfbf40 	kZlibCompression supported: 1
2022/02/11-15:13:57.199023 7f864adfbf40 	kSnappyCompression supported: 1
2022/02/11-15:13:57.199026 7f864adfbf40 Fast CRC32 supported: Not supported on x86
2022/02/11-15:13:57.199081 7f864adfbf40 [db/version_set.cc:4626] Recovering from manifest file: ./authorities_db/k#3623beb7ac1dffe1f1b89d5069330eb02eee8eb57ddb979a08f261940bb5dba4/MANIFEST-000027
2022/02/11-15:13:57.199229 7f864adfbf40 [db/column_family.cc:596] --------------- Options for column family [default]:
2022/02/11-15:13:57.199232 7f864adfbf40               Options.comparator: leveldb.BytewiseComparator
2022/02/11-15:13:57.199234 7f864adfbf40           Options.merge_operator: None
2022/02/11-15:13:57.199235 7f864adfbf40        Options.compaction_filter: None
2022/02/11-15:13:57.199237 7f864adfbf40        Options.compaction_filter_factory: None
2022/02/11-15:13:57.199238 7f864adfbf40  Options.sst_partitioner_factory: None
2022/02/11-15:13:57.199239 7f864adfbf40         Options.memtable_factory: SkipListFactory
2022/02/11-15:13:57.199241 7f864adfbf40            Options.table_factory: BlockBasedTable
2022/02/11-15:13:57.199278 7f864adfbf40            table_factory options:   flush_block_policy_factory: FlushBlockBySizePolicyFactory (0x55a249b03040)
  cache_index_and_filter_blocks: 0
  cache_index_and_filter_blocks_with_high_priority: 1
  pin_l0_filter_and_index_blocks_in_cache: 0
  pin_top_level_index_and_filter: 1
  index_type: 0
  data_block_index_type: 0
  index_shortening: 1
  data_block_hash_table_util_ratio: 0.750000
  hash_index_allow_collision: 1
  checksum: 1
  no_block_cache: 0
  block_cache: 0x55a24ac81f90
  block_cache_name: LRUCache
  block_cache_options:
    capacity : 8388608
    num_shard_bits : 4
    strict_capacity_limit : 0
    memory_allocator : None
    high_pri_pool_ratio: 0.000
  block_cache_compressed: (nil)
  persistent_cache: (nil)
  block_size: 4096
  block_size_deviation: 10
  block_restart_interval: 16
  index_block_restart_interval: 1
  metadata_block_size: 4096
  partition_filters: 0
  use_delta_encoding: 1
  filter_policy: nullptr
  whole_key_filtering: 1
  verify_compression: 0
  read_amp_bytes_per_bit: 0
  format_version: 5
  enable_index_compression: 1
  block_align: 0
2022/02/11-15:13:57.199280 7f864adfbf40        Options.write_buffer_size: 67108864
2022/02/11-15:13:57.199282 7f864adfbf40  Options.max_write_buffer_number: 2
2022/02/11-15:13:57.199283 7f864adfbf40          Options.compression: Snappy
2022/02/11-15:13:57.199285 7f864adfbf40                  Options.bottommost_compression: Disabled
2022/02/11-15:13:57.199286 7f864adfbf40       Options.prefix_extractor: nullptr
2022/02/11-15:13:57.199287 7f864adfbf40   Options.memtable_insert_with_hint_prefix_extractor: nullptr
2022/02/11-15:13:57.199289 7f864adfbf40             Options.num_levels: 7
2022/02/11-15:13:57.199290 7f864adfbf40        Options.min_write_buffer_number_to_merge: 1
2022/02/11-15:13:57.199291 7f864adfbf40     Options.max_write_buffer_number_to_maintain: 0
2022/02/11-15:13:57.199292 7f864adfbf40     Options.max_write_buffer_size_to_maintain: 0
2022/02/11-15:13:57.199294 7f864adfbf40            Options.bottommost_compression_opts.window_bits: -14
2022/02/11-15:13:57.199295 7f864adfbf40                  Options.bottommost_compression_opts.level: 32767
2022/02/11-15:13:57.199311 7f864adfbf40               Options.bottommost_compression_opts.strategy: 0
2022/02/11-15:13:57.199313 7f864adfbf40         Options.bottommost_compression_opts.max_dict_bytes: 0
2022/02/11-15:13:57.199314 7f864adfbf40         Options.bottommost_compression_opts.zstd_max_train_bytes: 0
2022/02/11-15:13:57.199316 7f864adfbf40         Options.bottommost_compression_opts.parallel_threads: 1
2022/02/11-15:13:57.199317 7f864adfbf40                  Options.bottommost_compression_opts.enabled: false
2022/02/11-15:13:57.199318 7f864adfbf40         Options.bottommost_compression_opts.max_dict_buffer_bytes: 0
2022/02/11-15:13:57.199320 7f864adfbf40            Options.compression_opts.window_bits: -14
2022/02/11-15:13:57.199321 7f864adfbf40                  Options.compression_opts.level: 32767
2022/02/11-15:13:57.199322 7f864adfbf40               Options.compression_opts.strategy: 0
2022/02/11-15:13:57.199324 7f864adfbf40         Options.compression_opts.max_dict_bytes: 0
2022/02/11-15:13:57.199325 7f864adfbf40         Options.compression_opts.zstd_max_train_bytes: 0
2022/02/11-15:13:57.199326 7f864adfbf40         Options.compression_opts.parallel_threads: 1
2022/02/11-15:13:57.199328 7f864adfbf40                  Options.compression_opts.enabled: false
2022/02/11-15:13:57.199329 7f864adfbf40         Options.compression_opts.max_dict_buffer_bytes: 0
2022/02/11-15:13:57.199330 7f864adfbf40      Options.level0_file_num_compaction_trigger: 4
2022/02/11-15:13:57.199331 7f864adfbf40          Options.level0_slowdown_writes_trigger: 20
2022/02/11-15:13:57.199333 7f864adfbf40              Options.level0_stop_writes_trigger: 36
2022/02/11-15:13:57.199334 7f864adfbf40                   Options.target_file_size_base: 67108864
2022/02/11-15:13:57.199335 7f864adfbf40             Options.target_file_size_multiplier: 1
2022/02/11-15:13:57.199337 7f864adfbf40                Options.max_bytes_for_level_base: 268435456
2022/02/11-15:13:57.199338 7f864adfbf40 Options.level_compaction_dynamic_level_bytes: 0
2022/02/11-15:13:57.199339 7f864adfbf40          Options.max_bytes_for_level_multiplier: 10.000000
2022/02/11-15:13:57.199342 7f864adfbf40 Options.max_bytes_for_level_multiplier_addtl[0]: 1
2022/02/11-15:13:57.199344 7f864adfbf40 Options.max_bytes_for_level_multiplier_addtl[1]: 1
2022/02/11-15:13:57.199346 7f864adfbf40 Options.max_bytes_for_level_multiplier_addtl[2]: 1
2022/02/11-15:13:57.199347 7f864adfbf40 Options.max_bytes_for_level_multiplier_addtl[3]: 1
2022/02/11-15:13:57.199348 7f864adfbf40 Options.max_bytes_for_level_multiplier_addtl[4]: 1
2022/02/11-15:13:57.199350 7f864adfbf40 Options.max_bytes_for_level_multiplier_addtl[5]: 1
2022/02/11-15:13:57.199351 7f864adfbf40 Options.max_bytes_for_level_multiplier_addtl[6]: 1
2022/02/11-15:13:57.199352 7f864adfbf40       Options.max_sequential_skip_in_iterations: 8
2022/02/11-15:13:57.199354 7f864adfbf40                    Options.max_compaction_bytes: 1677721600
2022/02/11-15:13:57.199355 7f864adfbf40                        Options.arena_block_size: 8388608
2022/02/11-15:13:57.199356 7f864adfbf40   Options.soft_pending_compaction_bytes_limit: 68719476736
2022/02/11-15:13:57.199358 7f864adfbf40   Options.hard_pending_compaction_bytes_limit: 274877906944
2022/02/11-15:13:57.199359 7f864adfbf40       Options.rate_limit_delay_max_milliseconds: 100
2022/02/11-15:13:57.199360 7f864adfbf40                Options.disable_auto_compactions: 0
2022/02/11-15:13:57.199363 7f864adfbf40                        Options.compaction_style: kCompactionStyleLevel
2022/02/11-15:13:57.199365 7f864adfbf40                          Options.compaction_pri: kMinOverlappingRatio
2022/02/11-15:13:57.199366 7f864adfbf40 Options.compaction_options_universal.size_ratio: 1
2022/02/11-15:13:57.199367 7f864adfbf40 Options.compaction_options_universal.min_merge_width: 2
2022/02/11-15:13:57.199368 7f864adfbf40 Options.compaction_options_universal.max_merge_width: 4294967295
2022/02/11-15:13:57.199370 7f864adfbf40 Options.compaction_options_universal.max_size_amplification_percent: 200
2022/02/11-15:13:57.199371 7f864adfbf40 Options.compaction_options_universal.compression_size_percent: -1
2022/02/11-15:13:57.199380 7f864adfbf40 Options.compaction_options_universal.stop_style: kCompactionStopStyleTotalSize
2022/02/11-15:13:57.199382 7f864adfbf40 Options.compaction_options_fifo.max_table_files_size: 1073741824
2022/02/11-15:13:57.199383 7f864adfbf40 Options.compaction_options_fifo.allow_compaction: 0
2022/02/11-15:13:57.199396 7f864adfbf40                   Options.table_properties_collectors: 
2022/02/11-15:13:57.199397 7f864adfbf40                   Options.inplace_update_support: 0
2022/02/11-15:13:57.199398 7f864adfbf40                 Options.inplace_update_num_locks: 10000
2022/02/11-15:13:57.199400 7f864adfbf40               Options.memtable_prefix_bloom_size_ratio: 0.000000
2022/02/11-15:13:57.199402 7f864adfbf40               Options.memtable_whole_key_filtering: 0
2022/02/11-15:13:57.199403 7f864adfbf40   Options.memtable_huge_page_size: 0
2022/02/11-15:13:57.199404 7f864adfbf40                           Options.bloom_locality: 0
2022/02/11-15:13:57.199405 7f864adfbf40                    Options.max_successive_merges: 0
2022/02/11-15:13:57.199407 7f864adfbf40                Options.optimize_filters_for_hits: 0
2022/02/11-15:13:57.199408 7f864adfbf40                Options.paranoid_file_checks: 0
2022/02/11-15:13:57.199409 7f864adfbf40                Options.force_consistency_checks: 1
2022/02/11-15:13:57.199410 7f864adfbf40                Options.report_bg_io_stats: 0
2022/02/11-15:13:57.199412 7f864adfbf40                               Options.ttl: 2592000
2022/02/11-15:13:57.199413 7f864adfbf40          Options.periodic_compaction_seconds: 0
2022/02/11-15:13:57.199414 7f864adfbf40                    Options.enable_blob_files: false
2022/02/11-15:13:57.199415 7f864adfbf40                        Options.min_blob_size: 0
2022/02/11-15:13:57.199417 7f864adfbf40                       Options.blob_file_size: 268435456
2022/02/11-15:13:57.199418 7f864adfbf40                Options.blob_compression_type: NoCompression
2022/02/11-15:13:57.199419 7f864adfbf40       Options.enable_blob_garbage_collection: false
2022/02/11-15:13:57.199421 7f864adfbf40   Options.blob_garbage_collection_age_cutoff: 0.250000
2022/02/11-15:13:57.199495 7f864adfbf40 [db/column_family.cc:596] --------------- Options for column family [objects]:
2022/02/11-15:13:57.199497 7f864adfbf40               Options.comparator: leveldb.BytewiseComparator
2022/02/11-15:13:57.199499 7f864adfbf40           Options.merge_operator: None
2022/02/11-15:13:57.199500 7f864adfbf40        Options.compaction_filter: None
2022/02/11-15:13:57.199501 7f864adfbf40        Options.compaction_filter_factory: None
2022/02/11-15:13:57.199503 7f864adfbf40  Options.sst_partitioner_factory: None
2022/02/11-15:13:57.199504 7f864adfbf40         Options.memtable_factory: SkipListFactory
2022/02/11-15:13:57.199505 7f864adfbf40            Options.table_factory: BlockBasedTable
2022/02/11-15:13:57.199529 7f864adfbf40            table_factory options:   flush_block_policy_factory: FlushBlockBySizePolicyFactory (0x55a249bd25f0)
  cache_index_and_filter_blocks: 0
  cache_index_and_filter_blocks_with_high_priority: 1
  pin_l0_filter_and_index_blocks_in_cache: 0
  pin_top_level_index_and_filter: 1
  index_type: 0
  data_block_index_type: 0
  index_shortening: 1
  data_block_hash_table_util_ratio: 0.750000
  hash_index_allow_collision: 1
  checksum: 1
  no_block_cache: 0
  block_cache: 0x55a24ac8a4a0
  block_cache_name: LRUCache
  block_cache_options:
    capacity : 8388608
    num_shard_bits : 4
    strict_capacity_limit : 0
    memory_allocator : None
    high_pri_pool_ratio: 0.000
  block_cache_compressed: (nil)
  persistent_cache: (nil)
  block_size: 4096
  block_size_deviation: 10
  block_restart_interval: 16
  index_block_restart_interval: 1
  metadata_block_size: 4096
  partition_filters: 0
  use_delta_encoding: 1
  filter_policy: nullptr
  whole_key_filtering: 1
  verify_compression: 0
  read_amp_bytes_per_bit: 0
  format_version: 5
  enable_index_compression: 1
  block_align: 0
2022/02/11-15:13:57.199531 7f864adfbf40        Options.write_buffer_size: 67108864
2022/02/11-15:13:57.199542 7f864adfbf40  Options.max_write_buffer_number: 2
2022/02/11-15:13:57.199544 7f864adfbf40          Options.compression: Snappy
2022/02/11-15:13:57.199545 7f864adfbf40                  Options.bottommost_compression: Disabled
2022/02/11-15:13:57.199546 7f864adfbf40       Options.prefix_extractor: nullptr
2022/02/11-15:13:57.199548 7f864adfbf40   Options.memtable_insert_with_hint_prefix_extractor: nullptr
2022/02/11-15:13:57.199549 7f864adfbf40             Options.num_levels: 7
2022/02/11-15:13:57.199550 7f864adfbf40        Options.min_write_buffer_number_to_merge: 1
2022/02/11-15:13:57.199552 7f864adfbf40     Options.max_write_buffer_number_to_maintain: 0
2022/02/11-15:13:57.199553 7f864adfbf40     Options.max_write_buffer_size_to_maintain: 0
2022/02/11-15:13:57.199554 7f864adfbf40            Options.bottommost_compression_opts.window_bits: -14
2022/02/11-15:13:57.199556 7f864adfbf40                  Options.bottommost_compression_opts.level: 32767
2022/02/11-15:13:57.199557 7f864adfbf40               Options.bottommost_compression_opts.strategy: 0
2022/02/11-15:13:57.199558 7f864adfbf40         Options.bottommost_compression_opts.max_dict_bytes: 0
2022/02/11-15:13:57.199559 7f864adfbf40         Options.bottommost_compression_opts.zstd_max_train_bytes: 0
2022/02/11-15:13:57.199561 7f864adfbf40         Options.bottommost_compression_opts.parallel_threads: 1
2022/02/11-15:13:57.199562 7f864adfbf40                  Options.bottommost_compression_opts.enabled: false
2022/02/11-15:13:57.199563 7f864adfbf40         Options.bottommost_compression_opts.max_dict_buffer_bytes: 0
2022/02/11-15:13:57.199565 7f864adfbf40            Options.compression_opts.window_bits: -14
2022/02/11-15:13:57.199566 7f864adfbf40                  Options.compression_opts.level: 32767
2022/02/11-15:13:57.199567 7f864adfbf40               Options.compression_opts.strategy: 0
2022/02/11-15:13:57.199568 7f864adfbf40         Options.compression_opts.max_dict_bytes: 0
2022/02/11-15:13:57.199570 7f864adfbf40         Options.compression_opts.zstd_max_train_bytes: 0
2022/02/11-15:13:57.199571 7f864adfbf40         Options.compression_opts.parallel_threads: 1
2022/02/11-15:13:57.199572 7f864adfbf40                  Options.compression_opts.enabled: false
2022/02/11-15:13:57.199573 7f864adfbf40         Options.compression_opts.max_dict_buffer_bytes: 0
2022/02/11-15:13:57.199575 7f864adfbf40      Options.level0_file_num_compaction_trigger: 4
2022/02/11-15:13:57.199576 7f864adfbf40          Options.level0_slowdown_writes_trigger: 20
2022/02/11-15:13:57.199577 7f864adfbf40              Options.level0_stop_writes_trigger: 36
2022/02/11-15:13:57.199578 7f864adfbf40                   Options.target_file_size_base: 67108864
2022/02/11-15:13:57.199580 7f864adfbf40             Options.target_file_size_multiplier: 1
2022/02/11-15:13:57.199581 7f864adfbf40                Options.max_bytes_for_level_base: 268435456
2022/02/11-15:13:57.199582 7f864adfbf40 Options.level_compaction_dynamic_level_bytes: 0
2022/02/11-15:13:57.199584 7f864adfbf40          Options.max_bytes_for_level_multiplier: 10.000000
2022/02/11-15:13:57.199586 7f864adfbf40 Options.max_bytes_for_level_multiplier_addtl[0]: 1
2022/02/11-15:13:57.199587 7f864adfbf40 Options.max_bytes_for_level_multiplier_addtl[1]: 1
2022/02/11-15:13:57.199589 7f864adfbf40 Options.max_bytes_for_level_multiplier_addtl[2]: 1
2022/02/11-15:13:57.199590 7f864adfbf40 Options.max_bytes_for_level_multiplier_addtl[3]: 1
2022/02/11-15:13:57.199591 7f864adfbf40 Options.max_bytes_for_level_multiplier_addtl[4]: 1
2022/02/11-15:13:57.199592 7f864adfbf40 Options.max_bytes_for_level_multiplier_addtl[5]: 1
2022/02/11-15:13:57.199594 7f864adfbf40 Options.max_bytes_for_level_multiplier_addtl[6]: 1
2022/02/11-15:13:57.199595 7f864adfbf40       Options.max_sequential_skip_in_iterations: 8
2022/02/11-15:13:57.199596 7f864adfbf40                    Options.max_compaction_bytes: 1677721600
2022/02/11-15:13:57.199598 7f864adfbf40                        Options.arena_block_size: 8388608
2022/02/11-15:13:57.199606 7f864adfbf40   Options.soft_pending_compaction_bytes_limit: 68719476736
2022/02/11-15:13:57.199608 7f864adfbf40   Options.hard_pending_compaction_bytes_limit: 274877906944
2022/02/11-15:13:57.199609 7f864adfbf40       Options.rate_limit_delay_max_milliseconds: 100
2022/02/11-15:13:57.199610 7f864adfbf40                Options.disable_auto_compactions: 0
2022/02/11-15:13:57.199612 7f864adfbf40                        Options.compaction_style: kCompactionStyleLevel
2022/02/11-15:13:57.199613 7f864adfbf40                          Options.compaction_pri: kMinOverlappingRatio
2022/02/11-15:13:57.199615 7f864adfbf40 Options.compaction_options_universal.size_ratio: 1
2022/02/11-15:13:57.199616 7f864adfbf40 Options.compaction_options_universal.min_merge_width: 2
2022/02/11-15:13:57.199617 7f864adfbf40 Options.compaction_options_universal.max_merge_width: 4294967295
2022/02/11-15:13:57.199618 7f864adfbf40 Options.compaction_options_universal.max_size_amplification_percent: 200
2022/02/11-15:13:57.199620 7f864adfbf40 Options.compaction_options_universal.compression_size_percent: -1
2022/02/11-15:13:57.199621 7f864adfbf40 Options.compaction_options_universal.stop_style: kCompactionStopStyleTotalSize
2022/02/11-15:13:57.199622 7f864adfbf40 Options.compaction_options_fifo.max_table_files_size: 1073741824
2022/02/11-15:13:57.199624 7f864adfbf40 Options.compaction_options_fifo.allow_compaction: 0
2022/02/11-15:13:57.199626 7f864adfbf40                   Options.table_properties_collectors: 
2022/02/11-15:13:57.199627 7f864adfbf40                   Options.inplace_update_support: 0
2022/02/11-15:13:57.199629 7f864adfbf40                 Options.inplace_update_num_locks: 10000
2022/02/11-15:13:57.199630 7f864adfbf40               Options.memtable_prefix_bloom_size_ratio: 0.000000
2022/02/11-15:13:57.199632 7f864adfbf40               Options.memtable_whole_key_filtering: 0
2022/02/11-15:13:57.199633 7f864adfbf40   Options.memtable_huge_page_size: 0
2022/02/11-15:13:57.199634 7f864adfbf40                           Options.bloom_locality: 0
2022/02/11-15:13:57.199636 7f864adfbf40                    Options.max_successive_merges: 0
2022/02/11-15:13:57.199637 7f864adfbf40                Options.optimize_filters_for_hits: 0
2022/02/11-15:13:57.199638 7f864adfbf40                Options.paranoid_file_checks: 0
2022/02/11-15:13:57.199639 7f864adfbf40                Options.force_consistency_checks: 1
2022/02/11-15:13:57.199641 7f864adfbf40                Options.report_bg_io_stats: 0
2022/02/11-15:13:57.199642 7f864adfbf40                               Options.ttl: 2592000
2022/02/11-15:13:57.199643 7f864adfbf40          Options.periodic_compaction_seconds: 0
2022/02/11-15:13:57.199644 7f864adfbf40                    Options.enable_blob_files: false
2022/02/11-15:13:57.199646 7f864adfbf40                        Options.min_blob_size: 0
2022/02/11-15:13:57.199647 7f864adfbf40                       Options.blob_file_size: 268435456
2022/02/11-15:13:57.199648 7f864adfbf40                Options.blob_compression_type: NoCompression
2022/02/11-15:13:57.199650 7f864adfbf40       Options.enable_blob_garbage_collection: false
2022/02/11-15:13:57.199651 7f864adfbf40   Options.blob_garbage_collection_age_cutoff: 0.250000
2022/02/11-15:13:57.199682 7f864adfbf40 [db/column_family.cc:596] --------------- Options for column family [owner_index]:
2022/02/11-15:13:57.199684 7f864adfbf40               Options.comparator: leveldb.BytewiseComparator
2022/02/11-15:13:57.199685 7f864adfbf40           Options.merge_operator: None
2022/02/11-15:13:57.199687 7f864adfbf40        Options.compaction_filter: None
2022/02/11-15:13:57.199688 7f864adfbf40        Options.compaction_filter_factory: None
2022/02/11-15:13:57.199690 7f864adfbf40  Options.sst_partitioner_factory: None
2022/02/11-15:13:57.199691 7f864adfbf40         Options.memtable_factory: SkipListFactory
2022/02/11-15:13:57.199692 7f864adfbf40            Options.table_factory: BlockBasedTable
2022/02/11-15:13:57.199772 7f864adfbf40            table_factory options:   flush_block_policy_factory: FlushBlockBySizePolicyFactory (0x55a24ac78fc0)
  cache_index_and_filter_blocks: 0
  cache_index_and_filter_blocks_with_high_priority: 1
  pin_l0_filter_and_index_blocks_in_cache: 0
  pin_top_level_index_and_filter: 1
  index_type: 0
  data_block_index_type: 0
  index_shortening: 1
  data_block_hash_table_util_ratio: 0.750000
  hash_index_allow_collision: 1
  checksum: 1
  no_block_cache: 0
  block_cache: 0x55a24ad4fb00
  block_cache_name: LRUCache
  block_cache_options:
    capacity : 8388608
    num_shard_bits : 4
    strict_capacity_limit : 0
    memory_allocator : None
    high_pri_pool_ratio: 0.000
  block_cache_compressed: (nil)
  persistent_cache: (nil)
  block_size: 4096
  block_size_deviation: 10
  block_restart_interval: 16
  index_block_restart_interval: 1
  metadata_block_size: 4096
  partition_filters: 0
  use_delta_encoding: 1
  filter_policy: nullptr
  whole_key_filtering: 1
  verify_compression: 0
  read_amp_bytes_per_bit: 0
  format_version: 5
  enable_index_compression: 1
  block_align: 0
2022/02/11-15:13:57.199789 7f864adfbf40        Options.write_buffer_size: 67108864
2022/02/11-15:13:57.199791 7f864adfbf40  Options.max_write_buffer_number: 2
2022/02/11-15:13:57.199792 7f864adfbf40          Options.compression: Snappy
2022/02/11-15:13:57.199794 7f864adfbf40                  Options.bottommost_compression: Disabled
2022/02/11-15:13:57.199795 7f864adfbf40       Options.prefix_extractor: nullptr
2022/02/11-15:13:57.199796 7f864adfbf40   Options.memtable_insert_with_hint_prefix_extractor: nullptr
2022/02/11-15:13:57.199797 7f864adfbf40             Options.num_levels: 7
2022/02/11-15:13:57.199799 7f864adfbf40        Options.min_write_buffer_number_to_merge: 1
2022/02/11-15:13:57.199800 7f864adfbf40     Options.max_write_buffer_number_to_maintain: 0
2022/02/11-15:13:57.199801 7f864adfbf40     Options.max_write_buffer_size_to_maintain: 0
2022/02/11-15:13:57.199803 7f864adfbf40            Options.bottommost_compression_opts.window_bits: -14
2022/02/11-15:13:57.199804 7f864adfbf40                  Options.bottommost_compression_opts.level: 32767
2022/02/11-15:13:57.199805 7f864adfbf40               Options.bottommost_compression_opts.strategy: 0
2022/02/11-15:13:57.199807 7f864adfbf40         Options.bottommost_compression_opts.max_dict_bytes: 0
2022/02/11-15:13:57.199808 7f864adfbf40         Options.bottommost_compression_opts.zstd_max_train_bytes: 0
2022/02/11-15:13:57.199809 7f864adfbf40         Options.bottommost_compression_opts.parallel_threads: 1
2022/02/11-15:13:57.199810 7f864adfbf40                  Options.bottommost_compression_opts.enabled: false
2022/02/11-15:13:57.199812 7f864adfbf40         Options.bottommost_compression_opts.max_dict_buffer_bytes: 0
2022/02/11-15:13:57.199813 7f864adfbf40            Options.compression_opts.window_bits: -14
2022/02/11-15:13:57.199814 7f864adfbf40                  Options.compression_opts.level: 32767
2022/02/11-15:13:57.199815 7f864adfbf40               Options.compression_opts.strategy: 0
2022/02/11-15:13:57.199817 7f864adfbf40         Options.compression_opts.max_dict_bytes: 0
2022/02/11-15:13:57.199818 7f864adfbf40         Options.compression_opts.zstd_max_train_bytes: 0
2022/02/11-15:13:57.199820 7f864adfbf40         Options.compression_opts.parallel_threads: 1
2022/02/11-15:13:57.199821 7f864adfbf40                  Options.compression_opts.enabled: false
2022/02/11-15:13:57.199822 7f864adfbf40         Options.compression_opts.max_dict_buffer_bytes: 0
2022/02/11-15:13:57.199823 7f864adfbf40      Options.level0_file_num_compaction_trigger: 4
2022/02/11-15:13:57.199825 7f864adfbf40          Options.level0_slowdown_writes_trigger: 20
2022/02/11-15:13:57.199826 7f864adfbf40              Options.level0_stop_writes_trigger: 36
2022/02/11-15:13:57.199827 7f864adfbf40                   Options.target_file_size_base: 67108864
2022/02/11-15:13:57.199829 7f864adfbf40             Options.target_file_size_multiplier: 1
2022/02/11-15:13:57.199830 7f864adfbf40                Options.max_bytes_for_level_base: 268435456
2022/02/11-15:13:57.199831 7f864adfbf40 Options.level_compaction_dynamic_level_bytes: 0
2022/02/11-15:13:57.199840 7f864adfbf40          Options.max_bytes_for_level_multiplier: 10.000000
2022/02/11-15:13:57.199843 7f864adfbf40 Options.max_bytes_for_level_multiplier_addtl[0]: 1
2022/02/11-15:13:57.199844 7f864adfbf40 Options.max_bytes_for_level_multiplier_addtl[1]: 1
2022/02/11-15:13:57.199846 7f864adfbf40 Options.max_bytes_for_level_multiplier_addtl[2]: 1
2022/02/11-15:13:57.199847 7f864adfbf40 Options.max_bytes_for_level_multiplier_addtl[3]: 1
2022/02/11-15:13:57.199849 7f864adfbf40 Options.max_bytes_for_level_multiplier_addtl[4]: 1
2022/02/11-15:13:57.199850 7f864adfbf40 Options.max_bytes_for_level_multiplier_addtl[5]: 1
2022/02/11-15:13:57.199851 7f864adfbf40 Options.max_bytes_for_level_multiplier_addtl[6]: 1
2022/02/11-15:13:57.199852 7f864adfbf40       Options.max_sequential_skip_in_iterations: 8
2022/02/11-15:13:57.199854 7f864adfbf40                    Options.max_compaction_bytes: 1677721600
2022/02/11-15:13:57.199855 7f864adfbf40                        Options.arena_block_size: 8388608
2022/02/11-15:13:57.199856 7f864adfbf40   Options.soft_pending_compaction_bytes_limit: 68719476736
2022/02/11-15:13:57.199858 7f864adfbf40   Options.hard_pending_compaction_bytes_limit: 274877906944
2022/02/11-15:13:57.199859 7f864adfbf40       Options.rate_limit_delay_max_milliseconds: 100
2022/02/11-15:13:57.199860 7f864adfbf40                Options.disable_auto_compactions: 0
2022/02/11-15:13:57.199862 7f864adfbf40                        Options.compaction_style: kCompactionStyleLevel
2022/02/11-15:13:57.199864 7f864adfbf40                          Options.compaction_pri: kMinOverlappingRatio
2022/02/11-15:13:57.199865 7f864adfbf40 Options.compaction_options_universal.size_ratio: 1
2022/02/11-15:13:57.199866 7f864adfbf40 Options.compaction_options_universal.min_merge_width: 2
2022/02/11-15:13:57.199868 7f864adfbf40 Options.compaction_options_universal.max_merge_width: 4294967295
2022/02/11-15:13:57.199869 7f864adfbf40 Options.compaction_options_universal.max_size_amplification_percent: 200
2022/02/11-15:13:57.199870 7f864adfbf40 Options.compaction_options_universal.compression_size_percent: -1
2022/02/11-15:13:57.199872 7f864adfbf40 Options.compaction_options_universal.stop_style: kCompactionStopStyleTotalSize
2022/02/11-15:13:57.199873 7f864adfbf40 Options.compaction_options_fifo.max_table_files_size: 1073741824
2022/02/11-15:13:57.199874 7f864adfbf40 Options.compaction_options_fifo.allow_compaction: 0
2022/02/11-15:13:57.199878 7f864adfbf40                   Options.table_properties_collectors: 
2022/02/11-15:13:57.199880 7f864adfbf40                   Options.inplace_update_support: 0
2022/02/11-15:13:57.199881 7f864adfbf40                 Options.inplace_update_num_locks: 10000
2022/02/11-15:13:57.199882 7f864adfbf40               Options.memtable_prefix_bloom_size_ratio: 0.000000
2022/02/11-15:13:57.199884 7f864adfbf40               Options.memtable_whole_key_filtering: 0
2022/02/11-15:13:57.199885 7f864adfbf40   Options.memtable_huge_page_size: 0
2022/02/11-15:13:57.199886 7f864adfbf40                           Options.bloom_locality: 0
2022/02/11-15:13:57.199888 7f864adfbf40                    Options.max_successive_merges: 0
2022/02/11-15:13:57.199889 7f864adfbf40                Options.optimize_filters_for_hits: 0
2022/02/11-15:13:57.199890 7f864adfbf40                Options.paranoid_file_checks: 0
2022/02/11-15:13:57.199891 7f864adfbf40                Options.force_consistency_checks: 1
2022/02/11-15:13:57.199893 7f864adfbf40                Options.report_bg_io_stats: 0
2022/02/11-15:13:57.199894 7f864adfbf40                               Options.ttl: 2592000
2022/02/11-15:13:57.199895 7f864adfbf40          Options.periodic_compaction_seconds: 0
2022/02/11-15:13:57.199896 7f864adfbf40                    Options.enable_blob_files: false
2022/02/11-15:13:57.199898 7f864adfbf40                        Options.min_blob_size: 0
2022/02/11-15:13:57.199899 7f864adfbf40                       Options.blob_file_size: 268435456
2022/02/11-15:13:57.199900 7f864adfbf40                Options.blob_compression_type: NoCompression
2022/02/11-15:13:57.199909 7f864adfbf40       Options.enable_blob_garbage_collection: false
2022/02/11-15:13:57.199910 7f864adfbf40   Options.blob_garbage_collection_age_cutoff: 0.250000
2022/02/11-15:13:57.199962 7f864adfbf40 [db/column_family.cc:596] --------------- Options for column family [order_lock]:
2022/02/11-15:13:57.199964 7f864adfbf40               Options.comparator: leveldb.BytewiseComparator
2022/02/11-15:13:57.199965 7f864adfbf40           Options.merge_operator: None
2022/02/11-15:13:57.199967 7f864adfbf40        Options.compaction_filter: None
2022/02/11-15:13:57.199968 7f864adfbf40        Options.compaction_filter_factory: None
2022/02/11-15:13:57.199969 7f864adfbf40  Options.sst_partitioner_factory: None
2022/02/11-15:13:57.199970 7f864adfbf40         Options.memtable_factory: SkipListFactory
2022/02/11-15:13:57.199972 7f864adfbf40            Options.table_factory: BlockBasedTable
2022/02/11-15:13:57.200003 7f864adfbf40            table_factory options:   flush_block_policy_factory: FlushBlockBySizePolicyFactory (0x55a249b604a0)
  cache_index_and_filter_blocks: 0
  cache_index_and_filter_blocks_with_high_priority: 1
  pin_l0_filter_and_index_blocks_in_cache: 0
  pin_top_level_index_and_filter: 1
  index_type: 0
  data_block_index_type: 0
  index_shortening: 1
  data_block_hash_table_util_ratio: 0.750000
  hash_index_allow_collision: 1
  checksum: 1
  no_block_cache: 0
  block_cache: 0x55a24ac89350
  block_cache_name: LRUCache
  block_cache_options:
    capacity : 8388608
    num_shard_bits : 4
    strict_capacity_limit : 0
    memory_allocator : None
    high_pri_pool_ratio: 0.000
  block_cache_compressed: (nil)
  persistent_cache: (nil)
  block_size: 4096
  block_size_deviation: 10
  block_restart_interval: 16
  index_block_restart_interval: 1
  metadata_block_size: 4096
  partition_filters: 0
  use_delta_encoding: 1
  filter_policy: nullptr
  whole_key_filtering: 1
  verify_compression: 0
  read_amp_bytes_per_bit: 0
  format_version: 5
  enable_index_compression: 1
  block_align: 0
2022/02/11-15:13:57.200005 7f864adfbf40        Options.write_buffer_size: 67108864
2022/02/11-15:13:57.200007 7f864adfbf40  Options.max_write_buffer_number: 2
2022/02/11-15:13:57.200008 7f864adfbf40          Options.compression: Snappy
2022/02/11-15:13:57.200010 7f864adfbf40                  Options.bottommost_compression: Disabled
2022/02/11-15:13:57.200011 7f864adfbf40       Options.prefix_extractor: nullptr
2022/02/11-15:13:57.200012 7f864adfbf40   Options.memtable_insert_with_hint_prefix_extractor: nullptr
2022/02/11-15:13:57.200013 7f864adfbf40             Options.num_levels: 7
2022/02/11-15:13:57.200015 7f864adfbf40        Options.min_write_buffer_number_to_merge: 1
2022/02/11-15:13:57.200016 7f864adfbf40     Options.max_write_buffer_number_to_maintain: 0
2022/02/11-15:13:57.200017 7f864adfbf40     Options.max_write_buffer_size_to_maintain: 0
